Solyc04g077420.4	20155
Gene	P-Value	Binary
Solyc01g098190.3	7.187625783451211e-06	0
Solyc01g068030.3	1.2321644200202076e-05	0
Solyc02g064950.3	1.2321644200202076e-05	0
Solyc03g116800.5	1.2321644200202076e-05	0
Solyc01g008190.5	1.9509269983653285e-05	0
Solyc10g007120.4	1.9509269983653285e-05	0
Solyc02g067360.3	6.571543573441107e-05	0
Solyc06g071670.1	6.571543573441107e-05	0
Solyc11g072870.1	7.519085374007345e-05	0
Solyc04g054533.1	8.94893313656089e-05	0
Solyc03g007820.3	9.241233150151556e-05	0
Solyc02g088450.4	9.241233150151556e-05	0
Solyc03g124040.3	9.241233150151556e-05	0
Solyc08g068200.5	9.241233150151556e-05	0
Solyc09g083220.3	9.241233150151556e-05	0
Solyc01g034070.2	0.00011850510865941071	0
Solyc04g079140.3	0.00012835046041877163	0
Solyc07g150116.1	0.00012835046041877163	0
Solyc12g009820.2	0.00012835046041877163	0
Solyc02g085540.1	0.00017352982248617925	0
Solyc05g010080.3	0.00017352982248617925	0
Solyc08g067070.3	0.00017352982248617925	0
Solyc07g048090.2	0.00017352982248617925	0
Solyc10g011700.4	0.00017352982248617925	0
Solyc10g049360.2	0.00017352982248617925	0
Solyc01g096700.4	0.00023308443612048927	0
Solyc02g093140.4	0.00023308443612048927	0
Solyc04g009970.4	0.00023308443612048927	0
Solyc04g076470.1	0.00023308443612048927	0
Solyc07g066370.3	0.00023308443612048927	0
Solyc09g075190.3	0.00023308443612048927	0
Solyc09g083310.3	0.0002836289474561687	0
Solyc02g076990.3	0.00030267922744966135	0
Solyc01g090940.3	0.00030598749763835156	0
Solyc02g014110.1	0.00030598749763835156	0
Solyc01g007750.3	0.00030598749763835156	0
Solyc03g071720.5	0.00030598749763835156	0
Solyc04g082745.1	0.00030598749763835156	0
Solyc03g116660.3	0.00030598749763835156	0
Solyc04g049390.3	0.00030598749763835156	0
Solyc09g008470.5	0.00030598749763835156	0
Solyc07g054190.4	0.00030598749763835156	0
Solyc10g006210.3	0.00030598749763835156	0
Solyc12g077390.3	0.00031630052504964833	0
Solyc02g077000.3	0.00033062894460867624	0
Solyc06g016760.3	0.0003627052060176354	0
Solyc04g080330.3	0.00039711470669108933	0
Solyc02g076950.2	0.00039839982913986713	0
Solyc02g083660.1	0.00039839982913986713	0
Solyc04g081340.3	0.00039839982913986713	0
Solyc09g015180.4	0.00039839982913986713	0
Solyc06g064550.3	0.00039839982913986713	0
Solyc12g056300.3	0.00039839982913986713	0
Solyc01g098070.1	0.00048519764078587703	0
Solyc01g094540.4	0.0005113482343083862	0
Solyc03g026120.3	0.0005113482343083862	0
Solyc04g011630.1	0.0005113482343083862	0
Solyc06g008860.3	0.0005113482343083862	0
Solyc05g013490.4	0.0005113482343083862	0
Solyc07g038190.3	0.0005113482343083862	0
Solyc07g150140.1	0.0005113482343083862	0
Solyc07g007110.4	0.0005113482343083862	0
Solyc06g051520.3	0.0005113482343083862	0
Solyc11g069990.2	0.0005407675263772907	0
Solyc01g104280.2	0.0006509935352440097	0
Solyc03g007590.4	0.0006509935352440097	0
Solyc01g099240.5	0.0006509935352440097	0
Solyc01g073680.5	0.0006509935352440097	0
Solyc04g082740.4	0.0006509935352440097	0
Solyc07g005945.1	0.0006509935352440097	0
Solyc09g063140.4	0.0006509935352440097	0
Solyc08g008010.4	0.0006509935352440097	0
Solyc09g007470.3	0.0006509935352440097	0
Solyc11g008980.1	0.0006509935352440097	0
Solyc12g013870.3	0.0006509935352440097	0
Solyc03g093930.5	0.0006524830145698017	0
Solyc11g040140.2	0.0006610854175439122	0
Solyc09g005770.1	0.0006687912304585001	0
Solyc02g085937.2	0.0008183625356300879	0
Solyc01g056340.4	0.0008183625356300879	0
Solyc02g078860.3	0.0008183625356300879	0
Solyc02g070940.1	0.0008183625356300879	0
Solyc03g119460.4	0.0008183625356300879	0
Solyc03g119930.1	0.0008183625356300879	0
Solyc04g015030.5	0.0008183625356300879	0
Solyc04g074850.3	0.0008183625356300879	0
Solyc04g080390.5	0.0008183625356300879	0
Solyc07g005475.1	0.0008183625356300879	0
Solyc09g009680.2	0.0008183625356300879	0
Solyc09g063130.3	0.0008183625356300879	0
Solyc06g068930.2	0.0008238619531060975	0
Solyc01g089900.4	0.0010022174671809672	0
Solyc06g033920.1	0.0010082815452909422	0
Solyc03g005640.1	0.0010144838284480368	0
Solyc01g080110.3	0.0010226964686167724	0
Solyc02g068060.3	0.0010226964686167724	0
Solyc06g008340.5	0.0010226964686167724	0
Solyc03g121020.3	0.0010226964686167724	0
Solyc06g036300.4	0.0010226964686167724	0
Solyc03g119150.5	0.0010226964686167724	0
Solyc06g050590.3	0.0010226964686167724	0
Solyc08g079010.1	0.0010226964686167724	0
Solyc11g039840.2	0.0010226964686167724	0
Solyc10g011770.4	0.0010226964686167724	0
Solyc10g049580.2	0.0010226964686167724	0
Solyc11g011230.3	0.0010226964686167724	0
Solyc10g050850.2	0.0010226964686167724	0
Solyc01g162630.1	0.0010874424423307342	0
Solyc04g009380.3	0.0011644283920813822	0
Solyc12g055770.1	0.001234418488650364	0
Solyc00g500302.1	0.001263995334204063	0
Solyc04g017710.3	0.001263995334204063	0
Solyc04g081990.3	0.001263995334204063	0
Solyc03g112320.4	0.001263995334204063	0
Solyc06g065510.5	0.001263995334204063	0
Solyc08g077460.3	0.001263995334204063	0
Solyc06g071140.3	0.001263995334204063	0
Solyc08g068730.1	0.001263995334204063	0
Solyc09g075580.1	0.001263995334204063	0
Solyc10g006190.4	0.001263995334204063	0
Solyc12g014220.3	0.001263995334204063	0
Solyc11g020910.3	0.001263995334204063	0
Solyc10g083200.2	0.001263995334204063	0
Solyc11g069460.2	0.001263995334204063	0
Solyc11g063573.1	0.001263995334204063	0
Solyc05g013370.1	0.0013506118238186915	0
Solyc01g022750.3	0.0015535539729088117	0
Solyc01g010640.3	0.0015535539729088117	0
Solyc01g105050.3	0.0015535539729088117	0
Solyc02g086730.3	0.0015535539729088117	0
Solyc03g019660.5	0.0015535539729088117	0
Solyc01g101160.2	0.0015535539729088117	0
Solyc01g107340.5	0.0015535539729088117	0
Solyc01g107640.3	0.0015535539729088117	0
Solyc03g063140.5	0.0015535539729088117	0
Solyc05g005740.3	0.0015535539729088117	0
Solyc06g073040.2	0.0015535539729088117	0
Solyc09g065690.4	0.0015535539729088117	0
Solyc08g062370.4	0.0015535539729088117	0
Solyc07g064980.3	0.0015535539729088117	0
Solyc12g010550.1	0.0015535539729088117	0
Solyc09g075750.1	0.0015535539729088117	0
Solyc12g056130.2	0.0015535539729088117	0
Solyc11g056680.1	0.0015535539729088117	0
Solyc02g081250.3	0.0015617402933608402	0
Solyc08g075510.5	0.001563925875842626	0
Solyc10g080520.3	0.001563925875842626	0
Solyc00g160660.1	0.0016122430055728997	0
Solyc00g160690.1	0.0016122430055728997	0
Solyc04g040115.1	0.0016122430055728997	0
Solyc04g160760.1	0.0016122430055728997	0
Solyc04g055220.2	0.0016122430055728997	0
Solyc04g161730.1	0.0016122430055728997	0
Solyc07g056613.1	0.0016122430055728997	0
Solyc07g160650.1	0.0016122430055728997	0
Solyc07g161570.1	0.0016122430055728997	0
Solyc07g063790.1	0.0016122430055728997	0
Solyc06g070910.4	0.0016122430055728997	0
Solyc06g160210.1	0.0016122430055728997	0
Solyc06g075880.1	0.0016122430055728997	0
Solyc10g044565.1	0.0016122430055728997	0
Solyc09g161430.1	0.0016122430055728997	0
Solyc11g044660.1	0.0016122430055728997	0
Solyc10g019140.1	0.0016122430055728997	0
Solyc12g160840.1	0.0016122430055728997	0
Solyc12g162540.1	0.0016122430055728997	0
Solyc08g067930.5	0.0017784778804287703	0
Solyc03g005590.2	0.0017870091702120725	0
Solyc09g082950.2	0.0018078840667006017	0
Solyc03g020060.3	0.0018934259920977189	0
Solyc02g069880.4	0.0018934259920977189	0
Solyc03g083430.3	0.0018934259920977189	0
Solyc01g102830.3	0.0018934259920977189	0
Solyc05g018630.1	0.0018934259920977189	0
Solyc07g017260.2	0.0018934259920977189	0
Solyc07g054110.2	0.0018934259920977189	0
Solyc11g040085.1	0.0018934259920977189	0
Solyc10g081605.1	0.0018934259920977189	0
Solyc10g037890.3	0.0018934259920977189	0
Solyc02g092830.4	0.0020863864055914866	0
Solyc02g033050.3	0.0021211871161358623	0
Solyc02g080420.4	0.0022949062322876364	0
Solyc02g014115.1	0.0022949062322876364	0
Solyc03g006545.1	0.0022949062322876364	0
Solyc02g094200.3	0.0022949062322876364	0
Solyc02g090840.3	0.0022949062322876364	0
Solyc02g031900.3	0.0022949062322876364	0
Solyc03g093230.4	0.0022949062322876364	0
Solyc03g115680.4	0.0022949062322876364	0
Solyc04g078480.3	0.0022949062322876364	0
Solyc03g078350.3	0.0022949062322876364	0
Solyc04g054410.3	0.0022949062322876364	0
Solyc05g054530.1	0.0022949062322876364	0
Solyc03g097400.1	0.0022949062322876364	0
Solyc05g007840.4	0.0022949062322876364	0
Solyc03g118800.3	0.0022949062322876364	0
Solyc08g006890.3	0.0022949062322876364	0
Solyc06g083350.3	0.0022949062322876364	0
Solyc06g076120.3	0.0022949062322876364	0
Solyc09g065900.3	0.0022949062322876364	0
Solyc10g008390.3	0.0022949062322876364	0
Solyc09g013070.3	0.0022949062322876364	0
Solyc09g014520.3	0.0022949062322876364	0
Solyc12g026400.2	0.0022949062322876364	0
Solyc11g067050.4	0.0022949062322876364	0
Solyc11g020730.1	0.0022949062322876364	0
Solyc05g052420.3	0.0023509516032749803	0
Solyc02g160340.1	0.00239597498780652	0
Solyc01g068360.4	0.002403751963810152	0
Solyc01g081640.4	0.0025768328279152162	0
Solyc02g093490.3	0.002761075104528615	0
Solyc02g067310.4	0.002761075104528615	0
Solyc01g091800.3	0.002761075104528615	0
Solyc02g078540.4	0.002761075104528615	0
Solyc03g025990.1	0.002761075104528615	0
Solyc01g079640.5	0.002761075104528615	0
Solyc01g008200.3	0.002761075104528615	0
Solyc03g115870.3	0.002761075104528615	0
Solyc03g078783.1	0.002761075104528615	0
Solyc04g079550.4	0.002761075104528615	0
Solyc06g060170.3	0.002761075104528615	0
Solyc07g066610.3	0.002761075104528615	0
Solyc07g044860.3	0.002761075104528615	0
Solyc09g010950.3	0.002761075104528615	0
Solyc09g065240.3	0.002761075104528615	0
Solyc09g065300.4	0.002761075104528615	0
Solyc11g007530.2	0.002761075104528615	0
Solyc12g043060.1	0.002761075104528615	0
Solyc12g088340.2	0.002761075104528615	0
Solyc11g067230.2	0.002761075104528615	0
Solyc10g024495.1	0.002761075104528615	0
Solyc11g027830.2	0.002761075104528615	0
Solyc01g105040.3	0.002764752830484747	0
Solyc03g062660.5	0.002764752830484747	0
Solyc04g079570.1	0.002764752830484747	0
Solyc09g005870.1	0.002764752830484747	0
Solyc08g067210.3	0.0029632402957679026	0
Solyc05g046120.3	0.003164902263562554	0
Solyc07g041330.3	0.0031726984767255894	0
Solyc11g067200.2	0.003174649320667169	0
Solyc02g094150.4	0.003307334664070907	0
Solyc03g007330.3	0.003307334664070907	0
Solyc02g076945.2	0.003307334664070907	0
Solyc02g031850.1	0.003307334664070907	0
Solyc02g064700.3	0.003307334664070907	0
Solyc03g119300.4	0.003307334664070907	0
Solyc01g102740.3	0.003307334664070907	0
Solyc04g008100.3	0.003307334664070907	0
Solyc03g118240.5	0.003307334664070907	0
Solyc04g049840.4	0.003307334664070907	0
Solyc03g123920.3	0.003307334664070907	0
Solyc04g076360.4	0.003307334664070907	0
Solyc06g053350.3	0.003307334664070907	0
Solyc08g013820.3	0.003307334664070907	0
Solyc07g047750.3	0.003307334664070907	0
Solyc07g047823.1	0.003307334664070907	0
Solyc09g082580.5	0.003307334664070907	0
Solyc11g011010.1	0.003307334664070907	0
Solyc11g062240.2	0.003307334664070907	0
Solyc07g054960.2	0.0033976246604410544	0
Solyc08g029360.4	0.0035184705928499064	0
Solyc12g011420.2	0.003617486984036484	0
Solyc11g042710.3	0.003619657472374236	0
Solyc12g098900.2	0.0036370489017390046	0
Solyc03g025380.3	0.0036392262710100575	0
Solyc05g006530.4	0.0036392262710100575	0
Solyc12g006505.2	0.0036392262710100575	0
Solyc11g069230.3	0.0036392262710100575	0
Solyc06g008560.2	0.0038893838775665153	0
Solyc12g098770.2	0.003890595620885823	0
Solyc07g054680.3	0.003893980240159748	0
Solyc01g108070.4	0.0039357385182812125	0
Solyc02g085590.5	0.0039357385182812125	0
Solyc02g069160.3	0.0039357385182812125	0
Solyc01g105270.4	0.0039357385182812125	0
Solyc01g011220.3	0.0039357385182812125	0
Solyc02g078030.3	0.0039357385182812125	0
Solyc03g026110.4	0.0039357385182812125	0
Solyc04g064720.3	0.0039357385182812125	0
Solyc03g077910.4	0.0039357385182812125	0
Solyc04g011640.4	0.0039357385182812125	0
Solyc04g007120.4	0.0039357385182812125	0
Solyc04g057860.3	0.0039357385182812125	0
Solyc03g123840.4	0.0039357385182812125	0
Solyc04g080730.3	0.0039357385182812125	0
Solyc05g008590.4	0.0039357385182812125	0
Solyc06g054260.1	0.0039357385182812125	0
Solyc07g049563.1	0.0039357385182812125	0
Solyc08g079250.4	0.0039357385182812125	0
Solyc06g048480.3	0.0039357385182812125	0
Solyc07g042080.4	0.0039357385182812125	0
Solyc07g150146.1	0.0039357385182812125	0
Solyc09g015930.3	0.0039357385182812125	0
Solyc07g018210.3	0.0039357385182812125	0
Solyc07g018350.2	0.0039357385182812125	0
Solyc06g063230.3	0.0039357385182812125	0
Solyc09g010300.3	0.0039357385182812125	0
Solyc09g010660.3	0.0039357385182812125	0
Solyc08g068710.1	0.0039357385182812125	0
Solyc10g044640.3	0.0039357385182812125	0
Solyc11g071540.2	0.0039357385182812125	0
Solyc11g065320.2	0.0039357385182812125	0
Solyc09g075390.4	0.0039357385182812125	0
Solyc11g073265.1	0.0039357385182812125	0
Solyc11g012290.2	0.0039357385182812125	0
Solyc03g093340.4	0.004158559253143124	0
Solyc01g100190.4	0.004164830223107954	0
Solyc06g005380.3	0.004164830223107954	0
Solyc03g150142.1	0.004164830223107954	0
Solyc08g061800.3	0.004164830223107954	0
Solyc11g021040.3	0.004254046997271219	0
Solyc06g051360.3	0.0044526635119149826	0
Solyc10g083395.1	0.004610227618258582	0
Solyc11g067250.4	0.00462997133048865	0
Solyc04g150170.1	0.004655486091130182	0
Solyc01g090670.3	0.004663742329776485	0
Solyc02g072190.5	0.004663742329776485	0
Solyc00g500349.1	0.004663742329776485	0
Solyc03g006970.1	0.004663742329776485	0
Solyc02g077090.5	0.004663742329776485	0
Solyc01g109230.3	0.004663742329776485	0
Solyc02g081980.3	0.004663742329776485	0
Solyc01g067680.3	0.004663742329776485	0
Solyc01g010750.4	0.004663742329776485	0
Solyc02g087000.4	0.004663742329776485	0
Solyc01g057020.3	0.004663742329776485	0
Solyc01g088050.3	0.004663742329776485	0
Solyc01g110680.4	0.004663742329776485	0
Solyc00g500186.1	0.004663742329776485	0
Solyc02g071200.4	0.004663742329776485	0
Solyc03g071590.3	0.004663742329776485	0
Solyc05g016440.3	0.004663742329776485	0
Solyc05g048810.5	0.004663742329776485	0
Solyc06g010060.1	0.004663742329776485	0
Solyc06g076770.3	0.004663742329776485	0
Solyc07g006520.3	0.004663742329776485	0
Solyc09g064450.3	0.004663742329776485	0
Solyc08g077200.4	0.004663742329776485	0
Solyc09g064800.3	0.004663742329776485	0
Solyc08g014060.4	0.004663742329776485	0
Solyc09g008040.3	0.004663742329776485	0
Solyc08g083310.3	0.004663742329776485	0
Solyc11g013280.1	0.004663742329776485	0
Solyc10g084640.1	0.004663742329776485	0
Solyc12g006550.2	0.004663742329776485	0
Solyc11g011770.3	0.004663742329776485	0
Solyc07g052750.1	0.004707330390595829	0
Solyc05g015160.3	0.004744431451745401	0
Solyc11g007300.2	0.004744431451745401	0
Solyc01g005730.3	0.004758407257316067	0
Solyc07g062420.1	0.004790945515145548	0
Solyc09g075330.5	0.005077349867510494	0
Solyc02g083350.4	0.005083029666763988	0
Solyc04g011480.3	0.005133540368628834	0
Solyc03g121230.3	0.005162868300566111	0
Solyc12g013750.2	0.005286288172523712	0
Solyc12g042620.1	0.0053018588230436614	0
Solyc02g023950.3	0.005427541200773448	0
Solyc07g005480.3	0.005427541200773448	0
Solyc10g007070.4	0.005427541200773448	0
Solyc08g028700.2	0.0054536721483085795	0
Solyc00g500250.1	0.005496480116973475	0
Solyc02g093460.4	0.005496480116973475	0
Solyc01g009390.4	0.005496480116973475	0
Solyc01g099645.2	0.005496480116973475	0
Solyc01g012700.4	0.005496480116973475	0
Solyc01g006010.3	0.005496480116973475	0
Solyc01g088100.4	0.005496480116973475	0
Solyc03g005420.2	0.005496480116973475	0
Solyc04g009500.4	0.005496480116973475	0
Solyc04g071500.5	0.005496480116973475	0
Solyc04g077950.2	0.005496480116973475	0
Solyc04g025180.4	0.005496480116973475	0
Solyc03g121260.3	0.005496480116973475	0
Solyc05g012370.3	0.005496480116973475	0
Solyc05g023820.4	0.005496480116973475	0
Solyc03g097460.3	0.005496480116973475	0
Solyc06g005910.5	0.005496480116973475	0
Solyc05g008450.3	0.005496480116973475	0
Solyc05g008830.3	0.005496480116973475	0
Solyc07g049565.1	0.005496480116973475	0
Solyc05g009080.5	0.005496480116973475	0
Solyc09g015190.2	0.005496480116973475	0
Solyc07g018220.3	0.005496480116973475	0
Solyc08g007640.1	0.005496480116973475	0
Solyc09g063010.5	0.005496480116973475	0
Solyc08g013880.4	0.005496480116973475	0
Solyc09g011300.3	0.005496480116973475	0
Solyc10g078480.2	0.005496480116973475	0
Solyc11g008210.3	0.005496480116973475	0
Solyc12g044450.2	0.005496480116973475	0
Solyc10g080810.2	0.005496480116973475	0
Solyc10g086530.1	0.005496480116973475	0
Solyc11g068450.2	0.005496480116973475	0
Solyc10g081320.1	0.005496480116973475	0
Solyc10g018900.1	0.005496480116973475	0
Solyc10g076750.2	0.005496480116973475	0
Solyc10g083150.3	0.005496480116973475	0
Solyc05g015370.3	0.005528775551052095	0
Solyc11g160580.1	0.005730425657107699	0
Solyc12g017700.2	0.005739610632010676	0
Solyc01g008710.5	0.005786442631415248	0
Solyc03g093990.4	0.0057898479824870985	0
Solyc11g005935.1	0.005792995764685168	0
Solyc04g072600.3	0.005878887487295634	0
Solyc11g006700.1	0.00617718065959237	0
Solyc00g500030.1	0.00618049189280349	0
Solyc00g500075.1	0.00618049189280349	0
Solyc05g013200.1	0.00618049189280349	0
Solyc05g055350.3	0.00618049189280349	0
Solyc07g055470.3	0.00618049189280349	0
Solyc11g160190.1	0.00618049189280349	0
Solyc11g068840.1	0.006422277898881738	0
Solyc03g006430.3	0.006452434346172486	0
Solyc01g104030.3	0.006452434346172486	0
Solyc02g086520.3	0.006452434346172486	0
Solyc01g099160.5	0.006452434346172486	0
Solyc01g086920.3	0.006452434346172486	0
Solyc02g063130.4	0.006452434346172486	0
Solyc01g095370.3	0.006452434346172486	0
Solyc03g020080.4	0.006452434346172486	0
Solyc01g110710.3	0.006452434346172486	0
Solyc01g111310.3	0.006452434346172486	0
Solyc01g007890.3	0.006452434346172486	0
Solyc03g063730.4	0.006452434346172486	0
Solyc04g051870.3	0.006452434346172486	0
Solyc05g007580.1	0.006452434346172486	0
Solyc04g015440.4	0.006452434346172486	0
Solyc08g006570.4	0.006452434346172486	0
Solyc06g082960.3	0.006452434346172486	0
Solyc07g042260.4	0.006452434346172486	0
Solyc08g007010.4	0.006452434346172486	0
Solyc06g074210.3	0.006452434346172486	0
Solyc06g063370.3	0.006452434346172486	0
Solyc06g071270.3	0.006452434346172486	0
Solyc08g078800.1	0.006452434346172486	0
Solyc12g005110.2	0.006452434346172486	0
Solyc11g008220.3	0.006452434346172486	0
Solyc09g075850.3	0.006452434346172486	0
Solyc10g007130.4	0.006452434346172486	0
Solyc12g008400.2	0.006452434346172486	0
Solyc12g042770.3	0.006452434346172486	0
Solyc06g008660.3	0.006577462484439799	0
Solyc02g067040.3	0.006584212116758126	0
Solyc06g036170.1	0.006591173921695178	0
Solyc06g074280.2	0.006591173921695178	0
Solyc12g099810.2	0.006591173921695178	0
Solyc06g074060.2	0.0066891693754027	0
Solyc03g046410.4	0.0067224346547643254	0
Solyc07g045490.3	0.006893313319838325	0
Solyc05g008130.4	0.007011605474444577	0
Solyc00g500313.1	0.0070225747234400225	0
Solyc09g010450.1	0.0070225747234400225	0
Solyc01g094780.5	0.007026233149272584	0
Solyc02g091940.3	0.007026233149272584	0
Solyc03g119320.1	0.007026233149272584	0
Solyc09g007120.4	0.007026233149272584	0
Solyc03g007730.1	0.007303096115442077	0
Solyc11g065250.1	0.007483066485484078	0
Solyc06g076900.4	0.007486908976119776	0
Solyc00g020040.1	0.007490142874071992	0
Solyc01g080760.4	0.007537765839473618	0
Solyc01g094080.4	0.007537765839473618	0
Solyc01g105020.3	0.007537765839473618	0
Solyc02g032100.4	0.007537765839473618	0
Solyc02g092040.1	0.007537765839473618	0
Solyc01g007800.3	0.007537765839473618	0
Solyc02g088570.2	0.007537765839473618	0
Solyc05g009460.3	0.007537765839473618	0
Solyc05g052300.5	0.007537765839473618	0
Solyc05g018650.4	0.007537765839473618	0
Solyc04g040170.3	0.007537765839473618	0
Solyc04g074520.1	0.007537765839473618	0
Solyc05g050720.4	0.007537765839473618	0
Solyc06g082060.3	0.007537765839473618	0
Solyc08g079310.5	0.007537765839473618	0
Solyc07g066270.5	0.007537765839473618	0
Solyc08g080370.3	0.007537765839473618	0
Solyc08g007410.5	0.007537765839473618	0
Solyc08g066900.1	0.007537765839473618	0
Solyc06g062900.4	0.007537765839473618	0
Solyc07g063200.3	0.007537765839473618	0
Solyc09g065290.4	0.007537765839473618	0
Solyc09g055920.4	0.007537765839473618	0
Solyc06g071800.4	0.007537765839473618	0
Solyc07g056020.3	0.007537765839473618	0
Solyc10g045630.2	0.007537765839473618	0
Solyc11g040173.1	0.007537765839473618	0
Solyc12g006320.3	0.007537765839473618	0
Solyc11g020710.2	0.007537765839473618	0
Solyc10g006960.3	0.007537765839473618	0
Solyc09g150143.1	0.007537765839473618	0
Solyc11g022400.1	0.007537765839473618	0
Solyc12g008520.2	0.007537765839473618	0
Solyc11g012850.2	0.007537765839473618	0
Solyc12g087930.1	0.007749567367855572	0
Solyc11g008520.3	0.007926154338626293	0
Solyc10g050880.2	0.007930176540391024	0
Solyc03g111210.4	0.007970456281117125	0
Solyc06g060910.2	0.007970456281117125	0
Solyc02g082310.2	0.007974490025358315	0
Solyc02g078550.3	0.007974490025358315	0
Solyc01g095900.4	0.007974490025358315	0
Solyc04g079480.2	0.007974490025358315	0
Solyc06g064490.2	0.007974490025358315	0
Solyc01g150154.1	0.008189280900030559	0
Solyc05g005720.4	0.008481851629275557	0
Solyc07g055720.5	0.008486082898276466	0
Solyc01g090950.4	0.008776091081593928	0
Solyc02g080955.1	0.008776091081593928	0
Solyc02g094360.3	0.008776091081593928	0
Solyc02g081150.1	0.008776091081593928	0
Solyc03g007420.3	0.008776091081593928	0
Solyc02g091840.3	0.008776091081593928	0
Solyc01g106440.3	0.008776091081593928	0
Solyc02g083610.5	0.008776091081593928	0
Solyc01g111300.4	0.008776091081593928	0
Solyc02g071030.2	0.008776091081593928	0
Solyc03g160300.1	0.008776091081593928	0
Solyc04g009453.1	0.008776091081593928	0
Solyc04g009510.4	0.008776091081593928	0
Solyc04g009720.1	0.008776091081593928	0
Solyc05g010340.3	0.008776091081593928	0
Solyc03g120620.3	0.008776091081593928	0
Solyc03g120890.3	0.008776091081593928	0
Solyc06g008510.3	0.008776091081593928	0
Solyc03g112880.1	0.008776091081593928	0
Solyc03g082380.4	0.008776091081593928	0
Solyc04g008690.3	0.008776091081593928	0
Solyc07g005050.3	0.008776091081593928	0
Solyc08g080030.4	0.008776091081593928	0
Solyc07g052680.1	0.008776091081593928	0
Solyc06g068290.1	0.008776091081593928	0
Solyc07g063190.4	0.008776091081593928	0
Solyc06g074890.1	0.008776091081593928	0
Solyc08g077050.3	0.008776091081593928	0
Solyc08g059800.3	0.008776091081593928	0
Solyc07g008270.3	0.008776091081593928	0
Solyc06g075620.3	0.008776091081593928	0
Solyc07g054850.3	0.008776091081593928	0
Solyc06g071335.1	0.008776091081593928	0
Solyc08g078020.1	0.008776091081593928	0
Solyc08g068770.3	0.008776091081593928	0
Solyc07g064940.3	0.008776091081593928	0
Solyc10g055400.1	0.008776091081593928	0
Solyc10g005590.5	0.008776091081593928	0
Solyc11g044310.2	0.008776091081593928	0
Solyc11g019930.2	0.008776091081593928	0
Solyc12g089145.1	0.008776091081593928	0
Solyc11g045250.1	0.008776091081593928	0
Solyc11g006080.2	0.008776091081593928	0
Solyc11g068500.2	0.008776091081593928	0
Solyc10g077100.1	0.008776091081593928	0
Solyc11g069210.2	0.008776091081593928	0
Solyc11g012060.2	0.008776091081593928	0
Solyc05g013970.4	0.00885088865987758	0
Solyc10g081760.3	0.00888548093057876	0
Solyc12g035430.1	0.008991439787570327	0
Solyc03g005970.5	0.009022462938494987	0
Solyc04g081100.3	0.009031336511960125	0
Solyc01g079630.3	0.009035774934087174	0
Solyc03g113740.4	0.009035774934087174	0
Solyc06g072145.1	0.009035774934087174	0
Solyc08g005980.3	0.009035774934087174	0
Solyc06g083050.3	0.009035774934087174	0
Solyc08g067040.4	0.009035774934087174	0
Solyc10g055700.2	0.009035774934087174	0
Solyc04g079870.2	0.00930684570162253	0
Solyc07g044820.1	0.009312237057501001	0
Solyc01g074040.2	0.009414392985600876	0
Solyc11g067070.1	0.009612311852483131	0
Solyc12g011120.4	0.009806742257791871	0
Solyc03g005630.3	0.009820764828209977	0
Solyc09g009105.1	0.010039307380786424	0
Solyc03g006210.2	0.010167874429344305	0
Solyc02g085370.4	0.010171517287266812	0
Solyc01g091920.2	0.010171517287266812	0
Solyc03g007400.2	0.010171517287266812	0
Solyc03g007540.3	0.010171517287266812	0
Solyc01g110770.2	0.010171517287266812	0
Solyc01g088490.3	0.010171517287266812	0
Solyc00g500170.1	0.010171517287266812	0
Solyc00g500228.1	0.010171517287266812	0
Solyc02g084360.3	0.010171517287266812	0
Solyc01g008270.3	0.010171517287266812	0
Solyc03g093240.5	0.010171517287266812	0
Solyc05g052100.3	0.010171517287266812	0
Solyc04g077620.1	0.010171517287266812	0
Solyc05g009980.4	0.010171517287266812	0
Solyc04g078380.3	0.010171517287266812	0
Solyc04g010190.1	0.010171517287266812	0
Solyc06g008610.3	0.010171517287266812	0
Solyc04g007280.3	0.010171517287266812	0
Solyc04g007560.3	0.010171517287266812	0
Solyc05g023725.1	0.010171517287266812	0
Solyc05g007300.3	0.010171517287266812	0
Solyc05g007570.4	0.010171517287266812	0
Solyc04g074920.2	0.010171517287266812	0
Solyc03g097550.3	0.010171517287266812	0
Solyc03g083030.3	0.010171517287266812	0
Solyc03g114240.5	0.010171517287266812	0
Solyc03g119130.3	0.010171517287266812	0
Solyc08g062760.1	0.010171517287266812	0
Solyc08g065140.1	0.010171517287266812	0
Solyc07g006030.4	0.010171517287266812	0
Solyc06g060730.3	0.010171517287266812	0
Solyc07g066640.3	0.010171517287266812	0
Solyc09g009120.4	0.010171517287266812	0
Solyc07g006960.3	0.010171517287266812	0
Solyc09g018760.2	0.010171517287266812	0
Solyc07g007690.4	0.010171517287266812	0
Solyc06g069440.3	0.010171517287266812	0
Solyc08g076950.3	0.010171517287266812	0
Solyc08g077030.5	0.010171517287266812	0
Solyc06g064440.3	0.010171517287266812	0
Solyc06g076230.1	0.010171517287266812	0
Solyc08g005655.1	0.010171517287266812	0
Solyc08g014480.4	0.010171517287266812	0
Solyc07g064890.1	0.010171517287266812	0
Solyc08g083080.3	0.010171517287266812	0
Solyc09g074460.3	0.010171517287266812	0
Solyc12g042900.2	0.010171517287266812	0
Solyc11g044940.1	0.010171517287266812	0
Solyc11g010390.1	0.010171517287266812	0
Solyc10g050210.3	0.010171517287266812	0
Solyc12g095820.3	0.010171517287266812	0
Solyc12g007285.1	0.010171517287266812	0
Solyc10g051110.1	0.010171517287266812	0
Solyc10g007690.3	0.010171517287266812	0
Solyc12g017540.2	0.010171517287266812	0
Solyc12g057020.2	0.010171517287266812	0
Solyc12g098350.1	0.010171517287266812	0
Solyc10g046920.1	0.010177600215000974	0
Solyc02g067605.1	0.010221422136595833	0
Solyc06g068570.5	0.010221422136595833	0
Solyc11g013180.2	0.010221422136595833	0
Solyc10g081860.1	0.010221422136595833	0
Solyc10g083540.3	0.010544890768504003	0
Solyc06g050375.1	0.010727338097636043	0
Solyc12g036673.3	0.010762814282797786	0
Solyc01g073670.3	0.010839152782979694	0
Solyc11g072170.2	0.01085955329703802	0
Solyc11g069670.3	0.01085955329703802	0
Solyc10g008860.1	0.011206446517917981	0
Solyc07g056610.2	0.011389221225750767	0
Solyc12g099010.3	0.011532940467242297	0
Solyc01g081410.4	0.011543620080064357	0
Solyc01g090480.5	0.011543620080064357	0
Solyc03g120150.3	0.011543620080064357	0
Solyc04g082845.2	0.011543620080064357	0
Solyc04g007910.3	0.011543620080064357	0
Solyc05g013280.4	0.011543620080064357	0
Solyc04g074750.3	0.011543620080064357	0
Solyc07g055150.3	0.011543620080064357	0
Solyc08g014350.1	0.011543620080064357	0
Solyc02g161480.1	0.011600272604175628	0
Solyc12g094530.1	0.01166067915126286	0
Solyc02g067320.3	0.011750741352259378	0
Solyc01g080510.3	0.011750741352259378	0
Solyc02g072530.3	0.011750741352259378	0
Solyc02g067980.3	0.011750741352259378	0
Solyc01g067580.5	0.011750741352259378	0
Solyc01g099600.4	0.011750741352259378	0
Solyc01g095290.4	0.011750741352259378	0
Solyc02g069670.4	0.011750741352259378	0
Solyc03g020070.5	0.011750741352259378	0
Solyc01g006260.4	0.011750741352259378	0
Solyc02g079200.1	0.011750741352259378	0
Solyc01g101120.4	0.011750741352259378	0
Solyc02g079360.3	0.011750741352259378	0
Solyc01g096600.4	0.011750741352259378	0
Solyc03g083730.1	0.011750741352259378	0
Solyc01g079840.3	0.011750741352259378	0
Solyc03g104810.3	0.011750741352259378	0
Solyc06g007680.1	0.011750741352259378	0
Solyc04g082610.3	0.011750741352259378	0
Solyc03g096090.4	0.011750741352259378	0
Solyc04g079270.4	0.011750741352259378	0
Solyc05g012620.4	0.011750741352259378	0
Solyc04g007460.5	0.011750741352259378	0
Solyc04g055190.4	0.011750741352259378	0
Solyc05g013150.4	0.011750741352259378	0
Solyc03g113770.3	0.011750741352259378	0
Solyc06g005950.4	0.011750741352259378	0
Solyc06g065990.1	0.011750741352259378	0
Solyc06g066030.4	0.011750741352259378	0
Solyc05g009360.4	0.011750741352259378	0
Solyc08g065150.1	0.011750741352259378	0
Solyc06g060300.1	0.011750741352259378	0
Solyc07g041490.3	0.011750741352259378	0
Solyc08g065850.1	0.011750741352259378	0
Solyc08g066140.4	0.011750741352259378	0
Solyc06g061050.5	0.011750741352259378	0
Solyc08g041710.3	0.011750741352259378	0
Solyc07g062750.4	0.011750741352259378	0
Solyc08g076650.3	0.011750741352259378	0
Solyc09g031517.1	0.011750741352259378	0
Solyc08g067240.4	0.011750741352259378	0
Solyc07g043610.3	0.011750741352259378	0
Solyc09g064247.1	0.011750741352259378	0
Solyc09g031750.4	0.011750741352259378	0
Solyc08g081810.3	0.011750741352259378	0
Solyc08g067790.4	0.011750741352259378	0
Solyc09g074260.1	0.011750741352259378	0
Solyc09g014790.5	0.011750741352259378	0
Solyc10g055390.2	0.011750741352259378	0
Solyc12g044940.2	0.011750741352259378	0
Solyc10g074900.2	0.011750741352259378	0
Solyc11g010630.4	0.011750741352259378	0
Solyc12g015680.1	0.011750741352259378	0
Solyc10g081470.2	0.011750741352259378	0
Solyc11g068890.3	0.011750741352259378	0
Solyc11g006970.2	0.011750741352259378	0
Solyc10g077120.3	0.011750741352259378	0
Solyc10g078300.2	0.011750741352259378	0
Solyc12g070100.2	0.011750741352259378	0
Solyc04g039880.3	0.011794879778633135	0
Solyc00g500176.1	0.01181681521900211	0
Solyc02g077150.1	0.011904857638281374	0
Solyc09g005220.3	0.011932426478728744	0
Solyc11g063570.1	0.012007134960246831	0
Solyc12g088830.3	0.012232057594282909	0
Solyc10g081740.3	0.012237638799072602	0
Solyc02g081800.1	0.012248804740957984	0
Solyc08g077400.3	0.012248804740957984	0
Solyc03g095310.3	0.012254389477666097	0
Solyc09g066120.4	0.012254389477666097	0
Solyc02g082720.4	0.012259975391292756	0
Solyc00g500103.1	0.012259975391292756	0
Solyc01g101190.3	0.012646106872087903	0
Solyc05g007330.3	0.012811762100211479	0
Solyc04g028460.1	0.012817561179888587	0
Solyc00g500369.1	0.012972733564146865	0
Solyc03g020090.1	0.013000784738181675	0
Solyc03g160940.1	0.013003762858320904	0
Solyc11g006630.1	0.013004961612062306	0
Solyc03g019710.3	0.013009601344585649	0
Solyc00g500272.1	0.013015441021444196	0
Solyc00g500318.1	0.013015441021444196	0
Solyc04g079030.2	0.013015441021444196	0
Solyc05g055390.3	0.013015441021444196	0
Solyc06g073240.3	0.013015441021444196	0
Solyc08g014105.1	0.013015441021444196	0
Solyc09g066130.4	0.013015441021444196	0
Solyc10g081910.2	0.013015441021444196	0
Solyc02g033070.1	0.013303458803066071	0
Solyc03g094173.2	0.013443678262380144	0
Solyc04g054522.2	0.013443678262380144	0
Solyc01g080780.2	0.013521977706038427	0
Solyc02g085615.1	0.013521977706038427	0
Solyc01g099140.4	0.013521977706038427	0
Solyc03g007980.1	0.013521977706038427	0
Solyc01g068180.3	0.013521977706038427	0
Solyc01g100260.4	0.013521977706038427	0
Solyc01g110520.3	0.013521977706038427	0
Solyc02g070000.4	0.013521977706038427	0
Solyc02g078970.4	0.013521977706038427	0
Solyc02g070480.4	0.013521977706038427	0
Solyc01g096210.5	0.013521977706038427	0
Solyc03g005410.4	0.013521977706038427	0
Solyc01g097010.3	0.013521977706038427	0
Solyc03g115200.3	0.013521977706038427	0
Solyc03g119740.3	0.013521977706038427	0
Solyc03g043770.4	0.013521977706038427	0
Solyc03g116490.1	0.013521977706038427	0
Solyc03g116530.3	0.013521977706038427	0
Solyc05g052930.3	0.013521977706038427	0
Solyc05g047460.3	0.013521977706038427	0
Solyc03g045070.1	0.013521977706038427	0
Solyc04g072900.1	0.013521977706038427	0
Solyc04g007450.4	0.013521977706038427	0
Solyc05g054910.3	0.013521977706038427	0
Solyc04g076480.3	0.013521977706038427	0
Solyc03g114710.4	0.013521977706038427	0
Solyc07g005570.4	0.013521977706038427	0
Solyc07g005690.3	0.013521977706038427	0
Solyc07g066290.3	0.013521977706038427	0
Solyc08g075420.4	0.013521977706038427	0
Solyc06g083680.3	0.013521977706038427	0
Solyc07g063140.1	0.013521977706038427	0
Solyc08g067370.1	0.013521977706038427	0
Solyc08g061320.3	0.013521977706038427	0
Solyc06g071070.1	0.013521977706038427	0
Solyc08g062380.1	0.013521977706038427	0
Solyc09g011720.3	0.013521977706038427	0
Solyc09g011760.3	0.013521977706038427	0
Solyc11g039960.2	0.013521977706038427	0
Solyc12g005700.2	0.013521977706038427	0
Solyc09g082150.1	0.013521977706038427	0
Solyc11g066540.2	0.013521977706038427	0
Solyc12g100030.2	0.013521977706038427	0
Solyc10g006250.3	0.013521977706038427	0
Solyc10g074580.2	0.013521977706038427	0
Solyc12g094500.3	0.013521977706038427	0
Solyc11g011200.2	0.013521977706038427	0
Solyc10g081460.2	0.013521977706038427	0
Solyc09g089850.3	0.013521977706038427	0
Solyc12g042760.1	0.013521977706038427	0
Solyc12g088710.1	0.01373865157932199	0
Solyc05g052010.2	0.013811793416735154	0
Solyc08g076310.3	0.013811793416735154	0
Solyc08g007670.1	0.013811793416735154	0
Solyc11g040340.3	0.013811793416735154	0
Solyc12g094580.3	0.013811793416735154	0
Solyc03g083980.1	0.014290368060458263	0
Solyc12g150119.1	0.014441288134272205	0
Solyc12g082799.1	0.014460243513580568	0
Solyc12g038140.1	0.014470677525284763	0
Solyc04g014920.3	0.014631754121648037	0
Solyc05g018850.1	0.014638123980920318	0
Solyc02g068877.2	0.01464449505388168	0
Solyc02g084750.4	0.014650867340292474	0
Solyc02g067830.3	0.014650867340292474	0
Solyc00g500358.1	0.014650867340292474	0
Solyc01g081430.4	0.014650867340292474	0
Solyc01g105850.3	0.014650867340292474	0
Solyc00g500099.1	0.014650867340292474	0
Solyc03g044190.3	0.014650867340292474	0
Solyc08g008130.5	0.014650867340292474	0
Solyc11g012250.1	0.014650867340292474	0
Solyc10g005190.1	0.014712699585038761	0
Solyc02g160720.1	0.014901709980520173	0
Solyc02g161070.1	0.014901709980520173	0
Solyc02g083840.1	0.014901709980520173	0
Solyc03g160450.1	0.014901709980520173	0
Solyc04g150140.2	0.014901709980520173	0
Solyc05g007550.3	0.014901709980520173	0
Solyc03g124064.1	0.014901709980520173	0
Solyc09g055475.1	0.014901709980520173	0
Solyc09g057555.2	0.014901709980520173	0
Solyc09g066190.1	0.014901709980520173	0
Solyc12g016060.1	0.014901709980520173	0
Solyc12g017310.3	0.014901709980520173	0
Solyc12g056000.1	0.015105210181274052	0
Solyc02g090780.1	0.015164941401830345	0
Solyc01g080590.3	0.015511923244371062	0
Solyc01g103470.2	0.015511923244371062	0
Solyc02g068760.4	0.015511923244371062	0
Solyc01g010920.2	0.015511923244371062	0
Solyc03g020030.3	0.015511923244371062	0
Solyc01g095800.3	0.015511923244371062	0
Solyc01g106310.3	0.015511923244371062	0
Solyc02g065300.1	0.015511923244371062	0
Solyc01g006830.3	0.015511923244371062	0
Solyc03g025910.3	0.015511923244371062	0
Solyc02g092640.4	0.015511923244371062	0
Solyc03g005750.3	0.015511923244371062	0
Solyc03g026050.3	0.015511923244371062	0
Solyc03g031760.5	0.015511923244371062	0
Solyc03g098340.4	0.015511923244371062	0
Solyc04g082250.3	0.015511923244371062	0
Solyc03g115980.1	0.015511923244371062	0
Solyc05g052630.4	0.015511923244371062	0
Solyc05g016240.4	0.015511923244371062	0
Solyc04g078780.3	0.015511923244371062	0
Solyc04g014240.1	0.015511923244371062	0
Solyc03g096670.3	0.015511923244371062	0
Solyc03g097000.3	0.015511923244371062	0
Solyc04g015170.3	0.015511923244371062	0
Solyc04g008340.2	0.015511923244371062	0
Solyc04g074990.3	0.015511923244371062	0
Solyc03g098150.3	0.015511923244371062	0
Solyc04g080870.1	0.015511923244371062	0
Solyc04g080930.4	0.015511923244371062	0
Solyc06g072220.1	0.015511923244371062	0
Solyc05g051570.3	0.015511923244371062	0
Solyc06g072330.3	0.015511923244371062	0
Solyc05g014700.3	0.015511923244371062	0
Solyc07g049750.3	0.015511923244371062	0
Solyc07g041180.4	0.015511923244371062	0
Solyc06g060790.1	0.015511923244371062	0
Solyc06g073520.3	0.015511923244371062	0
Solyc06g068140.3	0.015511923244371062	0
Solyc06g068230.4	0.015511923244371062	0
Solyc06g061000.3	0.015511923244371062	0
Solyc06g083200.3	0.015511923244371062	0
Solyc06g050297.1	0.015511923244371062	0
Solyc07g018230.2	0.015511923244371062	0
Solyc06g050570.3	0.015511923244371062	0
Solyc07g021610.1	0.015511923244371062	0
Solyc09g065110.4	0.015511923244371062	0
Solyc06g160320.1	0.015511923244371062	0
Solyc08g077890.3	0.015511923244371062	0
Solyc09g011310.3	0.015511923244371062	0
Solyc08g014370.1	0.015511923244371062	0
Solyc08g078220.2	0.015511923244371062	0
Solyc08g083285.1	0.015511923244371062	0
Solyc12g011010.2	0.015511923244371062	0
Solyc11g073075.1	0.015511923244371062	0
Solyc11g045225.1	0.015511923244371062	0
Solyc12g055720.2	0.015511923244371062	0
Solyc11g067240.2	0.015511923244371062	0
Solyc09g083130.3	0.015511923244371062	0
Solyc12g007070.2	0.015511923244371062	0
Solyc12g042500.2	0.015511923244371062	0
Solyc08g160130.1	0.015520902223202578	0
Solyc10g006610.5	0.015527905176462872	0
Solyc11g008790.3	0.015534556468949945	0
Solyc02g062015.1	0.015557468806684993	0
Solyc08g048440.1	0.015557468806684993	0
Solyc08g067600.2	0.015557468806684993	0
Solyc12g015790.1	0.0158930982620317	0
Solyc11g044460.3	0.01593416298533047	0
Solyc03g115830.2	0.01605714490854957	0
Solyc08g082460.4	0.016107901106331698	0
Solyc11g045480.3	0.016444001041575434	0
Solyc03g116720.4	0.016450937435647968	0
Solyc02g038805.1	0.016457875059583026	0
Solyc01g112280.3	0.01646481391310958	0
Solyc01g009380.3	0.01646481391310958	0
Solyc01g066440.3	0.01646481391310958	0
Solyc02g084610.1	0.01646481391310958	0
Solyc05g150109.1	0.01646481391310958	0
Solyc03g044620.4	0.01646481391310958	0
Solyc06g008820.3	0.01646481391310958	0
Solyc04g056650.4	0.01646481391310958	0
Solyc06g074180.3	0.01646481391310958	0
Solyc08g008490.4	0.01646481391310958	0
Solyc12g015660.2	0.01646481391310958	0
Solyc11g007120.2	0.01646481391310958	0
Solyc03g033820.1	0.016741561955376814	0
Solyc10g054675.2	0.016771679141441675	0
Solyc04g050840.1	0.016795223112260005	0
Solyc02g079310.3	0.016983112850174183	0
Solyc12g010595.2	0.017026071609221132	0
Solyc01g094727.1	0.017183971964277726	0
Solyc01g060183.1	0.017407843363997533	0
Solyc04g082440.5	0.017443652654358648	0
Solyc07g043120.1	0.017443652654358648	0
Solyc11g007900.3	0.017443652654358648	0
Solyc01g080200.3	0.017729819200407435	0
Solyc01g091130.4	0.017729819200407435	0
Solyc01g108418.1	0.017729819200407435	0
Solyc02g076690.3	0.017729819200407435	0
Solyc02g076730.4	0.017729819200407435	0
Solyc01g005010.5	0.017729819200407435	0
Solyc01g086860.3	0.017729819200407435	0
Solyc02g062940.3	0.017729819200407435	0
Solyc01g099650.3	0.017729819200407435	0
Solyc00g500061.1	0.017729819200407435	0
Solyc01g105780.4	0.017729819200407435	0
Solyc02g032860.3	0.017729819200407435	0
Solyc01g111410.3	0.017729819200407435	0
Solyc03g031790.1	0.017729819200407435	0
Solyc01g102730.3	0.017729819200407435	0
Solyc02g093100.3	0.017729819200407435	0
Solyc01g097070.5	0.017729819200407435	0
Solyc05g009470.4	0.017729819200407435	0
Solyc05g005020.4	0.017729819200407435	0
Solyc03g093360.3	0.017729819200407435	0
Solyc03g120130.4	0.017729819200407435	0
Solyc03g034390.1	0.017729819200407435	0
Solyc04g078390.3	0.017729819200407435	0
Solyc03g116640.4	0.017729819200407435	0
Solyc05g053120.1	0.017729819200407435	0
Solyc05g053300.3	0.017729819200407435	0
Solyc04g026280.2	0.017729819200407435	0
Solyc04g006930.3	0.017729819200407435	0
Solyc04g072690.3	0.017729819200407435	0
Solyc05g012790.4	0.017729819200407435	0
Solyc03g080180.5	0.017729819200407435	0
Solyc04g007600.4	0.017729819200407435	0
Solyc04g074680.1	0.017729819200407435	0
Solyc06g011560.3	0.017729819200407435	0
Solyc04g076740.3	0.017729819200407435	0
Solyc04g081190.3	0.017729819200407435	0
Solyc04g081590.5	0.017729819200407435	0
Solyc06g082300.4	0.017729819200407435	0
Solyc07g005770.2	0.017729819200407435	0
Solyc06g060560.3	0.017729819200407435	0
Solyc09g059280.3	0.017729819200407435	0
Solyc08g006830.3	0.017729819200407435	0
Solyc07g006560.3	0.017729819200407435	0
Solyc08g075990.3	0.017729819200407435	0
Solyc06g062480.4	0.017729819200407435	0
Solyc07g042990.1	0.017729819200407435	0
Solyc06g051120.5	0.017729819200407435	0
Solyc07g053600.3	0.017729819200407435	0
Solyc09g031650.3	0.017729819200407435	0
Solyc09g042770.5	0.017729819200407435	0
Solyc07g064100.1	0.017729819200407435	0
Solyc09g065380.2	0.017729819200407435	0
Solyc07g064590.3	0.017729819200407435	0
Solyc06g071420.3	0.017729819200407435	0
Solyc09g055870.2	0.017729819200407435	0
Solyc07g032710.4	0.017729819200407435	0
Solyc11g065835.1	0.017729819200407435	0
Solyc09g091960.3	0.017729819200407435	0
Solyc11g072490.2	0.017729819200407435	0
Solyc12g099570.3	0.017729819200407435	0
Solyc10g074500.2	0.017729819200407435	0
Solyc11g066890.1	0.017729819200407435	0
Solyc12g014360.2	0.017729819200407435	0
Solyc10g081050.1	0.017729819200407435	0
Solyc12g007080.2	0.017729819200407435	0
Solyc12g038590.2	0.017729819200407435	0
Solyc11g006680.3	0.017729819200407435	0
Solyc10g051030.2	0.017729819200407435	0
Solyc12g017420.2	0.017729819200407435	0
Solyc10g076990.3	0.017729819200407435	0
Solyc11g007110.2	0.017729819200407435	0
Solyc12g096960.2	0.017729819200407435	0
Solyc12g098945.1	0.017729819200407435	0
Solyc12g036920.1	0.01780901393159929	0
Solyc10g160220.1	0.017875980755377992	0
Solyc11g043160.2	0.018012795235746795	0
Solyc01g068305.1	0.018028308653060314	0
Solyc12g013770.3	0.018149881775397125	0
Solyc09g007010.1	0.0182174881634126	0
Solyc01g089950.3	0.018442994014769395	0
Solyc02g088660.4	0.0184505301271296	0
Solyc12g042340.2	0.01845806747823631	0
Solyc02g032450.3	0.018473145895477758	0
Solyc02g069940.4	0.018473145895477758	0
Solyc02g070810.4	0.018473145895477758	0
Solyc07g041070.3	0.018473145895477758	0
Solyc09g064420.4	0.018473145895477758	0
Solyc07g025110.1	0.018473145895477758	0
Solyc09g047870.4	0.018473145895477758	0
Solyc09g072860.2	0.018473145895477758	0
Solyc11g071910.2	0.018473145895477758	0
Solyc05g009320.5	0.018474354557199223	0
Solyc11g004000.1	0.018649407598377337	0
Solyc01g066630.1	0.01896479089316297	0
Solyc02g062255.1	0.01896479089316297	0
Solyc02g069760.2	0.01896479089316297	0
Solyc02g092075.1	0.01896479089316297	0
Solyc04g077770.2	0.01896479089316297	0
Solyc06g016820.1	0.01896479089316297	0
Solyc06g068260.3	0.01896479089316297	0
Solyc10g050530.3	0.01896479089316297	0
Solyc10g047660.1	0.019368709967232438	0
Solyc07g042100.3	0.019469109226400043	0
Solyc08g080230.1	0.019476950119568088	0
Solyc05g052320.4	0.01950832611064979	0
Solyc12g049590.2	0.019547574017016015	0
Solyc12g056345.1	0.019547574017016015	0
Solyc01g006410.4	0.019555427317437136	0
Solyc04g016540.2	0.019555427317437136	0
Solyc03g111520.3	0.01972859839288392	0
Solyc01g080330.5	0.0202074964883314	0
Solyc01g008790.4	0.0202074964883314	0
Solyc02g085190.2	0.0202074964883314	0
Solyc01g150164.1	0.0202074964883314	0
Solyc01g091530.5	0.0202074964883314	0
Solyc01g098110.5	0.0202074964883314	0
Solyc01g104000.3	0.0202074964883314	0
Solyc01g104410.4	0.0202074964883314	0
Solyc01g081510.5	0.0202074964883314	0
Solyc02g086090.4	0.0202074964883314	0
Solyc02g090770.1	0.0202074964883314	0
Solyc02g068750.1	0.0202074964883314	0
Solyc01g010780.4	0.0202074964883314	0
Solyc02g077730.3	0.0202074964883314	0
Solyc01g056600.2	0.0202074964883314	0
Solyc02g031740.3	0.0202074964883314	0
Solyc01g073660.3	0.0202074964883314	0
Solyc01g100530.3	0.0202074964883314	0
Solyc02g079170.3	0.0202074964883314	0
Solyc02g070970.1	0.0202074964883314	0
Solyc03g083580.3	0.0202074964883314	0
Solyc05g056460.5	0.0202074964883314	0
Solyc04g082320.3	0.0202074964883314	0
Solyc05g005600.1	0.0202074964883314	0
Solyc04g071860.3	0.0202074964883314	0
Solyc04g009950.3	0.0202074964883314	0
Solyc04g010000.4	0.0202074964883314	0
Solyc04g005555.1	0.0202074964883314	0
Solyc03g044330.1	0.0202074964883314	0
Solyc03g044600.2	0.0202074964883314	0
Solyc05g053410.5	0.0202074964883314	0
Solyc05g012560.3	0.0202074964883314	0
Solyc05g018640.3	0.0202074964883314	0
Solyc03g113190.1	0.0202074964883314	0
Solyc05g013130.3	0.0202074964883314	0
Solyc05g021530.3	0.0202074964883314	0
Solyc03g097260.4	0.0202074964883314	0
Solyc03g113920.4	0.0202074964883314	0
Solyc04g015560.4	0.0202074964883314	0
Solyc03g114150.3	0.0202074964883314	0
Solyc03g083260.1	0.0202074964883314	0
Solyc06g065540.3	0.0202074964883314	0
Solyc04g016130.3	0.0202074964883314	0
Solyc06g034020.3	0.0202074964883314	0
Solyc08g063010.3	0.0202074964883314	0
Solyc08g079630.3	0.0202074964883314	0
Solyc06g073190.3	0.0202074964883314	0
Solyc07g066460.3	0.0202074964883314	0
Solyc06g060850.3	0.0202074964883314	0
Solyc09g015520.3	0.0202074964883314	0
Solyc08g006960.3	0.0202074964883314	0
Solyc08g066520.4	0.0202074964883314	0
Solyc08g007370.3	0.0202074964883314	0
Solyc06g084000.4	0.0202074964883314	0
Solyc06g051210.3	0.0202074964883314	0
Solyc06g051320.3	0.0202074964883314	0
Solyc07g053740.1	0.0202074964883314	0
Solyc06g084260.3	0.0202074964883314	0
Solyc07g007705.1	0.0202074964883314	0
Solyc08g067250.5	0.0202074964883314	0
Solyc07g043620.3	0.0202074964883314	0
Solyc06g069410.3	0.0202074964883314	0
Solyc08g081670.3	0.0202074964883314	0
Solyc09g005980.4	0.0202074964883314	0
Solyc09g006000.3	0.0202074964883314	0
Solyc06g071170.5	0.0202074964883314	0
Solyc09g065640.3	0.0202074964883314	0
Solyc10g008850.2	0.0202074964883314	0
Solyc09g074900.5	0.0202074964883314	0
Solyc10g079070.2	0.0202074964883314	0
Solyc10g084650.3	0.0202074964883314	0
Solyc09g075350.5	0.0202074964883314	0
Solyc12g027740.3	0.0202074964883314	0
Solyc10g047360.2	0.0202074964883314	0
Solyc10g079890.2	0.0202074964883314	0
Solyc11g005080.1	0.0202074964883314	0
Solyc10g080040.3	0.0202074964883314	0
Solyc10g080200.2	0.0202074964883314	0
Solyc11g005360.2	0.0202074964883314	0
Solyc12g013810.2	0.0202074964883314	0
Solyc12g150103.1	0.0202074964883314	0
Solyc10g074820.1	0.0202074964883314	0
Solyc10g081010.3	0.0202074964883314	0
Solyc09g083150.5	0.0202074964883314	0
Solyc10g077065.1	0.0202074964883314	0
Solyc12g096780.2	0.0202074964883314	0
Solyc03g150118.1	0.020244889244128407	0
Solyc03g046390.1	0.02029946688009249	0
Solyc12g013670.2	0.02029946688009249	0
Solyc03g093347.1	0.020308920259682287	0
Solyc06g008470.3	0.020308920259682287	0
Solyc11g006597.2	0.020308920259682287	0
Solyc02g067730.2	0.020619156829681944	0
Solyc09g010070.1	0.02062732236040399	0
Solyc01g068070.4	0.020659996885467175	0
Solyc01g109860.3	0.020659996885467175	0
Solyc11g072910.1	0.020676341584620093	0
Solyc03g119950.1	0.020684515792181033	0
Solyc05g010790.3	0.020684515792181033	0
Solyc11g073230.1	0.020684515792181033	0
Solyc02g082250.4	0.02069269123795239	0
Solyc03g005040.1	0.02069269123795239	0
Solyc05g051640.5	0.02069269123795239	0
Solyc06g073110.3	0.02069269123795239	0
Solyc06g084130.3	0.02069269123795239	0
Solyc08g077150.3	0.02069269123795239	0
Solyc11g072627.1	0.02069269123795239	0
Solyc12g009300.3	0.02069269123795239	0
Solyc10g083590.2	0.02069269123795239	0
Solyc04g162360.1	0.021301432240131028	0
Solyc10g161540.1	0.021301432240131028	0
Solyc02g036210.1	0.021456213402888856	0
Solyc12g011100.2	0.021717302554090816	0
Solyc09g010530.3	0.021853175052064543	0
Solyc05g015850.5	0.0218786864101064	0
Solyc08g076590.3	0.0218786864101064	0
Solyc00g500339.1	0.02188719266616436	0
Solyc01g110500.3	0.02188719266616436	0
Solyc03g005480.4	0.02188719266616436	0
Solyc05g015040.4	0.02188719266616436	0
Solyc05g161650.1	0.022435259743518125	0
Solyc02g084670.5	0.022876412095402383	0
Solyc10g074400.3	0.022927603516323253	0
Solyc01g073840.1	0.022946926132262183	0
Solyc03g093350.4	0.022948068181002684	0
Solyc01g097800.3	0.022952142733926414	0
Solyc01g103540.3	0.022952142733926414	0
Solyc02g067820.4	0.022952142733926414	0
Solyc03g007010.4	0.022952142733926414	0
Solyc02g090500.3	0.022952142733926414	0
Solyc01g010470.2	0.022952142733926414	0
Solyc01g109510.3	0.022952142733926414	0
Solyc01g067710.3	0.022952142733926414	0
Solyc01g094690.5	0.022952142733926414	0
Solyc01g005820.4	0.022952142733926414	0
Solyc02g082690.3	0.022952142733926414	0
Solyc01g087680.4	0.022952142733926414	0
Solyc03g020020.3	0.022952142733926414	0
Solyc02g082830.3	0.022952142733926414	0
Solyc01g095540.3	0.022952142733926414	0
Solyc01g087890.3	0.022952142733926414	0
Solyc01g100290.4	0.022952142733926414	0
Solyc02g078700.3	0.022952142733926414	0
Solyc03g005010.4	0.022952142733926414	0
Solyc02g083410.4	0.022952142733926414	0
Solyc02g083450.3	0.022952142733926414	0
Solyc01g111320.3	0.022952142733926414	0
Solyc02g088200.4	0.022952142733926414	0
Solyc01g007130.3	0.022952142733926414	0
Solyc03g026180.1	0.022952142733926414	0
Solyc02g088735.1	0.022952142733926414	0
Solyc03g119760.3	0.022952142733926414	0
Solyc05g009610.1	0.022952142733926414	0
Solyc06g007640.3	0.022952142733926414	0
Solyc06g007690.1	0.022952142733926414	0
Solyc03g071560.4	0.022952142733926414	0
Solyc03g112060.3	0.022952142733926414	0
Solyc04g082890.3	0.022952142733926414	0
Solyc05g010800.3	0.022952142733926414	0
Solyc03g081240.3	0.022952142733926414	0
Solyc03g082880.1	0.022952142733926414	0
Solyc04g049380.4	0.022952142733926414	0
Solyc04g057780.5	0.022952142733926414	0
Solyc04g008700.3	0.022952142733926414	0
Solyc06g053930.3	0.022952142733926414	0
Solyc03g118690.4	0.022952142733926414	0
Solyc06g076430.3	0.022952142733926414	0
Solyc05g014505.1	0.022952142733926414	0
Solyc05g008920.3	0.022952142733926414	0
Solyc04g081280.3	0.022952142733926414	0
Solyc04g081430.3	0.022952142733926414	0
Solyc08g075300.4	0.022952142733926414	0
Solyc07g042025.1	0.022952142733926414	0
Solyc06g050310.3	0.022952142733926414	0
Solyc09g061290.3	0.022952142733926414	0
Solyc08g007630.1	0.022952142733926414	0
Solyc08g007790.3	0.022952142733926414	0
Solyc09g010150.5	0.022952142733926414	0
Solyc08g008180.3	0.022952142733926414	0
Solyc07g008190.5	0.022952142733926414	0
Solyc08g077280.1	0.022952142733926414	0
Solyc09g065030.3	0.022952142733926414	0
Solyc09g007200.4	0.022952142733926414	0
Solyc06g053600.4	0.022952142733926414	0
Solyc08g061843.1	0.022952142733926414	0
Solyc09g007570.3	0.022952142733926414	0
Solyc09g090810.3	0.022952142733926414	0
Solyc09g066100.3	0.022952142733926414	0
Solyc09g013090.4	0.022952142733926414	0
Solyc11g007730.2	0.022952142733926414	0
Solyc09g074940.3	0.022952142733926414	0
Solyc11g065190.3	0.022952142733926414	0
Solyc09g091430.5	0.022952142733926414	0
Solyc09g075090.1	0.022952142733926414	0
Solyc11g071810.2	0.022952142733926414	0
Solyc08g078990.3	0.022952142733926414	0
Solyc09g075320.1	0.022952142733926414	0
Solyc10g085300.2	0.022952142733926414	0
Solyc10g005910.2	0.022952142733926414	0
Solyc09g092680.4	0.022952142733926414	0
Solyc10g086000.3	0.022952142733926414	0
Solyc12g013900.3	0.022952142733926414	0
Solyc12g014610.2	0.022952142733926414	0
Solyc12g056120.1	0.022952142733926414	0
Solyc11g006390.2	0.022952142733926414	0
Solyc12g007090.2	0.022952142733926414	0
Solyc12g056440.2	0.022952142733926414	0
Solyc12g008780.2	0.022952142733926414	0
Solyc10g007800.3	0.022952142733926414	0
Solyc10g008020.4	0.022952142733926414	0
Solyc12g099090.3	0.022952142733926414	0
Solyc09g092540.1	0.022964567014807046	0
Solyc12g010560.3	0.0229733893100643	0
Solyc08g080060.4	0.02299986360738126	0
Solyc06g073030.3	0.023105871794135757	0
Solyc07g065745.1	0.02311471381350018	0
Solyc04g077370.2	0.023123557062512005	0
Solyc01g005850.3	0.02313240154080559	0
Solyc04g078990.5	0.02313240154080559	0
Solyc10g011690.3	0.02313240154080559	0
Solyc11g069620.3	0.02313240154080559	0
Solyc05g017970.1	0.023141247248015424	0
Solyc09g007870.3	0.023141247248015424	0
Solyc11g072160.3	0.023141247248015424	0
Solyc11g008140.3	0.023141247248015424	0
Solyc11g045230.2	0.023141247248015424	0
Solyc10g006990.3	0.023141247248015424	0
Solyc11g011460.2	0.023141247248015424	0
Solyc00g500107.1	0.02323681132541062	0
Solyc03g115165.1	0.023415484223729667	0
Solyc04g052940.1	0.023925843480626627	0
Solyc03g031630.3	0.02396526502759648	0
Solyc03g061657.1	0.02396526502759648	0
Solyc03g063168.2	0.02396526502759648	0
Solyc03g043585.1	0.02396526502759648	0
Solyc06g033895.2	0.02396526502759648	0
Solyc06g033910.2	0.02396526502759648	0
Solyc06g060445.1	0.02396526502759648	0
Solyc08g036530.1	0.02396526502759648	0
Solyc12g162260.1	0.02396526502759648	0
Solyc02g089300.3	0.02420370076772406	0
Solyc05g012990.2	0.02432880153887114	0
Solyc04g082730.2	0.024374531244350087	0
Solyc02g077180.1	0.02440208686379688	0
Solyc03g058437.1	0.024429653484749125	0
Solyc11g005300.2	0.024438844801401356	0
Solyc02g091720.2	0.024457231096923066	0
Solyc02g091725.2	0.024457231096923066	0
Solyc04g009210.1	0.024457231096923066	0
Solyc05g012280.3	0.024457231096923066	0
Solyc06g036670.2	0.024457231096923066	0
Solyc11g072890.1	0.024457231096923066	0
Solyc10g006820.4	0.024457231096923066	0
Solyc08g079330.2	0.024662683182973013	0
Solyc11g011600.3	0.024709688809968343	0
Solyc05g024120.3	0.02494992362929125	0
Solyc12g062822.1	0.02494992362929125	0
Solyc01g090810.4	0.025068807977934385	0
Solyc07g064790.4	0.025314117633366183	0
Solyc12g098870.3	0.025422795256430313	0
Solyc01g095440.2	0.025621310195009663	0
Solyc05g009405.1	0.025732593243733077	0
Solyc04g015220.5	0.025761211595002352	0
Solyc03g007840.1	0.02579938636508699	0
Solyc01g099385.2	0.02580893308503888	0
Solyc10g005430.4	0.02580893308503888	0
Solyc05g055140.1	0.02582803015508907	0
Solyc10g049570.3	0.02582803015508907	0
Solyc01g087660.2	0.02583758050439608	0
Solyc01g068480.4	0.02583758050439608	0
Solyc02g070660.3	0.02583758050439608	0
Solyc03g025880.3	0.02583758050439608	0
Solyc02g092720.1	0.02583758050439608	0
Solyc03g115730.3	0.02583758050439608	0
Solyc03g063970.3	0.02583758050439608	0
Solyc04g051510.1	0.02583758050439608	0
Solyc04g040220.3	0.02583758050439608	0
Solyc04g074250.3	0.02583758050439608	0
Solyc06g042980.3	0.02583758050439608	0
Solyc08g079190.2	0.02583758050439608	0
Solyc06g066590.4	0.02583758050439608	0
Solyc07g025105.2	0.02583758050439608	0
Solyc11g018710.1	0.02583758050439608	0
Solyc10g074530.2	0.02583758050439608	0
Solyc01g090850.3	0.025998669262426378	0
Solyc01g060450.3	0.025998669262426378	0
Solyc01g103190.3	0.025998669262426378	0
Solyc03g006600.1	0.025998669262426378	0
Solyc02g081620.3	0.025998669262426378	0
Solyc02g086223.1	0.025998669262426378	0
Solyc02g021590.3	0.025998669262426378	0
Solyc01g094350.4	0.025998669262426378	0
Solyc02g086740.1	0.025998669262426378	0
Solyc01g005600.4	0.025998669262426378	0
Solyc00g500056.1	0.025998669262426378	0
Solyc02g082540.4	0.025998669262426378	0
Solyc02g091660.3	0.025998669262426378	0
Solyc02g069520.2	0.025998669262426378	0
Solyc02g087290.3	0.025998669262426378	0
Solyc01g057200.4	0.025998669262426378	0
Solyc02g078450.3	0.025998669262426378	0
Solyc01g095680.2	0.025998669262426378	0
Solyc01g106010.3	0.025998669262426378	0
Solyc00g500138.1	0.025998669262426378	0
Solyc02g092360.3	0.025998669262426378	0
Solyc02g079030.3	0.025998669262426378	0
Solyc01g006810.4	0.025998669262426378	0
Solyc02g092580.3	0.025998669262426378	0
Solyc02g092783.1	0.025998669262426378	0
Solyc00g500208.1	0.025998669262426378	0
Solyc02g071210.3	0.025998669262426378	0
Solyc03g031560.4	0.025998669262426378	0
Solyc01g112090.3	0.025998669262426378	0
Solyc05g032750.3	0.025998669262426378	0
Solyc03g093330.4	0.025998669262426378	0
Solyc04g050960.3	0.025998669262426378	0
Solyc03g111250.3	0.025998669262426378	0
Solyc05g005330.3	0.025998669262426378	0
Solyc05g009890.1	0.025998669262426378	0
Solyc03g034270.3	0.025998669262426378	0
Solyc04g077940.4	0.025998669262426378	0
Solyc04g009650.5	0.025998669262426378	0
Solyc04g010120.3	0.025998669262426378	0
Solyc04g072039.1	0.025998669262426378	0
Solyc03g044430.3	0.025998669262426378	0
Solyc05g018240.4	0.025998669262426378	0
Solyc05g012380.3	0.025998669262426378	0
Solyc05g006550.4	0.025998669262426378	0
Solyc05g047390.1	0.025998669262426378	0
Solyc03g121530.3	0.025998669262426378	0
Solyc03g117290.1	0.025998669262426378	0
Solyc03g121670.4	0.025998669262426378	0
Solyc04g074220.4	0.025998669262426378	0
Solyc04g007860.3	0.025998669262426378	0
Solyc04g014710.3	0.025998669262426378	0
Solyc03g123800.3	0.025998669262426378	0
Solyc04g008630.3	0.025998669262426378	0
Solyc03g118530.3	0.025998669262426378	0
Solyc03g124060.3	0.025998669262426378	0
Solyc04g076420.4	0.025998669262426378	0
Solyc04g080800.4	0.025998669262426378	0
Solyc05g051370.3	0.025998669262426378	0
Solyc06g006080.3	0.025998669262426378	0
Solyc06g076560.2	0.025998669262426378	0
Solyc06g076610.3	0.025998669262426378	0
Solyc05g008900.4	0.025998669262426378	0
Solyc07g005310.3	0.025998669262426378	0
Solyc06g059750.3	0.025998669262426378	0
Solyc07g039550.4	0.025998669262426378	0
Solyc08g074660.1	0.025998669262426378	0
Solyc08g063000.4	0.025998669262426378	0
Solyc07g016180.3	0.025998669262426378	0
Solyc07g041280.5	0.025998669262426378	0
Solyc06g049090.4	0.025998669262426378	0
Solyc06g073670.4	0.025998669262426378	0
Solyc08g080250.4	0.025998669262426378	0
Solyc06g083420.3	0.025998669262426378	0
Solyc07g007220.3	0.025998669262426378	0
Solyc08g081160.3	0.025998669262426378	0
Solyc06g074810.3	0.025998669262426378	0
Solyc06g084420.1	0.025998669262426378	0
Solyc08g081535.1	0.025998669262426378	0
Solyc09g064840.4	0.025998669262426378	0
Solyc08g081940.3	0.025998669262426378	0
Solyc08g067860.2	0.025998669262426378	0
Solyc07g045380.3	0.025998669262426378	0
Solyc07g064510.3	0.025998669262426378	0
Solyc06g076250.5	0.025998669262426378	0
Solyc06g071430.3	0.025998669262426378	0
Solyc06g071560.3	0.025998669262426378	0
Solyc10g083840.1	0.025998669262426378	0
Solyc08g083140.5	0.025998669262426378	0
Solyc08g083270.3	0.025998669262426378	0
Solyc09g074520.3	0.025998669262426378	0
Solyc07g055900.1	0.025998669262426378	0
Solyc11g007760.2	0.025998669262426378	0
Solyc09g074990.4	0.025998669262426378	0
Solyc07g065540.1	0.025998669262426378	0
Solyc10g079120.3	0.025998669262426378	0
Solyc11g065370.3	0.025998669262426378	0
Solyc10g045550.2	0.025998669262426378	0
Solyc09g075590.1	0.025998669262426378	0
Solyc11g072250.2	0.025998669262426378	0
Solyc12g010750.2	0.025998669262426378	0
Solyc10g047050.2	0.025998669262426378	0
Solyc11g042440.1	0.025998669262426378	0
Solyc11g016940.2	0.025998669262426378	0
Solyc12g099310.2	0.025998669262426378	0
Solyc12g099740.2	0.025998669262426378	0
Solyc10g018300.3	0.025998669262426378	0
Solyc12g014330.1	0.025998669262426378	0
Solyc11g006170.3	0.025998669262426378	0
Solyc12g006973.1	0.025998669262426378	0
Solyc12g006980.2	0.025998669262426378	0
Solyc12g038340.2	0.025998669262426378	0
Solyc11g011160.1	0.025998669262426378	0
Solyc09g090100.3	0.025998669262426378	0
Solyc10g051373.1	0.025998669262426378	0
Solyc12g098130.1	0.025998669262426378	0
Solyc11g012780.3	0.025998669262426378	0
Solyc07g161640.1	0.02621655240874205	0
Solyc07g026910.3	0.02621655240874205	0
Solyc06g063380.1	0.026577045186053288	0
Solyc11g020030.3	0.026577045186053288	0
Solyc02g065310.1	0.026709907665646578	0
Solyc01g066614.1	0.026757120279630207	0
Solyc02g031730.1	0.026757120279630207	0
Solyc06g053410.1	0.026757120279630207	0
Solyc01g066616.2	0.02676892780512463	0
Solyc06g009890.2	0.026780737077995408	0
Solyc07g043100.1	0.026780737077995408	0
Solyc09g075600.3	0.026780737077995408	0
Solyc10g045480.1	0.027076819661248898	0
Solyc07g055415.2	0.02708671107609673	0
Solyc06g072760.4	0.027264961914157494	0
Solyc03g006550.4	0.027274876121969396	0
Solyc00g500172.1	0.027274876121969396	0
Solyc01g098390.3	0.02728479152530583	0
Solyc01g095180.2	0.02728479152530583	0
Solyc09g010870.4	0.02728479152530583	0
Solyc07g055120.4	0.02728479152530583	0
Solyc08g150134.1	0.027387267159369802	0
Solyc02g080920.3	0.027459684794666997	0
Solyc09g037080.3	0.027476907941100547	0
Solyc10g019000.3	0.027691938560969905	0
Solyc03g046260.3	0.02775771101006352	0
Solyc08g066460.4	0.02775771101006352	0
Solyc05g162180.1	0.02777658055448903	0
Solyc01g009330.1	0.0277793707106005	0
Solyc05g010130.1	0.02800885647907789	0
Solyc01g107710.2	0.028029654765792018	0
Solyc06g033783.1	0.028052555507276578	0
Solyc12g099210.2	0.02814532892421121	0
Solyc02g065253.2	0.028452263295570632	0
Solyc09g007040.1	0.028647211054660972	0
Solyc08g074310.1	0.028713832431309032	0
Solyc12g017360.3	0.0287499871101051	0
Solyc03g116250.2	0.02877055650061832	0
Solyc01g010510.4	0.028791130609681533	0
Solyc03g005380.3	0.028791130609681533	0
Solyc01g079460.2	0.028801419432608687	0
Solyc05g056520.5	0.028801419432608687	0
Solyc04g082770.4	0.028801419432608687	0
Solyc05g017840.4	0.028801419432608687	0
Solyc04g063380.3	0.028801419432608687	0
Solyc08g075940.4	0.028801419432608687	0
Solyc08g066950.3	0.028801419432608687	0
Solyc06g063010.4	0.028801419432608687	0
Solyc07g044830.3	0.028801419432608687	0
Solyc08g075190.1	0.02894899422805413	0
Solyc05g055180.3	0.029107490364976646	0
Solyc04g079010.1	0.029166363572865724	0
Solyc02g067550.3	0.029357344110664794	0
Solyc01g103580.3	0.029357344110664794	0
Solyc01g091420.2	0.029357344110664794	0
Solyc01g108414.1	0.029357344110664794	0
Solyc02g080990.2	0.029357344110664794	0
Solyc01g098160.3	0.029357344110664794	0
Solyc02g090100.1	0.029357344110664794	0
Solyc01g005130.3	0.029357344110664794	0
Solyc01g094290.3	0.029357344110664794	0
Solyc02g077630.3	0.029357344110664794	0
Solyc02g077840.2	0.029357344110664794	0
Solyc02g087200.2	0.029357344110664794	0
Solyc02g069530.1	0.029357344110664794	0
Solyc02g069640.4	0.029357344110664794	0
Solyc02g087560.1	0.029357344110664794	0
Solyc01g006400.4	0.029357344110664794	0
Solyc02g083290.4	0.029357344110664794	0
Solyc01g079090.4	0.029357344110664794	0
Solyc01g111370.3	0.029357344110664794	0
Solyc01g079340.3	0.029357344110664794	0
Solyc01g111540.4	0.029357344110664794	0
Solyc01g102510.4	0.029357344110664794	0
Solyc01g107090.2	0.029357344110664794	0
Solyc02g093010.3	0.029357344110664794	0
Solyc00g500240.1	0.029357344110664794	0
Solyc01g090460.3	0.029357344110664794	0
Solyc03g110860.3	0.029357344110664794	0
Solyc03g111110.1	0.029357344110664794	0
Solyc04g071130.1	0.029357344110664794	0
Solyc05g052350.3	0.029357344110664794	0
Solyc03g065235.1	0.029357344110664794	0
Solyc04g051500.3	0.029357344110664794	0
Solyc03g111680.3	0.029357344110664794	0
Solyc05g010240.4	0.029357344110664794	0
Solyc03g095730.4	0.029357344110664794	0
Solyc03g078300.3	0.029357344110664794	0
Solyc06g009060.4	0.029357344110664794	0
Solyc04g074190.3	0.029357344110664794	0
Solyc05g007160.3	0.029357344110664794	0
Solyc05g007270.4	0.029357344110664794	0
Solyc03g082590.4	0.029357344110664794	0
Solyc03g117900.3	0.029357344110664794	0
Solyc03g097270.3	0.029357344110664794	0
Solyc05g054700.3	0.029357344110664794	0
Solyc06g010170.3	0.029357344110664794	0
Solyc05g050630.5	0.029357344110664794	0
Solyc04g008303.1	0.029357344110664794	0
Solyc04g080370.3	0.029357344110664794	0
Solyc04g008430.1	0.029357344110664794	0
Solyc04g057990.4	0.029357344110664794	0
Solyc06g017970.4	0.029357344110664794	0
Solyc06g006022.2	0.029357344110664794	0
Solyc06g065650.3	0.029357344110664794	0
Solyc06g076700.1	0.029357344110664794	0
Solyc05g014310.3	0.029357344110664794	0
Solyc03g119050.4	0.029357344110664794	0
Solyc05g008800.4	0.029357344110664794	0
Solyc06g066000.3	0.029357344110664794	0
Solyc07g056310.3	0.029357344110664794	0
Solyc06g034150.5	0.029357344110664794	0
Solyc06g034390.1	0.029357344110664794	0
Solyc07g015970.3	0.029357344110664794	0
Solyc07g005760.3	0.029357344110664794	0
Solyc07g066150.1	0.029357344110664794	0
Solyc07g006010.3	0.029357344110664794	0
Solyc07g062160.3	0.029357344110664794	0
Solyc07g052740.3	0.029357344110664794	0
Solyc08g066360.3	0.029357344110664794	0
Solyc06g074050.3	0.029357344110664794	0
Solyc06g074510.5	0.029357344110664794	0
Solyc06g062950.1	0.029357344110664794	0
Solyc08g067320.3	0.029357344110664794	0
Solyc09g064890.5	0.029357344110664794	0
Solyc09g007210.4	0.029357344110664794	0
Solyc09g055230.3	0.029357344110664794	0
Solyc08g014040.3	0.029357344110664794	0
Solyc09g072900.4	0.029357344110664794	0
Solyc09g011480.3	0.029357344110664794	0
Solyc08g015660.3	0.029357344110664794	0
Solyc07g049410.3	0.029357344110664794	0
Solyc11g071920.3	0.029357344110664794	0
Solyc10g079250.2	0.029357344110664794	0
Solyc11g072150.4	0.029357344110664794	0
Solyc09g075560.1	0.029357344110664794	0
Solyc10g079560.1	0.029357344110664794	0
Solyc11g066110.2	0.029357344110664794	0
Solyc10g079850.2	0.029357344110664794	0
Solyc09g076050.5	0.029357344110664794	0
Solyc09g082200.2	0.029357344110664794	0
Solyc10g080390.2	0.029357344110664794	0
Solyc10g080490.2	0.029357344110664794	0
Solyc10g080560.2	0.029357344110664794	0
Solyc12g014010.2	0.029357344110664794	0
Solyc12g014180.2	0.029357344110664794	0
Solyc12g038130.1	0.029357344110664794	0
Solyc12g038600.2	0.029357344110664794	0
Solyc11g056650.2	0.029357344110664794	0
Solyc12g008330.3	0.029357344110664794	0
Solyc10g078160.2	0.029357344110664794	0
Solyc11g069600.2	0.029357344110664794	0
Solyc11g012740.2	0.029357344110664794	0
Solyc12g098463.1	0.029357344110664794	0
Solyc03g115710.1	0.029367973945827908	0
Solyc11g010860.3	0.02945867668977772	0
Solyc02g086290.3	0.029615957208540395	0
Solyc11g011650.1	0.029615957208540395	0
Solyc06g084580.1	0.030347403029386984	0
Solyc01g006550.4	0.030379407545601193	0
Solyc04g040180.3	0.030390078036425305	0
Solyc06g063270.5	0.030390078036425305	0
Solyc08g005540.2	0.030390078036425305	0
Solyc12g040690.1	0.03056431119253255	0
Solyc03g006200.3	0.030654238632874357	0
Solyc00g007330.1	0.030654238632874357	0
Solyc00g500267.1	0.030654238632874357	0
Solyc00g012540.1	0.030654238632874357	0
Solyc02g011780.3	0.030654238632874357	0
Solyc00g014810.1	0.030654238632874357	0
Solyc01g017510.1	0.030654238632874357	0
Solyc01g097555.2	0.030654238632874357	0
Solyc02g067400.3	0.030654238632874357	0
Solyc02g043875.2	0.030654238632874357	0
Solyc01g017790.3	0.030654238632874357	0
Solyc01g080787.2	0.030654238632874357	0
Solyc02g014600.1	0.030654238632874357	0
Solyc02g014650.1	0.030654238632874357	0
Solyc02g014780.1	0.030654238632874357	0
Solyc02g060585.1	0.030654238632874357	0
Solyc01g020460.3	0.030654238632874357	0
Solyc01g066660.1	0.030654238632874357	0
Solyc01g066670.1	0.030654238632874357	0
Solyc01g009650.1	0.030654238632874357	0
Solyc02g020970.1	0.030654238632874357	0
Solyc01g108720.2	0.030654238632874357	0
Solyc02g150108.1	0.030654238632874357	0
Solyc00g500390.1	0.030654238632874357	0
Solyc01g160410.1	0.030654238632874357	0
Solyc02g021330.1	0.030654238632874357	0
Solyc00g160550.1	0.030654238632874357	0
Solyc01g004002.1	0.030654238632874357	0
Solyc01g004008.1	0.030654238632874357	0
Solyc01g160660.1	0.030654238632874357	0
Solyc00g160650.1	0.030654238632874357	0
Solyc01g081590.5	0.030654238632874357	0
Solyc01g160840.1	0.030654238632874357	0
Solyc01g160860.1	0.030654238632874357	0
Solyc02g160010.1	0.030654238632874357	0
Solyc01g160950.1	0.030654238632874357	0
Solyc01g161010.1	0.030654238632874357	0
Solyc02g160130.1	0.030654238632874357	0
Solyc02g023940.3	0.030654238632874357	0
Solyc01g161250.1	0.030654238632874357	0
Solyc02g068970.2	0.030654238632874357	0
Solyc01g161290.1	0.030654238632874357	0
Solyc01g109495.2	0.030654238632874357	0
Solyc01g056220.2	0.030654238632874357	0
Solyc02g160470.1	0.030654238632874357	0
Solyc01g056420.1	0.030654238632874357	0
Solyc02g030350.1	0.030654238632874357	0
Solyc02g069175.1	0.030654238632874357	0
Solyc03g013490.1	0.030654238632874357	0
Solyc02g082375.1	0.030654238632874357	0
Solyc01g011273.1	0.030654238632874357	0
Solyc02g160690.1	0.030654238632874357	0
Solyc01g161830.1	0.030654238632874357	0
Solyc01g161940.1	0.030654238632874357	0
Solyc02g160900.1	0.030654238632874357	0
Solyc02g160950.1	0.030654238632874357	0
Solyc01g095380.1	0.030654238632874357	0
Solyc01g162220.1	0.030654238632874357	0
Solyc01g162240.1	0.030654238632874357	0
Solyc01g162310.1	0.030654238632874357	0
Solyc01g110170.1	0.030654238632874357	0
Solyc01g014050.1	0.030654238632874357	0
Solyc02g087380.1	0.030654238632874357	0
Solyc02g161370.1	0.030654238632874357	0
Solyc01g105910.2	0.030654238632874357	0
Solyc01g014340.2	0.030654238632874357	0
Solyc01g162560.1	0.030654238632874357	0
Solyc01g014520.1	0.030654238632874357	0
Solyc01g110600.2	0.030654238632874357	0
Solyc01g014660.1	0.030654238632874357	0
Solyc02g032730.1	0.030654238632874357	0
Solyc01g014830.1	0.030654238632874357	0
Solyc01g014960.1	0.030654238632874357	0
Solyc01g058225.1	0.030654238632874357	0
Solyc01g015030.1	0.030654238632874357	0
Solyc02g005390.1	0.030654238632874357	0
Solyc02g005430.2	0.030654238632874357	0
Solyc01g060053.1	0.030654238632874357	0
Solyc01g060055.2	0.030654238632874357	0
Solyc03g059120.1	0.030654238632874357	0
Solyc02g084080.1	0.030654238632874357	0
Solyc02g079680.1	0.030654238632874357	0
Solyc03g098380.2	0.030654238632874357	0
Solyc03g026410.3	0.030654238632874357	0
Solyc03g098500.4	0.030654238632874357	0
Solyc03g083835.2	0.030654238632874357	0
Solyc03g061650.4	0.030654238632874357	0
Solyc03g160210.1	0.030654238632874357	0
Solyc03g160260.1	0.030654238632874357	0
Solyc04g050407.1	0.030654238632874357	0
Solyc03g160520.1	0.030654238632874357	0
Solyc04g162680.1	0.030654238632874357	0
Solyc05g032820.3	0.030654238632874357	0
Solyc03g063440.1	0.030654238632874357	0
Solyc03g063460.1	0.030654238632874357	0
Solyc05g041150.1	0.030654238632874357	0
Solyc04g051140.3	0.030654238632874357	0
Solyc03g034110.4	0.030654238632874357	0
Solyc05g015580.1	0.030654238632874357	0
Solyc03g120210.3	0.030654238632874357	0
Solyc05g015658.2	0.030654238632874357	0
Solyc03g065190.1	0.030654238632874357	0
Solyc03g161690.1	0.030654238632874357	0
Solyc05g160090.1	0.030654238632874357	0
Solyc04g082550.2	0.030654238632874357	0
Solyc05g010220.2	0.030654238632874357	0
Solyc03g161800.1	0.030654238632874357	0
Solyc03g043710.1	0.030654238632874357	0
Solyc05g042150.2	0.030654238632874357	0
Solyc05g016090.2	0.030654238632874357	0
Solyc05g016220.1	0.030654238632874357	0
Solyc04g025190.1	0.030654238632874357	0
Solyc04g025480.3	0.030654238632874357	0
Solyc05g016465.1	0.030654238632874357	0
Solyc05g016530.1	0.030654238632874357	0
Solyc03g078010.1	0.030654238632874357	0
Solyc03g078030.1	0.030654238632874357	0
Solyc04g053107.2	0.030654238632874357	0
Solyc04g025860.1	0.030654238632874357	0
Solyc05g045826.1	0.030654238632874357	0
Solyc03g044410.1	0.030654238632874357	0
Solyc06g008540.1	0.030654238632874357	0
Solyc05g006250.1	0.030654238632874357	0
Solyc04g005890.3	0.030654238632874357	0
Solyc03g078560.1	0.030654238632874357	0
Solyc04g028380.1	0.030654238632874357	0
Solyc03g078625.1	0.030654238632874357	0
Solyc04g160150.1	0.030654238632874357	0
Solyc06g009000.1	0.030654238632874357	0
Solyc03g078840.1	0.030654238632874357	0
Solyc05g161590.1	0.030654238632874357	0
Solyc03g079890.3	0.030654238632874357	0
Solyc03g096303.1	0.030654238632874357	0
Solyc03g096370.3	0.030654238632874357	0
Solyc03g096500.1	0.030654238632874357	0
Solyc04g040050.1	0.030654238632874357	0
Solyc05g018840.1	0.030654238632874357	0
Solyc04g014300.1	0.030654238632874357	0
Solyc04g055130.1	0.030654238632874357	0
Solyc05g162130.1	0.030654238632874357	0
Solyc04g045540.1	0.030654238632874357	0
Solyc05g054270.2	0.030654238632874357	0
Solyc05g054300.2	0.030654238632874357	0
Solyc05g021520.1	0.030654238632874357	0
Solyc04g161120.1	0.030654238632874357	0
Solyc05g050180.1	0.030654238632874357	0
Solyc05g023733.2	0.030654238632874357	0
Solyc04g161410.1	0.030654238632874357	0
Solyc04g161790.1	0.030654238632874357	0
Solyc03g058320.1	0.030654238632874357	0
Solyc04g075012.1	0.030654238632874357	0
Solyc04g075018.1	0.030654238632874357	0
Solyc05g025517.1	0.030654238632874357	0
Solyc06g005825.1	0.030654238632874357	0
Solyc04g162460.1	0.030654238632874357	0
Solyc06g053990.1	0.030654238632874357	0
Solyc06g160930.1	0.030654238632874357	0
Solyc06g160940.1	0.030654238632874357	0
Solyc03g150115.1	0.030654238632874357	0
Solyc06g161190.1	0.030654238632874357	0
Solyc05g008700.3	0.030654238632874357	0
Solyc07g049520.2	0.030654238632874357	0
Solyc03g160070.1	0.030654238632874357	0
Solyc03g160090.1	0.030654238632874357	0
Solyc06g034000.2	0.030654238632874357	0
Solyc08g062720.1	0.030654238632874357	0
Solyc06g082400.1	0.030654238632874357	0
Solyc07g040930.1	0.030654238632874357	0
Solyc07g016010.3	0.030654238632874357	0
Solyc08g022180.1	0.030654238632874357	0
Solyc07g016145.1	0.030654238632874357	0
Solyc09g015230.1	0.030654238632874357	0
Solyc08g160310.1	0.030654238632874357	0
Solyc08g065620.1	0.030654238632874357	0
Solyc08g160360.1	0.030654238632874357	0
Solyc07g041440.3	0.030654238632874357	0
Solyc08g160530.1	0.030654238632874357	0
Solyc08g160570.1	0.030654238632874357	0
Solyc08g160660.1	0.030654238632874357	0
Solyc08g028900.1	0.030654238632874357	0
Solyc08g028920.1	0.030654238632874357	0
Solyc09g015810.3	0.030654238632874357	0
Solyc07g041890.1	0.030654238632874357	0
Solyc07g062330.3	0.030654238632874357	0
Solyc08g029410.1	0.030654238632874357	0
Solyc08g161340.1	0.030654238632874357	0
Solyc07g018320.3	0.030654238632874357	0
Solyc08g161420.1	0.030654238632874357	0
Solyc07g160250.1	0.030654238632874357	0
Solyc09g060130.1	0.030654238632874357	0
Solyc09g018373.2	0.030654238632874357	0
Solyc09g018377.1	0.030654238632874357	0
Solyc08g066590.3	0.030654238632874357	0
Solyc09g061360.1	0.030654238632874357	0
Solyc07g160500.1	0.030654238632874357	0
Solyc08g080950.1	0.030654238632874357	0
Solyc07g020795.1	0.030654238632874357	0
Solyc07g160680.1	0.030654238632874357	0
Solyc09g061794.1	0.030654238632874357	0
Solyc08g044490.1	0.030654238632874357	0
Solyc07g161100.1	0.030654238632874357	0
Solyc07g161210.1	0.030654238632874357	0
Solyc07g021510.3	0.030654238632874357	0
Solyc08g048310.3	0.030654238632874357	0
Solyc07g161440.1	0.030654238632874357	0
Solyc09g031950.3	0.030654238632874357	0
Solyc07g022815.1	0.030654238632874357	0
Solyc07g054260.1	0.030654238632874357	0
Solyc06g052090.2	0.030654238632874357	0
Solyc06g052110.1	0.030654238632874357	0
Solyc06g064690.3	0.030654238632874357	0
Solyc09g042210.1	0.030654238632874357	0
Solyc06g052130.2	0.030654238632874357	0
Solyc09g042525.2	0.030654238632874357	0
Solyc07g161790.1	0.030654238632874357	0
Solyc06g160040.1	0.030654238632874357	0
Solyc08g061390.3	0.030654238632874357	0
Solyc06g160160.1	0.030654238632874357	0
Solyc08g004000.1	0.030654238632874357	0
Solyc09g047935.1	0.030654238632874357	0
Solyc06g160420.1	0.030654238632874357	0
Solyc09g011090.3	0.030654238632874357	0
Solyc06g160590.1	0.030654238632874357	0
Solyc08g062050.1	0.030654238632874357	0
Solyc08g062080.1	0.030654238632874357	0
Solyc09g007595.2	0.030654238632874357	0
Solyc09g074140.3	0.030654238632874357	0
Solyc09g074190.2	0.030654238632874357	0
Solyc06g071710.1	0.030654238632874357	0
Solyc08g005690.1	0.030654238632874357	0
Solyc08g005750.3	0.030654238632874357	0
Solyc10g052718.1	0.030654238632874357	0
Solyc09g161110.1	0.030654238632874357	0
Solyc10g008290.1	0.030654238632874357	0
Solyc10g052817.1	0.030654238632874357	0
Solyc09g161210.1	0.030654238632874357	0
Solyc09g161250.1	0.030654238632874357	0
Solyc08g069234.1	0.030654238632874357	0
Solyc09g057800.1	0.030654238632874357	0
Solyc08g069239.1	0.030654238632874357	0
Solyc09g057830.1	0.030654238632874357	0
Solyc09g057840.1	0.030654238632874357	0
Solyc10g161240.1	0.030654238632874357	0
Solyc10g078775.1	0.030654238632874357	0
Solyc10g044860.1	0.030654238632874357	0
Solyc10g054190.2	0.030654238632874357	0
Solyc09g058993.1	0.030654238632874357	0
Solyc10g161760.1	0.030654238632874357	0
Solyc11g162150.1	0.030654238632874357	0
Solyc11g039660.1	0.030654238632874357	0
Solyc10g161850.1	0.030654238632874357	0
Solyc09g161900.1	0.030654238632874357	0
Solyc11g039810.3	0.030654238632874357	0
Solyc09g162000.1	0.030654238632874357	0
Solyc10g162050.1	0.030654238632874357	0
Solyc12g020130.1	0.030654238632874357	0
Solyc12g042965.2	0.030654238632874357	0
Solyc12g042967.2	0.030654238632874357	0
Solyc10g055160.3	0.030654238632874357	0
Solyc12g026360.1	0.030654238632874357	0
Solyc10g055197.2	0.030654238632874357	0
Solyc10g162450.1	0.030654238632874357	0
Solyc10g046990.2	0.030654238632874357	0
Solyc10g055330.3	0.030654238632874357	0
Solyc11g008400.2	0.030654238632874357	0
Solyc10g162750.1	0.030654238632874357	0
Solyc11g072560.4	0.030654238632874357	0
Solyc10g162910.1	0.030654238632874357	0
Solyc12g044670.2	0.030654238632874357	0
Solyc11g066163.1	0.030654238632874357	0
Solyc10g047580.1	0.030654238632874357	0
Solyc10g012120.1	0.030654238632874357	0
Solyc12g035313.2	0.030654238632874357	0
Solyc10g012200.1	0.030654238632874357	0
Solyc12g035525.1	0.030654238632874357	0
Solyc10g012380.2	0.030654238632874357	0
Solyc10g062100.1	0.030654238632874357	0
Solyc12g035780.1	0.030654238632874357	0
Solyc12g049110.1	0.030654238632874357	0
Solyc10g062330.2	0.030654238632874357	0
Solyc12g035895.1	0.030654238632874357	0
Solyc12g049200.1	0.030654238632874357	0
Solyc11g044645.1	0.030654238632874357	0
Solyc10g074430.2	0.030654238632874357	0
Solyc12g013660.3	0.030654238632874357	0
Solyc10g048130.3	0.030654238632874357	0
Solyc11g073170.1	0.030654238632874357	0
Solyc11g019940.1	0.030654238632874357	0
Solyc10g017870.1	0.030654238632874357	0
Solyc12g036230.3	0.030654238632874357	0
Solyc12g036260.1	0.030654238632874357	0
Solyc11g020080.3	0.030654238632874357	0
Solyc10g049550.3	0.030654238632874357	0
Solyc12g160110.1	0.030654238632874357	0
Solyc10g049770.1	0.030654238632874357	0
Solyc12g038030.1	0.030654238632874357	0
Solyc11g045690.3	0.030654238632874357	0
Solyc10g018630.3	0.030654238632874357	0
Solyc12g095740.3	0.030654238632874357	0
Solyc11g068600.1	0.030654238632874357	0
Solyc11g160360.1	0.030654238632874357	0
Solyc11g160370.1	0.030654238632874357	0
Solyc11g021190.2	0.030654238632874357	0
Solyc10g007240.3	0.030654238632874357	0
Solyc11g160640.1	0.030654238632874357	0
Solyc10g024383.1	0.030654238632874357	0
Solyc12g039130.1	0.030654238632874357	0
Solyc10g160280.1	0.030654238632874357	0
Solyc09g160180.1	0.030654238632874357	0
Solyc10g160340.1	0.030654238632874357	0
Solyc09g160220.1	0.030654238632874357	0
Solyc11g160970.1	0.030654238632874357	0
Solyc12g040250.1	0.030654238632874357	0
Solyc12g161360.1	0.030654238632874357	0
Solyc12g161380.1	0.030654238632874357	0
Solyc10g051070.1	0.030654238632874357	0
Solyc11g161090.1	0.030654238632874357	0
Solyc11g011895.2	0.030654238632874357	0
Solyc12g161540.1	0.030654238632874357	0
Solyc11g161280.1	0.030654238632874357	0
Solyc11g028330.3	0.030654238632874357	0
Solyc12g017810.1	0.030654238632874357	0
Solyc12g161900.1	0.030654238632874357	0
Solyc12g042030.3	0.030654238632874357	0
Solyc11g161750.1	0.030654238632874357	0
Solyc12g098170.1	0.030654238632874357	0
Solyc12g162380.1	0.030654238632874357	0
Solyc12g098240.1	0.030654238632874357	0
Solyc11g162000.1	0.030654238632874357	0
Solyc12g162580.1	0.030654238632874357	0
Solyc12g162590.1	0.030654238632874357	0
Solyc11g071223.1	0.030654238632874357	0
Solyc12g070156.2	0.030654238632874357	0
Solyc12g082750.1	0.030654238632874357	0
Solyc12g082770.3	0.030654238632874357	0
Solyc05g043410.1	0.03074536908511525	0
Solyc03g096260.3	0.030776768658539438	0
Solyc09g015310.3	0.030958414261567316	0
Solyc08g081600.1	0.031124329103966095	0
Solyc07g049250.1	0.031136216025976896	0
Solyc08g079970.2	0.03132975196632416	0
Solyc12g035180.1	0.03138365944457559	0
Solyc05g011870.1	0.031402841924853576	0
Solyc02g077970.5	0.03166700851097872	0
Solyc06g060600.3	0.03182141244011787	0
Solyc12g100150.2	0.03182141244011787	0
Solyc11g006150.1	0.03186556913536254	0
Solyc02g065740.3	0.031953937386827745	0
Solyc09g015085.1	0.031953937386827745	0
Solyc01g150150.1	0.03198709430230912	0
Solyc03g013250.4	0.03202026146492879	0
Solyc12g027893.1	0.03202026146492879	0
Solyc12g014000.3	0.03202026146492879	0
Solyc02g072040.3	0.03203131946083874	0
Solyc03g005330.1	0.03203131946083874	0
Solyc09g011540.2	0.03203131946083874	0
Solyc09g014210.3	0.03203131946083874	0
Solyc06g072270.4	0.03204237859351539	0
Solyc06g050600.4	0.03204237859351539	0
Solyc09g065670.3	0.03204237859351539	0
Solyc09g065710.1	0.03204237859351539	0
Solyc01g097710.1	0.032053438862508145	0
Solyc01g094510.2	0.032053438862508145	0
Solyc01g073920.4	0.032053438862508145	0
Solyc05g056480.3	0.032053438862508145	0
Solyc04g082280.3	0.032053438862508145	0
Solyc05g052460.3	0.032053438862508145	0
Solyc03g119110.5	0.032053438862508145	0
Solyc03g119160.3	0.032053438862508145	0
Solyc08g005860.3	0.032053438862508145	0
Solyc06g048620.3	0.032053438862508145	0
Solyc08g077840.3	0.032053438862508145	0
Solyc10g005290.5	0.032053438862508145	0
Solyc12g099900.1	0.032053438862508145	0
Solyc10g007720.4	0.032053438862508145	0
Solyc02g160360.1	0.032790228008233994	0
Solyc03g095550.2	0.03289399884342752	0
Solyc02g032210.1	0.032962489109844575	0
Solyc10g009140.3	0.03297212022241388	0
Solyc02g093620.2	0.03306307860387557	0
Solyc01g008830.2	0.03306307860387557	0
Solyc02g014170.3	0.03306307860387557	0
Solyc00g500303.1	0.03306307860387557	0
Solyc02g089600.3	0.03306307860387557	0
Solyc01g080660.3	0.03306307860387557	0
Solyc01g103460.2	0.03306307860387557	0
Solyc00g126010.1	0.03306307860387557	0
Solyc01g108560.4	0.03306307860387557	0
Solyc00g500364.1	0.03306307860387557	0
Solyc02g090230.4	0.03306307860387557	0
Solyc01g066720.3	0.03306307860387557	0
Solyc02g068350.1	0.03306307860387557	0
Solyc02g061980.3	0.03306307860387557	0
Solyc01g010130.4	0.03306307860387557	0
Solyc01g067230.5	0.03306307860387557	0
Solyc01g044340.3	0.03306307860387557	0
Solyc02g081880.3	0.03306307860387557	0
Solyc02g068720.3	0.03306307860387557	0
Solyc02g086360.3	0.03306307860387557	0
Solyc01g099280.3	0.03306307860387557	0
Solyc02g086680.4	0.03306307860387557	0
Solyc02g077600.3	0.03306307860387557	0
Solyc01g087170.3	0.03306307860387557	0
Solyc02g091710.3	0.03306307860387557	0
Solyc01g095430.3	0.03306307860387557	0
Solyc01g057760.4	0.03306307860387557	0
Solyc01g006430.3	0.03306307860387557	0
Solyc02g087720.1	0.03306307860387557	0
Solyc02g092220.1	0.03306307860387557	0
Solyc01g095980.3	0.03306307860387557	0
Solyc01g101015.1	0.03306307860387557	0
Solyc01g079230.4	0.03306307860387557	0
Solyc03g025970.3	0.03306307860387557	0
Solyc02g071040.3	0.03306307860387557	0
Solyc03g031950.3	0.03306307860387557	0
Solyc02g080040.4	0.03306307860387557	0
Solyc05g051840.1	0.03306307860387557	0
Solyc04g009170.3	0.03306307860387557	0
Solyc04g009230.5	0.03306307860387557	0
Solyc04g018090.2	0.03306307860387557	0
Solyc03g063880.3	0.03306307860387557	0
Solyc03g111650.4	0.03306307860387557	0
Solyc03g115900.5	0.03306307860387557	0
Solyc03g093880.3	0.03306307860387557	0
Solyc04g071930.5	0.03306307860387557	0
Solyc04g072036.2	0.03306307860387557	0
Solyc05g044600.1	0.03306307860387557	0
Solyc04g054200.3	0.03306307860387557	0
Solyc04g078750.3	0.03306307860387557	0
Solyc04g072500.1	0.03306307860387557	0
Solyc05g047590.5	0.03306307860387557	0
Solyc06g009340.4	0.03306307860387557	0
Solyc04g014260.2	0.03306307860387557	0
Solyc03g081270.2	0.03306307860387557	0
Solyc03g081300.4	0.03306307860387557	0
Solyc05g054720.3	0.03306307860387557	0
Solyc04g080280.3	0.03306307860387557	0
Solyc05g055080.2	0.03306307860387557	0
Solyc04g008720.4	0.03306307860387557	0
Solyc03g114250.4	0.03306307860387557	0
Solyc06g076850.3	0.03306307860387557	0
Solyc04g081160.3	0.03306307860387557	0
Solyc05g014490.3	0.03306307860387557	0
Solyc08g079100.3	0.03306307860387557	0
Solyc07g005950.5	0.03306307860387557	0
Solyc07g061970.3	0.03306307860387557	0
Solyc06g060710.5	0.03306307860387557	0
Solyc06g082940.3	0.03306307860387557	0
Solyc06g073587.1	0.03306307860387557	0
Solyc06g073600.4	0.03306307860387557	0
Solyc07g006780.3	0.03306307860387557	0
Solyc08g042040.4	0.03306307860387557	0
Solyc09g009770.3	0.03306307860387557	0
Solyc08g045850.3	0.03306307860387557	0
Solyc06g069420.3	0.03306307860387557	0
Solyc06g069450.4	0.03306307860387557	0
Solyc06g063360.4	0.03306307860387557	0
Solyc07g008075.1	0.03306307860387557	0
Solyc06g150130.1	0.03306307860387557	0
Solyc06g150133.1	0.03306307860387557	0
Solyc06g071220.1	0.03306307860387557	0
Solyc08g061820.3	0.03306307860387557	0
Solyc06g053820.4	0.03306307860387557	0
Solyc07g064640.3	0.03306307860387557	0
Solyc06g071500.3	0.03306307860387557	0
Solyc09g065630.3	0.03306307860387557	0
Solyc09g007700.3	0.03306307860387557	0
Solyc09g055940.4	0.03306307860387557	0
Solyc09g011590.4	0.03306307860387557	0
Solyc08g083030.4	0.03306307860387557	0
Solyc07g055830.3	0.03306307860387557	0
Solyc10g055260.2	0.03306307860387557	0
Solyc10g055593.1	0.03306307860387557	0
Solyc11g017230.2	0.03306307860387557	0
Solyc11g044480.2	0.03306307860387557	0
Solyc11g008900.2	0.03306307860387557	0
Solyc10g076360.1	0.03306307860387557	0
Solyc11g068670.2	0.03306307860387557	0
Solyc12g095900.2	0.03306307860387557	0
Solyc11g068750.2	0.03306307860387557	0
Solyc12g095960.3	0.03306307860387557	0
Solyc11g069930.3	0.03306307860387557	0
Solyc12g019055.1	0.03351954564122729	0
Solyc08g005510.3	0.03357671855046547	0
Solyc11g161920.1	0.033672740406601114	0
Solyc11g073040.1	0.033684420155050035	0
Solyc07g062960.1	0.03372549886270349	0
Solyc06g083910.3	0.033759859523056115	0
Solyc01g066450.3	0.03378277218732616	0
Solyc01g098480.4	0.03378277218732616	0
Solyc02g090570.4	0.03378277218732616	0
Solyc03g114990.2	0.03378277218732616	0
Solyc02g032380.3	0.03379423018528195	0
Solyc02g070430.4	0.03379423018528195	0
Solyc01g088750.3	0.03379423018528195	0
Solyc06g005000.3	0.03379423018528195	0
Solyc05g007950.5	0.03379423018528195	0
Solyc09g059630.4	0.03379423018528195	0
Solyc07g018200.1	0.03379423018528195	0
Solyc11g071430.1	0.03379423018528195	0
Solyc07g160770.1	0.033967139340593186	0
Solyc11g160160.1	0.03403946894962944	0
Solyc04g009490.1	0.03406358853117011	0
Solyc05g006670.2	0.034563673033481616	0
Solyc07g052360.2	0.034784516266735184	0
Solyc12g096380.1	0.0348136886697414	0
Solyc02g080770.2	0.034828277428141395	0
Solyc04g025820.1	0.034828277428141395	0
Solyc07g018370.3	0.034872053919970475	0
Solyc03g093343.1	0.034901246752587156	0
Solyc07g008373.1	0.034901246752587156	0
Solyc08g015820.1	0.034901246752587156	0
Solyc10g049540.1	0.034901246752587156	0
Solyc08g079315.1	0.034917155104733824	0
Solyc03g120030.1	0.03494627020710913	0
Solyc12g011070.3	0.03495255841962772	0
Solyc10g018290.3	0.03497086037419318	0
Solyc12g016110.1	0.03536633018159958	0
Solyc04g009290.1	0.03544924552932798	0
Solyc07g018310.5	0.03550850340951647	0
Solyc01g096170.4	0.03553221416013056	0
Solyc06g062300.2	0.035572978023502975	0
Solyc03g025250.4	0.03557964866650141	0
Solyc01g100210.3	0.03559150999972689	0
Solyc06g069590.3	0.03559150999972689	0
Solyc02g089470.1	0.0356033724146554	0
Solyc05g015060.4	0.0356033724146554	0
Solyc03g118790.3	0.0356033724146554	0
Solyc09g008300.2	0.0356033724146554	0
Solyc12g044360.2	0.0356033724146554	0
Solyc10g081520.1	0.0356033724146554	0
Solyc00g500312.1	0.03561523591081233	0
Solyc03g115250.4	0.03561523591081233	0
Solyc04g078930.4	0.03561523591081233	0
Solyc04g028580.3	0.03561523591081233	0
Solyc08g062960.5	0.03561523591081233	0
Solyc06g074040.3	0.03561523591081233	0
Solyc07g053990.4	0.03561523591081233	0
Solyc12g006300.3	0.03561523591081233	0
Solyc09g098590.4	0.03561523591081233	0
Solyc11g011020.2	0.03561523591081233	0
Solyc10g076830.2	0.03561523591081233	0
Solyc11g161700.1	0.03561523591081233	0
Solyc04g150173.2	0.03577175274353568	0
Solyc05g046190.1	0.03649176574025565	0
Solyc12g006080.3	0.03649176574025565	0
Solyc07g052530.3	0.036829970989822956	0
Solyc01g097720.1	0.0371261407788922	0
Solyc02g072140.1	0.0371261407788922	0
Solyc00g126000.1	0.0371261407788922	0
Solyc01g108416.1	0.0371261407788922	0
Solyc03g006880.3	0.0371261407788922	0
Solyc01g108430.3	0.0371261407788922	0
Solyc01g081210.5	0.0371261407788922	0
Solyc02g068160.1	0.0371261407788922	0
Solyc01g044556.1	0.0371261407788922	0
Solyc02g086560.3	0.0371261407788922	0
Solyc02g082120.3	0.0371261407788922	0
Solyc01g105030.3	0.0371261407788922	0
Solyc02g086830.3	0.0371261407788922	0
Solyc00g500050.1	0.0371261407788922	0
Solyc03g019650.3	0.0371261407788922	0
Solyc02g063350.1	0.0371261407788922	0
Solyc01g110020.4	0.0371261407788922	0
Solyc02g063410.3	0.0371261407788922	0
Solyc01g105670.3	0.0371261407788922	0
Solyc02g064770.5	0.0371261407788922	0
Solyc00g500133.1	0.0371261407788922	0
Solyc02g078830.5	0.0371261407788922	0
Solyc01g014850.4	0.0371261407788922	0
Solyc01g100780.3	0.0371261407788922	0
Solyc01g096060.4	0.0371261407788922	0
Solyc01g096250.2	0.0371261407788922	0
Solyc01g111400.5	0.0371261407788922	0
Solyc03g025950.4	0.0371261407788922	0
Solyc01g089857.1	0.0371261407788922	0
Solyc01g096570.3	0.0371261407788922	0
Solyc03g026310.4	0.0371261407788922	0
Solyc03g114850.4	0.0371261407788922	0
Solyc03g061590.4	0.0371261407788922	0
Solyc03g006140.3	0.0371261407788922	0
Solyc01g097130.4	0.0371261407788922	0
Solyc03g115170.1	0.0371261407788922	0
Solyc02g084490.1	0.0371261407788922	0
Solyc04g017700.5	0.0371261407788922	0
Solyc03g033610.1	0.0371261407788922	0
Solyc04g077440.4	0.0371261407788922	0
Solyc05g051990.3	0.0371261407788922	0
Solyc05g009950.3	0.0371261407788922	0
Solyc03g071690.4	0.0371261407788922	0
Solyc04g078590.3	0.0371261407788922	0
Solyc03g117550.1	0.0371261407788922	0
Solyc05g049950.3	0.0371261407788922	0
Solyc04g074240.3	0.0371261407788922	0
Solyc03g051770.2	0.0371261407788922	0
Solyc03g097410.1	0.0371261407788922	0
Solyc04g080290.3	0.0371261407788922	0
Solyc03g097580.4	0.0371261407788922	0
Solyc04g008500.4	0.0371261407788922	0
Solyc05g013780.3	0.0371261407788922	0
Solyc06g005790.3	0.0371261407788922	0
Solyc05g055260.5	0.0371261407788922	0
Solyc05g008300.4	0.0371261407788922	0
Solyc06g072050.4	0.0371261407788922	0
Solyc04g080830.4	0.0371261407788922	0
Solyc06g065690.3	0.0371261407788922	0
Solyc06g007160.5	0.0371261407788922	0
Solyc05g014790.3	0.0371261407788922	0
Solyc07g039500.4	0.0371261407788922	0
Solyc07g005540.1	0.0371261407788922	0
Solyc06g072720.3	0.0371261407788922	0
Solyc07g066000.3	0.0371261407788922	0
Solyc07g056540.3	0.0371261407788922	0
Solyc07g040910.3	0.0371261407788922	0
Solyc08g006310.3	0.0371261407788922	0
Solyc07g005830.3	0.0371261407788922	0
Solyc07g052420.3	0.0371261407788922	0
Solyc06g082910.3	0.0371261407788922	0
Solyc07g062110.3	0.0371261407788922	0
Solyc09g008920.3	0.0371261407788922	0
Solyc08g065890.3	0.0371261407788922	0
Solyc06g083040.3	0.0371261407788922	0
Solyc08g006940.5	0.0371261407788922	0
Solyc08g066120.5	0.0371261407788922	0
Solyc07g042300.1	0.0371261407788922	0
Solyc08g066420.1	0.0371261407788922	0
Solyc08g066490.3	0.0371261407788922	0
Solyc07g007140.3	0.0371261407788922	0
Solyc09g009630.3	0.0371261407788922	0
Solyc08g076370.3	0.0371261407788922	0
Solyc06g063110.3	0.0371261407788922	0
Solyc08g076683.1	0.0371261407788922	0
Solyc08g067200.2	0.0371261407788922	0
Solyc08g081320.3	0.0371261407788922	0
Solyc08g008030.3	0.0371261407788922	0
Solyc06g075390.4	0.0371261407788922	0
Solyc07g063830.3	0.0371261407788922	0
Solyc06g053300.3	0.0371261407788922	0
Solyc06g071230.3	0.0371261407788922	0
Solyc07g047900.3	0.0371261407788922	0
Solyc09g066480.2	0.0371261407788922	0
Solyc11g007690.3	0.0371261407788922	0
Solyc10g084700.2	0.0371261407788922	0
Solyc11g071820.3	0.0371261407788922	0
Solyc11g065750.2	0.0371261407788922	0
Solyc12g088390.1	0.0371261407788922	0
Solyc11g072770.2	0.0371261407788922	0
Solyc09g082170.4	0.0371261407788922	0
Solyc12g011320.2	0.0371261407788922	0
Solyc11g005150.3	0.0371261407788922	0
Solyc10g006030.3	0.0371261407788922	0
Solyc12g006160.2	0.0371261407788922	0
Solyc10g006300.4	0.0371261407788922	0
Solyc11g010660.2	0.0371261407788922	0
Solyc12g007130.2	0.0371261407788922	0
Solyc10g007190.2	0.0371261407788922	0
Solyc11g068680.2	0.0371261407788922	0
Solyc12g095920.2	0.0371261407788922	0
Solyc12g007310.3	0.0371261407788922	0
Solyc11g006770.3	0.0371261407788922	0
Solyc11g012100.2	0.0371261407788922	0
Solyc11g069450.1	0.0371261407788922	0
Solyc11g069470.3	0.0371261407788922	0
Solyc10g052510.2	0.0371261407788922	0
Solyc11g069650.2	0.0371261407788922	0
Solyc11g012870.2	0.0371261407788922	0
Solyc11g071320.2	0.0371261407788922	0
Solyc04g080877.2	0.03740884306654131	0
Solyc03g096070.3	0.03748246777389678	0
Solyc00g500167.1	0.03749474223528553	0
Solyc08g075500.4	0.03749474223528553	0
Solyc05g006430.3	0.0375070177459011	0
Solyc00g014850.1	0.03751929430525802	0
Solyc01g067550.3	0.03751929430525802	0
Solyc02g069790.3	0.03751929430525802	0
Solyc03g033980.4	0.03751929430525802	0
Solyc05g007280.3	0.03751929430525802	0
Solyc07g005320.3	0.03751929430525802	0
Solyc06g150123.1	0.03751929430525802	0
Solyc08g068075.1	0.03751929430525802	0
Solyc11g066310.2	0.03751929430525802	0
Solyc11g067180.2	0.03751929430525802	0
Solyc10g080460.2	0.03785060595921728	0
Solyc01g080560.1	0.038297092567561586	0
Solyc11g062150.3	0.038810157208580526	0
Solyc10g052714.1	0.038812480900104196	0
Solyc02g069053.1	0.03890243570427166	0
Solyc11g150141.1	0.03926822800247416	0
Solyc12g042010.1	0.039331631474094776	0
Solyc06g069870.3	0.03934431522833705	0
Solyc06g009830.3	0.03939506042845709	0
Solyc11g008070.1	0.03940774927179042	0
Solyc11g056270.3	0.039458514803439426	0
Solyc02g068485.1	0.03947120872344941	0
Solyc08g029000.3	0.03947120872344941	0
Solyc09g064277.2	0.03947120872344941	0
Solyc09g065480.2	0.039496599604514675	0
Solyc08g077940.2	0.039496599604514675	0
Solyc11g010340.2	0.039496599604514675	0
Solyc02g063220.3	0.03950929656457857	0
Solyc01g095270.3	0.03950929656457857	0
Solyc00g500112.1	0.03950929656457857	0
Solyc01g111740.3	0.03950929656457857	0
Solyc03g033850.3	0.03950929656457857	0
Solyc05g052580.3	0.03950929656457857	0
Solyc04g080520.1	0.03950929656457857	0
Solyc08g076350.3	0.03950929656457857	0
Solyc06g069500.3	0.03950929656457857	0
Solyc08g061630.3	0.03950929656457857	0
Solyc12g010700.2	0.03950929656457857	0
Solyc12g088210.3	0.03950929656457857	0
Solyc12g035170.3	0.03950929656457857	0
Solyc10g074680.2	0.03950929656457857	0
Solyc10g076450.2	0.03950929656457857	0
Solyc12g096800.1	0.03950929656457857	0
Solyc11g012240.1	0.03950929656457857	0
Solyc04g054526.1	0.03960082434319668	0
Solyc09g015430.3	0.03970039874668899	0
Solyc01g105730.1	0.03990782781401572	0
Solyc03g045130.1	0.04021725055825323	0
Solyc10g054540.1	0.04046976474089255	0
Solyc06g008785.1	0.041430756219690695	0
Solyc02g065260.4	0.041534732281273565	0
Solyc02g094310.3	0.04154881480151794	0
Solyc02g070710.3	0.04154881480151794	0
Solyc04g051480.1	0.04156193730101294	0
Solyc07g053520.2	0.04156193730101294	0
Solyc06g071980.3	0.04156193730101294	0
Solyc02g021760.3	0.04157506077451391	0
Solyc01g100230.3	0.04157506077451391	0
Solyc03g116840.3	0.04157506077451391	0
Solyc07g063350.3	0.04157506077451391	0
Solyc01g097300.4	0.04158657597936535	0
Solyc01g090730.3	0.04158657597936535	0
Solyc02g089340.4	0.04158657597936535	0
Solyc03g006454.1	0.04158657597936535	0
Solyc01g060470.3	0.04158657597936535	0
Solyc00g500332.1	0.04158657597936535	0
Solyc01g103680.3	0.04158657597936535	0
Solyc00g500345.1	0.04158657597936535	0
Solyc02g094570.3	0.04158657597936535	0
Solyc01g104250.5	0.04158657597936535	0
Solyc02g061960.3	0.04158657597936535	0
Solyc01g094020.3	0.04158657597936535	0
Solyc03g007720.3	0.04158657597936535	0
Solyc01g044490.5	0.04158657597936535	0
Solyc02g081900.4	0.04158657597936535	0
Solyc01g005160.5	0.04158657597936535	0
Solyc01g104990.4	0.04158657597936535	0
Solyc01g067740.3	0.04158657597936535	0
Solyc01g094800.4	0.04158657597936535	0
Solyc01g005790.1	0.04158657597936535	0
Solyc02g087400.1	0.04158657597936535	0
Solyc01g095710.3	0.04158657597936535	0
Solyc01g095890.4	0.04158657597936535	0
Solyc01g111190.4	0.04158657597936535	0
Solyc01g088680.3	0.04158657597936535	0
Solyc01g096470.3	0.04158657597936535	0
Solyc01g096480.3	0.04158657597936535	0
Solyc02g083785.1	0.04158657597936535	0
Solyc00g500203.1	0.04158657597936535	0
Solyc02g088470.1	0.04158657597936535	0
Solyc01g090120.3	0.04158657597936535	0
Solyc03g059260.4	0.04158657597936535	0
Solyc03g026300.4	0.04158657597936535	0
Solyc02g079830.1	0.04158657597936535	0
Solyc01g102810.3	0.04158657597936535	0
Solyc03g062665.2	0.04158657597936535	0
Solyc01g102860.2	0.04158657597936535	0
Solyc03g119450.3	0.04158657597936535	0
Solyc03g115000.3	0.04158657597936535	0
Solyc02g080030.2	0.04158657597936535	0
Solyc02g084590.4	0.04158657597936535	0
Solyc03g119960.3	0.04158657597936535	0
Solyc06g007310.5	0.04158657597936535	0
Solyc05g009820.5	0.04158657597936535	0
Solyc04g071320.5	0.04158657597936535	0
Solyc03g115630.3	0.04158657597936535	0
Solyc05g005510.3	0.04158657597936535	0
Solyc04g051570.4	0.04158657597936535	0
Solyc05g015950.3	0.04158657597936535	0
Solyc04g078600.3	0.04158657597936535	0
Solyc03g095510.3	0.04158657597936535	0
Solyc03g112290.2	0.04158657597936535	0
Solyc04g005600.3	0.04158657597936535	0
Solyc04g072450.3	0.04158657597936535	0
Solyc04g011700.2	0.04158657597936535	0
Solyc03g121300.2	0.04158657597936535	0
Solyc05g012450.4	0.04158657597936535	0
Solyc04g054740.3	0.04158657597936535	0
Solyc05g006680.4	0.04158657597936535	0
Solyc03g117530.1	0.04158657597936535	0
Solyc03g096950.4	0.04158657597936535	0
Solyc04g079880.4	0.04158657597936535	0
Solyc05g050130.5	0.04158657597936535	0
Solyc03g082530.1	0.04158657597936535	0
Solyc03g051810.4	0.04158657597936535	0
Solyc06g011350.3	0.04158657597936535	0
Solyc04g015360.3	0.04158657597936535	0
Solyc05g013700.4	0.04158657597936535	0
Solyc05g055000.5	0.04158657597936535	0
Solyc05g025500.3	0.04158657597936535	0
Solyc03g097900.3	0.04158657597936535	0
Solyc03g118430.3	0.04158657597936535	0
Solyc03g118630.3	0.04158657597936535	0
Solyc04g016370.3	0.04158657597936535	0
Solyc04g081320.4	0.04158657597936535	0
Solyc05g056020.3	0.04158657597936535	0
Solyc07g051840.5	0.04158657597936535	0
Solyc07g056410.3	0.04158657597936535	0
Solyc06g034370.1	0.04158657597936535	0
Solyc08g006530.5	0.04158657597936535	0
Solyc06g073460.4	0.04158657597936535	0
Solyc07g150145.2	0.04158657597936535	0
Solyc08g066110.3	0.04158657597936535	0
Solyc07g062490.1	0.04158657597936535	0
Solyc09g009380.3	0.04158657597936535	0
Solyc07g062640.3	0.04158657597936535	0
Solyc08g076090.3	0.04158657597936535	0
Solyc07g019650.4	0.04158657597936535	0
Solyc08g066730.3	0.04158657597936535	0
Solyc08g007590.3	0.04158657597936535	0
Solyc07g053610.3	0.04158657597936535	0
Solyc07g021115.1	0.04158657597936535	0
Solyc07g007650.3	0.04158657597936535	0
Solyc08g076910.3	0.04158657597936535	0
Solyc09g010120.2	0.04158657597936535	0
Solyc09g010610.4	0.04158657597936535	0
Solyc07g008380.2	0.04158657597936535	0
Solyc06g053210.4	0.04158657597936535	0
Solyc07g008540.3	0.04158657597936535	0
Solyc08g061500.3	0.04158657597936535	0
Solyc08g082250.3	0.04158657597936535	0
Solyc08g005170.3	0.04158657597936535	0
Solyc08g068230.5	0.04158657597936535	0
Solyc09g010960.3	0.04158657597936535	0
Solyc09g007850.3	0.04158657597936535	0
Solyc11g071680.2	0.04158657597936535	0
Solyc10g054590.2	0.04158657597936535	0
Solyc10g054850.2	0.04158657597936535	0
Solyc09g091760.3	0.04158657597936535	0
Solyc12g021330.1	0.04158657597936535	0
Solyc11g065980.3	0.04158657597936535	0
Solyc12g011050.2	0.04158657597936535	0
Solyc12g045030.2	0.04158657597936535	0
Solyc11g018720.1	0.04158657597936535	0
Solyc11g066730.2	0.04158657597936535	0
Solyc12g089140.2	0.04158657597936535	0
Solyc11g010300.2	0.04158657597936535	0
Solyc12g036340.1	0.04158657597936535	0
Solyc12g006570.2	0.04158657597936535	0
Solyc12g006800.2	0.04158657597936535	0
Solyc10g081410.2	0.04158657597936535	0
Solyc10g081510.2	0.04158657597936535	0
Solyc12g096010.3	0.04158657597936535	0
Solyc10g081970.3	0.04158657597936535	0
Solyc12g008810.2	0.04158657597936535	0
Solyc10g077090.2	0.04158657597936535	0
Solyc12g042440.2	0.04158657597936535	0
Solyc12g009640.1	0.04158657597936535	0
Solyc11g013000.2	0.04158657597936535	0
Solyc02g079580.4	0.041588185221516305	0
Solyc03g077950.3	0.041588185221516305	0
Solyc03g122020.4	0.041588185221516305	0
Solyc09g008940.4	0.041588185221516305	0
Solyc07g053930.1	0.041588185221516305	0
Solyc06g065260.3	0.041588185221516305	0
Solyc06g036490.3	0.04188177845875123	0
Solyc09g008145.1	0.042596354553011764	0
Solyc03g160250.1	0.04314688379786196	0
Solyc03g005880.3	0.043160988561110704	0
Solyc03g093650.3	0.043219879310638844	0
Solyc11g022480.1	0.04331029608365146	0
Solyc04g015120.3	0.043433800404498284	0
Solyc09g074475.1	0.04348795489587849	0
Solyc10g083660.1	0.04350149587097521	0
Solyc06g008750.1	0.043596308984140006	0
Solyc08g150146.2	0.0437047229933836	0
Solyc08g075760.3	0.0437047229933836	0
Solyc08g076680.3	0.0437047229933836	0
Solyc00g500241.1	0.04371827894462368	0
Solyc04g080720.4	0.04371827894462368	0
Solyc02g014360.3	0.04373183582750467	0
Solyc05g055460.1	0.04373183582750467	0
Solyc03g006350.3	0.04374539364151341	0
Solyc04g077310.4	0.04374539364151341	0
Solyc03g120650.4	0.04374539364151341	0
Solyc01g104240.3	0.04375895238613712	0
Solyc02g081610.3	0.04375895238613712	0
Solyc01g087230.3	0.04375895238613712	0
Solyc03g005030.3	0.04375895238613712	0
Solyc01g090040.4	0.04375895238613712	0
Solyc02g084000.3	0.04375895238613712	0
Solyc03g044090.4	0.04375895238613712	0
Solyc06g008490.3	0.04375895238613712	0
Solyc04g072490.4	0.04375895238613712	0
Solyc04g040110.3	0.04375895238613712	0
Solyc05g051070.3	0.04375895238613712	0
Solyc04g076700.4	0.04375895238613712	0
Solyc05g056010.3	0.04375895238613712	0
Solyc05g056140.4	0.04375895238613712	0
Solyc04g081500.3	0.04375895238613712	0
Solyc06g082290.4	0.04375895238613712	0
Solyc08g022030.3	0.04375895238613712	0
Solyc07g040920.2	0.04375895238613712	0
Solyc09g061700.3	0.04375895238613712	0
Solyc07g008050.4	0.04375895238613712	0
Solyc07g054480.3	0.04375895238613712	0
Solyc06g065340.1	0.04375895238613712	0
Solyc11g013300.2	0.04375895238613712	0
Solyc11g039890.2	0.04375895238613712	0
Solyc10g012030.4	0.04375895238613712	0
Solyc12g009030.2	0.04375895238613712	0
Solyc11g069610.3	0.04375895238613712	0
Solyc12g009260.4	0.04375895238613712	0
Solyc01g020526.2	0.04382043035307776	0
Solyc00g281110.1	0.04417760516793096	0
Solyc02g072480.4	0.04473359162699049	0
Solyc08g021990.3	0.044858572357423875	0
Solyc02g160170.1	0.04487643286045012	0
Solyc09g092350.1	0.04487643286045012	0
Solyc07g064200.4	0.04489429488834095	0
Solyc08g048507.1	0.04493002351421863	0
Solyc03g058433.1	0.04496575822606671	0
Solyc06g068070.2	0.04496575822606671	0
Solyc07g007490.2	0.04496575822606671	0
Solyc10g160260.1	0.04496575822606671	0
Solyc11g028320.1	0.04496575822606671	0
Solyc03g113810.1	0.04496630199645156	0
Solyc05g009583.1	0.04497530654969235	0
Solyc02g071435.1	0.04512853061066379	0
Solyc07g005820.3	0.04517412060105242	0
Solyc09g150121.1	0.0454932807632636	0
Solyc02g090080.1	0.04553835611865312	0
Solyc08g016560.3	0.0455966831270628	0
Solyc10g049425.1	0.0455966831270628	0
Solyc05g053610.2	0.04570287271479556	0
Solyc05g055050.3	0.04575163445075303	0
Solyc04g005240.2	0.0458296376896636	0
Solyc11g044670.1	0.04585471169638874	0
Solyc02g077870.1	0.04588306333585034	0
Solyc09g014993.1	0.045883970164970936	0
Solyc07g161740.1	0.045883970164970936	0
Solyc11g045430.1	0.045883970164970936	0
Solyc11g021217.1	0.045883970164970936	0
Solyc01g090515.1	0.046010638263847325	0
Solyc04g014690.3	0.046010638263847325	0
Solyc05g055410.3	0.046010638263847325	0
Solyc06g048900.1	0.046010638263847325	0
Solyc07g062115.1	0.046010638263847325	0
Solyc08g016210.3	0.046010638263847325	0
Solyc11g071500.4	0.046010638263847325	0
Solyc01g112320.3	0.04602463781650924	0
Solyc02g160280.1	0.04602463781650924	0
Solyc04g057960.5	0.04602463781650924	0
Solyc06g068990.4	0.04602463781650924	0
Solyc06g051730.4	0.04602463781650924	0
Solyc09g007950.3	0.04602463781650924	0
Solyc09g091930.3	0.04602463781650924	0
Solyc03g006260.5	0.046451571831078474	0
Solyc02g080220.3	0.046451571831078474	0
Solyc02g085080.5	0.046451571831078474	0
Solyc01g081010.4	0.046451571831078474	0
Solyc01g081120.2	0.046451571831078474	0
Solyc02g081180.2	0.046451571831078474	0
Solyc02g090160.3	0.046451571831078474	0
Solyc02g068340.3	0.046451571831078474	0
Solyc01g094480.4	0.046451571831078474	0
Solyc01g094660.3	0.046451571831078474	0
Solyc00g500062.1	0.046451571831078474	0
Solyc01g068240.3	0.046451571831078474	0
Solyc01g109970.3	0.046451571831078474	0
Solyc02g069720.3	0.046451571831078474	0
Solyc01g100510.5	0.046451571831078474	0
Solyc01g006510.3	0.046451571831078474	0
Solyc01g110670.3	0.046451571831078474	0
Solyc02g078880.4	0.046451571831078474	0
Solyc01g088530.2	0.046451571831078474	0
Solyc02g083430.1	0.046451571831078474	0
Solyc01g058670.3	0.046451571831078474	0
Solyc01g006950.3	0.046451571831078474	0
Solyc02g071010.1	0.046451571831078474	0
Solyc02g092790.4	0.046451571831078474	0
Solyc03g083560.1	0.046451571831078474	0
Solyc01g090270.4	0.046451571831078474	0
Solyc01g079800.5	0.046451571831078474	0
Solyc03g119690.3	0.046451571831078474	0
Solyc03g093130.3	0.046451571831078474	0
Solyc03g063280.3	0.046451571831078474	0
Solyc04g009300.5	0.046451571831078474	0
Solyc06g007350.4	0.046451571831078474	0
Solyc06g007430.3	0.046451571831078474	0
Solyc04g024530.3	0.046451571831078474	0
Solyc04g009570.3	0.046451571831078474	0
Solyc04g078050.3	0.046451571831078474	0
Solyc03g120430.3	0.046451571831078474	0
Solyc03g043600.3	0.046451571831078474	0
Solyc05g052700.5	0.046451571831078474	0
Solyc03g044060.4	0.046451571831078474	0
Solyc04g072180.3	0.046451571831078474	0
Solyc04g005690.4	0.046451571831078474	0
Solyc03g112580.3	0.046451571831078474	0
Solyc05g053650.3	0.046451571831078474	0
Solyc03g121940.3	0.046451571831078474	0
Solyc03g113630.3	0.046451571831078474	0
Solyc05g013320.1	0.046451571831078474	0
Solyc04g074730.1	0.046451571831078474	0
Solyc05g054730.3	0.046451571831078474	0
Solyc04g076030.3	0.046451571831078474	0
Solyc03g114060.3	0.046451571831078474	0
Solyc03g097760.2	0.046451571831078474	0
Solyc04g058130.3	0.046451571831078474	0
Solyc03g123880.3	0.046451571831078474	0
Solyc04g049950.1	0.046451571831078474	0
Solyc03g123960.3	0.046451571831078474	0
Solyc03g114430.1	0.046451571831078474	0
Solyc04g080940.4	0.046451571831078474	0
Solyc06g007170.4	0.046451571831078474	0
Solyc04g081170.3	0.046451571831078474	0
Solyc08g079180.3	0.046451571831078474	0
Solyc08g065360.3	0.046451571831078474	0
Solyc06g073490.2	0.046451571831078474	0
Solyc08g006750.4	0.046451571831078474	0
Solyc09g060080.4	0.046451571831078474	0
Solyc08g007190.3	0.046451571831078474	0
Solyc06g068690.4	0.046451571831078474	0
Solyc06g083740.1	0.046451571831078474	0
Solyc09g020000.3	0.046451571831078474	0
Solyc08g043180.3	0.046451571831078474	0
Solyc08g081280.3	0.046451571831078474	0
Solyc08g076820.3	0.046451571831078474	0
Solyc08g048240.5	0.046451571831078474	0
Solyc06g075030.1	0.046451571831078474	0
Solyc06g084510.5	0.046451571831078474	0
Solyc08g067505.2	0.046451571831078474	0
Solyc06g070900.3	0.046451571831078474	0
Solyc08g008510.3	0.046451571831078474	0
Solyc06g064910.3	0.046451571831078474	0
Solyc08g068010.2	0.046451571831078474	0
Solyc06g053450.4	0.046451571831078474	0
Solyc08g061590.5	0.046451571831078474	0
Solyc08g068370.3	0.046451571831078474	0
Solyc06g065490.3	0.046451571831078474	0
Solyc07g055080.3	0.046451571831078474	0
Solyc07g049220.4	0.046451571831078474	0
Solyc09g008230.3	0.046451571831078474	0
Solyc09g074640.3	0.046451571831078474	0
Solyc11g013030.2	0.046451571831078474	0
Solyc10g008760.3	0.046451571831078474	0
Solyc10g009050.3	0.046451571831078474	0
Solyc07g065550.3	0.046451571831078474	0
Solyc11g071750.2	0.046451571831078474	0
Solyc11g071850.1	0.046451571831078474	0
Solyc10g054810.2	0.046451571831078474	0
Solyc10g005050.3	0.046451571831078474	0
Solyc10g079500.2	0.046451571831078474	0
Solyc11g065930.4	0.046451571831078474	0
Solyc12g099420.2	0.046451571831078474	0
Solyc11g066380.3	0.046451571831078474	0
Solyc10g005920.4	0.046451571831078474	0
Solyc11g005250.3	0.046451571831078474	0
Solyc11g066620.2	0.046451571831078474	0
Solyc10g080440.2	0.046451571831078474	0
Solyc10g006230.4	0.046451571831078474	0
Solyc10g006240.3	0.046451571831078474	0
Solyc12g049350.2	0.046451571831078474	0
Solyc10g074710.2	0.046451571831078474	0
Solyc11g010560.3	0.046451571831078474	0
Solyc12g015640.2	0.046451571831078474	0
Solyc11g068800.2	0.046451571831078474	0
Solyc10g076730.1	0.046451571831078474	0
Solyc10g007490.2	0.046451571831078474	0
Solyc10g051200.2	0.046451571831078474	0
Solyc10g083140.1	0.046451571831078474	0
Solyc10g007810.3	0.046451571831078474	0
Solyc10g083670.3	0.046451571831078474	0
Solyc11g070120.2	0.046451571831078474	0
Solyc12g098910.2	0.046451571831078474	0
Solyc01g059940.2	0.046596515447765746	0
Solyc02g014480.1	0.04726871846318701	0
Solyc11g064785.2	0.04726871846318701	0
Solyc01g150157.1	0.04731654259620736	0
Solyc03g063420.2	0.04731654259620736	0
Solyc04g024560.3	0.04731654259620736	0
Solyc05g045700.1	0.04731654259620736	0
Solyc06g008650.5	0.04731654259620736	0
Solyc06g054500.1	0.04731654259620736	0
Solyc08g016803.1	0.04731654259620736	0
Solyc09g061270.4	0.04731654259620736	0
Solyc10g044443.2	0.04731654259620736	0
Solyc10g047520.1	0.04731654259620736	0
Solyc12g055683.1	0.04731654259620736	0
Solyc12g036870.3	0.04731654259620736	0
Solyc09g083160.3	0.04731654259620736	0
Solyc05g044440.1	0.047376336335547865	0
Solyc03g078070.3	0.04750985017106258	0
Solyc04g007075.2	0.047580619293977694	0
Solyc12g014240.4	0.04788422636246746	0
Solyc07g063700.2	0.048169594949510654	0
Solyc12g062260.2	0.04825833797392439	0
Solyc11g072930.4	0.048287218529218724	0
Solyc08g066720.3	0.04831610243324958	0
Solyc03g121190.4	0.04833054563972472	0
Solyc10g021280.1	0.04834498968180458	0
Solyc02g067220.4	0.04835943455896304	0
Solyc02g086110.3	0.04837388027067404	0
Solyc05g042050.4	0.04837388027067404	0
Solyc08g080580.4	0.04837388027067404	0
Solyc07g055750.4	0.04837388027067404	0
Solyc12g087990.3	0.04837388027067404	0
Solyc01g099360.3	0.048388326816412	0
Solyc02g078230.2	0.048388326816412	0
Solyc01g073650.3	0.048388326816412	0
Solyc04g072170.1	0.048388326816412	0
Solyc05g012250.3	0.048388326816412	0
Solyc04g055050.1	0.048388326816412	0
Solyc05g013710.3	0.048388326816412	0
Solyc03g083180.1	0.048388326816412	0
Solyc04g015950.3	0.048388326816412	0
Solyc06g066300.1	0.048388326816412	0
Solyc07g020710.3	0.048388326816412	0
Solyc08g067300.1	0.048388326816412	0
Solyc07g055020.3	0.048388326816412	0
Solyc10g006010.3	0.048388326816412	0
Solyc12g006575.1	0.048388326816412	0
Solyc09g083110.3	0.048388326816412	0
Solyc12g014570.2	0.048388326816412	0
Solyc11g020720.1	0.048388326816412	0
Solyc12g015910.1	0.048388326816412	0
Solyc12g017970.1	0.048388326816412	0
Solyc02g068040.3	0.04897738879673446	0
Solyc02g087365.2	0.04929753027638521	0
Solyc12g099060.1	0.04999029049572601	0
Solyc05g056190.2	0.05007713562844572	0
Solyc07g044970.1	0.05044434668283759	0
Solyc12g010250.1	0.05054042567988737	0
Solyc02g062190.2	0.05070156532715265	0
Solyc03g005150.3	0.05076167942930251	0
Solyc03g098580.1	0.05076376343334718	0
Solyc02g086570.3	0.050778658899883	0
Solyc10g086750.1	0.050778658899883	0
Solyc02g068670.3	0.05079355514877656	0
Solyc03g114780.3	0.050823349991512994	0
Solyc07g017950.3	0.050823349991512994	0
Solyc00g500204.1	0.05083824858429433	0
Solyc03g083410.3	0.05083824858429433	0
Solyc05g006100.4	0.05083824858429433	0
Solyc07g040980.3	0.05083824858429433	0
Solyc08g007250.3	0.05083824858429433	0
Solyc10g150101.2	0.05083824858429433	0
Solyc01g087040.2	0.05085314795731047	0
Solyc00g500134.1	0.05085314795731047	0
Solyc04g063245.1	0.05085314795731047	0
Solyc08g083510.3	0.050872938178877884	0
Solyc07g064380.4	0.05124209404139992	0
Solyc06g069100.3	0.05158466348332782	0
Solyc02g150124.1	0.05159993133529761	0
Solyc00g500253.1	0.05176322728504892	0
Solyc00g500260.1	0.05176322728504892	0
Solyc01g090770.4	0.05176322728504892	0
Solyc01g107870.3	0.05176322728504892	0
Solyc00g019730.2	0.05176322728504892	0
Solyc03g006510.5	0.05176322728504892	0
Solyc02g080540.1	0.05176322728504892	0
Solyc03g006620.3	0.05176322728504892	0
Solyc01g103530.3	0.05176322728504892	0
Solyc01g080770.3	0.05176322728504892	0
Solyc00g500326.1	0.05176322728504892	0
Solyc02g089830.2	0.05176322728504892	0
Solyc01g091850.3	0.05176322728504892	0
Solyc01g094030.3	0.05176322728504892	0
Solyc01g010030.3	0.05176322728504892	0
Solyc01g081610.3	0.05176322728504892	0
Solyc03g007830.3	0.05176322728504892	0
Solyc01g005240.4	0.05176322728504892	0
Solyc01g099130.3	0.05176322728504892	0
Solyc01g109430.3	0.05176322728504892	0
Solyc02g030080.5	0.05176322728504892	0
Solyc01g010860.3	0.05176322728504892	0
Solyc02g091197.1	0.05176322728504892	0
Solyc02g087040.1	0.05176322728504892	0
Solyc02g063480.2	0.05176322728504892	0
Solyc01g095515.1	0.05176322728504892	0
Solyc01g110270.3	0.05176322728504892	0
Solyc01g087900.3	0.05176322728504892	0
Solyc01g006340.3	0.05176322728504892	0
Solyc03g005000.4	0.05176322728504892	0
Solyc01g096010.4	0.05176322728504892	0
Solyc02g004003.1	0.05176322728504892	0
Solyc02g070770.3	0.05176322728504892	0
Solyc02g083630.3	0.05176322728504892	0
Solyc02g065630.4	0.05176322728504892	0
Solyc01g079510.3	0.05176322728504892	0
Solyc03g083510.4	0.05176322728504892	0
Solyc03g059160.3	0.05176322728504892	0
Solyc01g111720.5	0.05176322728504892	0
Solyc01g096940.5	0.05176322728504892	0
Solyc01g107150.3	0.05176322728504892	0
Solyc03g061600.4	0.05176322728504892	0
Solyc02g084480.3	0.05176322728504892	0
Solyc04g081790.4	0.05176322728504892	0
Solyc04g017670.3	0.05176322728504892	0
Solyc04g077450.3	0.05176322728504892	0
Solyc04g071140.3	0.05176322728504892	0
Solyc04g009340.3	0.05176322728504892	0
Solyc03g115490.1	0.05176322728504892	0
Solyc04g071970.4	0.05176322728504892	0
Solyc03g116460.4	0.05176322728504892	0
Solyc04g078560.1	0.05176322728504892	0
Solyc04g010290.5	0.05176322728504892	0
Solyc05g006090.4	0.05176322728504892	0
Solyc05g053080.2	0.05176322728504892	0
Solyc03g121000.3	0.05176322728504892	0
Solyc05g017890.4	0.05176322728504892	0
Solyc04g007160.1	0.05176322728504892	0
Solyc04g054910.4	0.05176322728504892	0
Solyc06g009630.1	0.05176322728504892	0
Solyc03g096990.4	0.05176322728504892	0
Solyc05g013210.3	0.05176322728504892	0
Solyc03g082610.1	0.05176322728504892	0
Solyc05g013300.1	0.05176322728504892	0
Solyc04g015270.3	0.05176322728504892	0
Solyc03g123710.3	0.05176322728504892	0
Solyc04g058140.3	0.05176322728504892	0
Solyc05g025820.5	0.05176322728504892	0
Solyc05g051230.4	0.05176322728504892	0
Solyc06g072017.1	0.05176322728504892	0
Solyc03g150102.1	0.05176322728504892	0
Solyc04g016290.3	0.05176322728504892	0
Solyc04g064590.3	0.05176322728504892	0
Solyc06g076790.1	0.05176322728504892	0
Solyc07g049490.3	0.05176322728504892	0
Solyc06g042950.3	0.05176322728504892	0
Solyc07g014610.4	0.05176322728504892	0
Solyc08g062870.1	0.05176322728504892	0
Solyc05g009290.4	0.05176322728504892	0
Solyc06g067940.4	0.05176322728504892	0
Solyc06g073630.3	0.05176322728504892	0
Solyc08g006903.1	0.05176322728504892	0
Solyc06g050250.1	0.05176322728504892	0
Solyc08g006980.3	0.05176322728504892	0
Solyc07g062410.4	0.05176322728504892	0
Solyc07g052940.4	0.05176322728504892	0
Solyc06g050430.3	0.05176322728504892	0
Solyc06g083520.3	0.05176322728504892	0
Solyc07g053190.5	0.05176322728504892	0
Solyc07g007150.1	0.05176322728504892	0
Solyc08g066860.2	0.05176322728504892	0
Solyc07g007700.3	0.05176322728504892	0
Solyc09g005480.3	0.05176322728504892	0
Solyc07g007840.3	0.05176322728504892	0
Solyc08g048460.2	0.05176322728504892	0
Solyc09g064430.4	0.05176322728504892	0
Solyc06g064450.3	0.05176322728504892	0
Solyc08g067500.1	0.05176322728504892	0
Solyc07g045440.1	0.05176322728504892	0
Solyc09g007360.3	0.05176322728504892	0
Solyc08g077770.3	0.05176322728504892	0
Solyc06g076140.5	0.05176322728504892	0
Solyc07g055060.3	0.05176322728504892	0
Solyc06g071350.4	0.05176322728504892	0
Solyc09g007540.3	0.05176322728504892	0
Solyc06g071480.3	0.05176322728504892	0
Solyc07g047830.3	0.05176322728504892	0
Solyc07g055310.1	0.05176322728504892	0
Solyc09g007810.4	0.05176322728504892	0
Solyc06g071780.4	0.05176322728504892	0
Solyc09g074380.4	0.05176322728504892	0
Solyc09g074450.1	0.05176322728504892	0
Solyc10g084230.2	0.05176322728504892	0
Solyc08g074440.5	0.05176322728504892	0
Solyc11g071690.3	0.05176322728504892	0
Solyc09g075220.1	0.05176322728504892	0
Solyc10g084970.2	0.05176322728504892	0
Solyc12g010540.1	0.05176322728504892	0
Solyc12g087895.1	0.05176322728504892	0
Solyc11g065730.4	0.05176322728504892	0
Solyc09g091965.1	0.05176322728504892	0
Solyc11g042640.2	0.05176322728504892	0
Solyc10g005400.3	0.05176322728504892	0
Solyc12g099600.2	0.05176322728504892	0
Solyc12g005960.3	0.05176322728504892	0
Solyc12g013580.3	0.05176322728504892	0
Solyc11g009050.4	0.05176322728504892	0
Solyc11g045100.2	0.05176322728504892	0
Solyc11g010370.1	0.05176322728504892	0
Solyc11g073280.2	0.05176322728504892	0
Solyc09g082800.3	0.05176322728504892	0
Solyc09g082970.3	0.05176322728504892	0
Solyc11g006340.2	0.05176322728504892	0
Solyc10g081350.2	0.05176322728504892	0
Solyc09g083410.4	0.05176322728504892	0
Solyc10g007420.4	0.05176322728504892	0
Solyc12g096170.2	0.05176322728504892	0
Solyc12g056740.2	0.05176322728504892	0
Solyc12g017910.2	0.05176322728504892	0
Solyc12g057140.1	0.05176322728504892	0
Solyc12g009190.2	0.05176322728504892	0
Solyc11g064840.1	0.05176322728504892	0
Solyc07g160210.1	0.0517768085788167	0
Solyc01g109160.4	0.05234900936393246	0
Solyc04g055100.1	0.052502108744001595	0
Solyc04g078980.5	0.05283919221919715	0
Solyc02g089465.2	0.052858686762932275	0
Solyc11g005890.3	0.053099912290639206	0
Solyc02g150136.1	0.05326872663002227	0
Solyc02g066960.3	0.05334548956526024	0
Solyc07g042090.4	0.053403572295368566	0
Solyc02g088510.4	0.05340691296427765	0
Solyc07g053980.3	0.05340691296427765	0
Solyc02g064590.2	0.05342227062219365	0
Solyc01g006330.5	0.05342227062219365	0
Solyc02g083330.2	0.05342227062219365	0
Solyc00g500185.1	0.05342227062219365	0
Solyc03g032040.3	0.05342227062219365	0
Solyc04g071440.3	0.05342227062219365	0
Solyc05g053250.4	0.05342227062219365	0
Solyc06g008740.3	0.05342227062219365	0
Solyc03g079920.3	0.05342227062219365	0
Solyc05g055730.4	0.05342227062219365	0
Solyc07g065730.1	0.05342227062219365	0
Solyc07g005680.5	0.05342227062219365	0
Solyc09g018490.4	0.05342227062219365	0
Solyc08g067190.5	0.05342227062219365	0
Solyc08g008140.4	0.05342227062219365	0
Solyc07g045050.3	0.05342227062219365	0
Solyc08g008495.2	0.05342227062219365	0
Solyc08g068620.4	0.05342227062219365	0
Solyc11g033284.1	0.05342227062219365	0
Solyc11g068720.2	0.05342227062219365	0
Solyc12g017820.2	0.053450676607965014	0
Solyc11g016993.1	0.053667951773701546	0
Solyc10g055370.2	0.053970175987339046	0
Solyc07g052650.2	0.05402716161196204	0
Solyc06g160110.1	0.05412589375470936	0
Solyc10g162550.1	0.054137190390157415	0
Solyc02g078080.1	0.054157518385595925	0
Solyc09g010900.1	0.054191731154365694	0
Solyc09g055765.2	0.05477229596324305	0
Solyc01g105950.3	0.05481414089742342	0
Solyc08g028860.1	0.05487253747846717	0
Solyc04g016280.3	0.055207710591222856	0
Solyc11g161770.1	0.0556928911693676	0
Solyc08g014330.3	0.055830035732940285	0
Solyc12g098210.3	0.05589043596728565	0
Solyc01g060390.1	0.055903995550062494	0
Solyc04g057840.1	0.05592968032511218	0
Solyc10g078935.2	0.056016287951083106	0
Solyc08g068110.1	0.05603562234881908	0
Solyc10g054470.1	0.05603562234881908	0
Solyc02g071350.3	0.0560672610349876	0
Solyc05g012740.2	0.05606775369983875	0
Solyc02g087180.4	0.05608308137137971	0
Solyc11g008020.2	0.05608308137137971	0
Solyc03g006280.4	0.05609890236926246	0
Solyc03g006840.5	0.05609890236926246	0
Solyc01g094590.4	0.05609890236926246	0
Solyc01g095020.3	0.05609890236926246	0
Solyc07g025250.3	0.05609890236926246	0
Solyc11g010310.2	0.05609890236926246	0
Solyc12g056630.3	0.05609890236926246	0
Solyc11g069970.1	0.05609890236926246	0
Solyc10g086590.3	0.05622326228007117	0
Solyc12g042750.2	0.056353117156156776	0
Solyc11g069060.1	0.05649931689407428	0
Solyc01g065725.1	0.05669261932996445	0
Solyc01g098970.3	0.05669261932996445	0
Solyc02g091060.1	0.05669261932996445	0
Solyc04g064910.1	0.05669261932996445	0
Solyc03g093820.1	0.05669261932996445	0
Solyc03g093920.1	0.05669261932996445	0
Solyc03g093940.2	0.05669261932996445	0
Solyc08g150149.1	0.05669261932996445	0
Solyc09g097940.1	0.05669261932996445	0
Solyc10g080786.1	0.05669261932996445	0
Solyc12g006740.1	0.05669261932996445	0
Solyc12g162110.1	0.05669261932996445	0
Solyc08g061180.1	0.056704870104733004	0
Solyc02g071470.5	0.056854961033928876	0
Solyc06g010100.2	0.05723064836631778	0
Solyc02g005360.3	0.05727400511699247	0
Solyc08g067490.1	0.05727400511699247	0
Solyc03g161440.1	0.05729568523370393	0
Solyc06g060480.1	0.05729568523370393	0
Solyc06g005100.3	0.05733904894323276	0
Solyc09g065387.1	0.05733904894323276	0
Solyc12g015900.1	0.05733904894323276	0
Solyc02g065440.3	0.05736073253339523	0
Solyc03g062780.1	0.05736073253339523	0
Solyc07g062800.1	0.05736073253339523	0
Solyc11g013353.1	0.05736073253339523	0
Solyc12g009875.1	0.05736073253339523	0
Solyc01g014315.1	0.057382417278720836	0
Solyc07g007540.1	0.057382417278720836	0
Solyc01g097330.3	0.057531810378110185	0
Solyc02g080430.3	0.057531810378110185	0
Solyc01g091030.3	0.057531810378110185	0
Solyc02g093880.3	0.057531810378110185	0
Solyc02g080610.5	0.057531810378110185	0
Solyc02g085140.4	0.057531810378110185	0
Solyc02g080640.4	0.057531810378110185	0
Solyc00g500323.1	0.057531810378110185	0
Solyc01g009230.4	0.057531810378110185	0
Solyc01g080850.4	0.057531810378110185	0
Solyc01g103760.3	0.057531810378110185	0
Solyc01g080930.4	0.057531810378110185	0
Solyc02g094410.4	0.057531810378110185	0
Solyc01g091560.2	0.057531810378110185	0
Solyc00g160060.1	0.057531810378110185	0
Solyc01g081110.4	0.057531810378110185	0
Solyc03g007110.3	0.057531810378110185	0
Solyc02g021000.3	0.057531810378110185	0
Solyc01g104310.3	0.057531810378110185	0
Solyc03g007410.5	0.057531810378110185	0
Solyc01g094070.3	0.057531810378110185	0
Solyc02g068590.3	0.057531810378110185	0
Solyc01g099090.3	0.057531810378110185	0
Solyc01g105340.4	0.057531810378110185	0
Solyc01g005690.4	0.057531810378110185	0
Solyc00g500051.1	0.057531810378110185	0
Solyc02g087060.4	0.057531810378110185	0
Solyc00g500064.1	0.057531810378110185	0
Solyc02g064580.3	0.057531810378110185	0
Solyc01g095590.3	0.057531810378110185	0
Solyc02g078720.4	0.057531810378110185	0
Solyc02g070250.5	0.057531810378110185	0
Solyc01g006650.2	0.057531810378110185	0
Solyc02g070490.4	0.057531810378110185	0
Solyc01g096240.4	0.057531810378110185	0
Solyc01g088740.4	0.057531810378110185	0
Solyc00g500189.1	0.057531810378110185	0
Solyc01g079470.5	0.057531810378110185	0
Solyc01g096880.4	0.057531810378110185	0
Solyc03g114890.4	0.057531810378110185	0
Solyc01g008180.3	0.057531810378110185	0
Solyc04g077330.5	0.057531810378110185	0
Solyc02g084680.3	0.057531810378110185	0
Solyc03g063357.1	0.057531810378110185	0
Solyc04g077670.3	0.057531810378110185	0
Solyc04g082210.3	0.057531810378110185	0
Solyc03g034200.3	0.057531810378110185	0
Solyc04g078420.1	0.057531810378110185	0
Solyc05g016390.5	0.057531810378110185	0
Solyc04g072060.4	0.057531810378110185	0
Solyc04g078810.4	0.057531810378110185	0
Solyc04g011560.5	0.057531810378110185	0
Solyc03g116990.1	0.057531810378110185	0
Solyc03g112870.3	0.057531810378110185	0
Solyc05g012600.3	0.057531810378110185	0
Solyc04g079900.3	0.057531810378110185	0
Solyc04g079980.3	0.057531810378110185	0
Solyc05g054545.1	0.057531810378110185	0
Solyc03g117970.4	0.057531810378110185	0
Solyc06g005230.3	0.057531810378110185	0
Solyc04g008290.4	0.057531810378110185	0
Solyc03g113880.5	0.057531810378110185	0
Solyc04g015300.3	0.057531810378110185	0
Solyc04g008520.3	0.057531810378110185	0
Solyc04g049910.4	0.057531810378110185	0
Solyc05g008230.3	0.057531810378110185	0
Solyc05g051270.3	0.057531810378110185	0
Solyc06g076450.3	0.057531810378110185	0
Solyc04g076570.5	0.057531810378110185	0
Solyc06g065950.4	0.057531810378110185	0
Solyc06g036340.4	0.057531810378110185	0
Solyc06g076970.4	0.057531810378110185	0
Solyc05g014640.3	0.057531810378110185	0
Solyc07g049630.1	0.057531810378110185	0
Solyc07g049690.3	0.057531810378110185	0
Solyc06g072530.3	0.057531810378110185	0
Solyc07g005500.2	0.057531810378110185	0
Solyc07g015980.4	0.057531810378110185	0
Solyc08g065320.3	0.057531810378110185	0
Solyc08g006360.3	0.057531810378110185	0
Solyc07g042030.2	0.057531810378110185	0
Solyc06g068390.1	0.057531810378110185	0
Solyc07g062430.3	0.057531810378110185	0
Solyc08g042050.3	0.057531810378110185	0
Solyc06g074470.3	0.057531810378110185	0
Solyc07g007300.3	0.057531810378110185	0
Solyc06g084060.3	0.057531810378110185	0
Solyc08g076660.3	0.057531810378110185	0
Solyc09g005360.3	0.057531810378110185	0
Solyc06g084410.4	0.057531810378110185	0
Solyc08g076920.3	0.057531810378110185	0
Solyc08g008020.1	0.057531810378110185	0
Solyc07g008410.4	0.057531810378110185	0
Solyc07g008470.3	0.057531810378110185	0
Solyc08g008670.3	0.057531810378110185	0
Solyc06g071030.3	0.057531810378110185	0
Solyc06g053530.3	0.057531810378110185	0
Solyc06g053590.5	0.057531810378110185	0
Solyc08g082410.4	0.057531810378110185	0
Solyc07g064270.3	0.057531810378110185	0
Solyc07g064350.3	0.057531810378110185	0
Solyc07g008880.3	0.057531810378110185	0
Solyc09g007500.3	0.057531810378110185	0
Solyc08g077950.1	0.057531810378110185	0
Solyc09g074100.4	0.057531810378110185	0
Solyc09g007830.3	0.057531810378110185	0
Solyc09g090660.3	0.057531810378110185	0
Solyc10g008240.3	0.057531810378110185	0
Solyc09g056270.3	0.057531810378110185	0
Solyc07g055710.3	0.057531810378110185	0
Solyc07g064950.3	0.057531810378110185	0
Solyc09g007990.3	0.057531810378110185	0
Solyc09g090870.3	0.057531810378110185	0
Solyc08g078540.3	0.057531810378110185	0
Solyc07g065200.3	0.057531810378110185	0
Solyc08g074370.4	0.057531810378110185	0
Solyc11g071950.3	0.057531810378110185	0
Solyc12g010910.2	0.057531810378110185	0
Solyc10g005610.2	0.057531810378110185	0
Solyc11g072825.1	0.057531810378110185	0
Solyc10g005870.4	0.057531810378110185	0
Solyc11g008800.3	0.057531810378110185	0
Solyc11g072940.2	0.057531810378110185	0
Solyc12g099890.2	0.057531810378110185	0
Solyc12g100000.3	0.057531810378110185	0
Solyc10g080420.3	0.057531810378110185	0
Solyc12g006260.1	0.057531810378110185	0
Solyc12g089040.3	0.057531810378110185	0
Solyc12g014040.1	0.057531810378110185	0
Solyc09g082830.4	0.057531810378110185	0
Solyc12g094490.2	0.057531810378110185	0
Solyc10g081020.2	0.057531810378110185	0
Solyc11g010810.1	0.057531810378110185	0
Solyc11g006480.1	0.057531810378110185	0
Solyc12g007110.2	0.057531810378110185	0
Solyc12g056250.2	0.057531810378110185	0
Solyc11g068820.3	0.057531810378110185	0
Solyc10g007340.3	0.057531810378110185	0
Solyc10g082050.1	0.057531810378110185	0
Solyc12g017475.1	0.057531810378110185	0
Solyc12g040800.2	0.057531810378110185	0
Solyc12g062690.2	0.057531810378110185	0
Solyc12g009680.2	0.057531810378110185	0
Solyc02g032060.1	0.05780817125797466	0
Solyc06g075820.1	0.05794252885328273	0
Solyc06g060450.3	0.0579587829542792	0
Solyc09g061870.3	0.0579587829542792	0
Solyc03g119900.4	0.05846449913004497	0
Solyc06g084825.1	0.05852806752057683	0
Solyc12g027540.3	0.05856062077731587	0
Solyc06g072080.3	0.05857689831605583	0
Solyc08g066350.2	0.05857689831605583	0
Solyc08g007550.1	0.05857689831605583	0
Solyc06g069670.4	0.05867457625964523	0
Solyc10g081040.1	0.05880484726313192	0
Solyc09g090150.5	0.05882113383813132	0
Solyc03g118330.3	0.05883742101124136	0
Solyc08g075250.1	0.05883742101124136	0
Solyc06g062400.2	0.05883742101124136	0
Solyc09g011150.1	0.05883742101124136	0
Solyc03g095200.1	0.05885370878192488	0
Solyc01g097940.1	0.0588699971496447	0
Solyc01g099050.3	0.0588699971496447	0
Solyc03g098630.4	0.0588699971496447	0
Solyc11g005950.2	0.0588699971496447	0
Solyc12g098410.2	0.0588699971496447	0
Solyc00g500292.1	0.0588862861138644	0
Solyc03g013420.1	0.0588862861138644	0
Solyc02g091390.3	0.0588862861138644	0
Solyc01g109990.4	0.0588862861138644	0
Solyc02g079210.3	0.0588862861138644	0
Solyc04g008870.3	0.0588862861138644	0
Solyc04g071360.4	0.0588862861138644	0
Solyc04g078160.4	0.0588862861138644	0
Solyc04g005520.3	0.0588862861138644	0
Solyc05g053270.1	0.0588862861138644	0
Solyc04g072510.3	0.0588862861138644	0
Solyc06g008780.3	0.0588862861138644	0
Solyc04g072830.4	0.0588862861138644	0
Solyc03g117380.4	0.0588862861138644	0
Solyc03g123750.3	0.0588862861138644	0
Solyc05g025590.4	0.0588862861138644	0
Solyc06g036070.3	0.0588862861138644	0
Solyc06g054440.2	0.0588862861138644	0
Solyc06g072990.1	0.0588862861138644	0
Solyc07g017510.3	0.0588862861138644	0
Solyc07g062140.3	0.0588862861138644	0
Solyc07g042160.3	0.0588862861138644	0
Solyc08g007000.3	0.0588862861138644	0
Solyc07g062730.1	0.0588862861138644	0
Solyc08g067420.4	0.0588862861138644	0
Solyc07g045230.4	0.0588862861138644	0
Solyc12g035500.3	0.0588862861138644	0
Solyc10g074650.2	0.0588862861138644	0
Solyc12g098160.2	0.0588862861138644	0
Solyc12g006680.2	0.05904632354880481	0
Solyc08g082950.4	0.059347639333007296	0
Solyc07g043060.1	0.05944254919205175	0
Solyc12g009660.3	0.06083317237770799	0
Solyc06g160870.1	0.06098556338230479	0
Solyc11g065280.1	0.061043362364525414	0
Solyc05g052080.1	0.06106375086300551	0
Solyc08g067520.1	0.06106375086300551	0
Solyc11g150101.1	0.06120306380460027	0
Solyc09g011990.1	0.061316223651468	0
Solyc05g021090.4	0.06158659885342125	0
Solyc06g065910.3	0.061603354120604824	0
Solyc02g083370.1	0.06162010992091152	0
Solyc09g005510.1	0.06163686625380336	0
Solyc01g100120.4	0.06170389690047075	0
Solyc04g010010.4	0.06170389690047075	0
Solyc07g063500.4	0.06172065588822651	0
Solyc01g100390.3	0.06175417545128759	0
Solyc01g080210.3	0.061770936025520064	0
Solyc02g077650.2	0.061770936025520064	0
Solyc04g024710.5	0.061770936025520064	0
Solyc04g076900.2	0.061770936025520064	0
Solyc01g103160.3	0.06178769712750589	0
Solyc02g068890.3	0.06178769712750589	0
Solyc03g007930.4	0.06178769712750589	0
Solyc02g030120.3	0.06178769712750589	0
Solyc03g115240.4	0.06178769712750589	0
Solyc03g110910.5	0.06178769712750589	0
Solyc05g010140.3	0.06178769712750589	0
Solyc04g072790.2	0.06178769712750589	0
Solyc03g119060.3	0.06178769712750589	0
Solyc05g051620.3	0.06178769712750589	0
Solyc07g056660.4	0.06178769712750589	0
Solyc07g052730.3	0.06178769712750589	0
Solyc12g035490.1	0.06178769712750589	0
Solyc12g016220.3	0.06178769712750589	0
Solyc03g096300.3	0.061875701550148356	0
Solyc05g051495.1	0.06200249521183126	0
Solyc09g083040.1	0.06255623078634741	0
Solyc06g036480.2	0.06259396837693038	0
Solyc06g083140.5	0.06268987682909681	0
Solyc05g017797.2	0.06285611614774861	0
Solyc10g061860.1	0.06285839641010248	0
Solyc05g006720.1	0.06288033175880053	0
Solyc12g010360.2	0.06322261565824575	0
Solyc02g077290.2	0.06373863139763808	0
Solyc00g500259.1	0.06379736645391294	0
Solyc01g112310.4	0.06379736645391294	0
Solyc01g107860.3	0.06379736645391294	0
Solyc02g089260.4	0.06379736645391294	0
Solyc01g097460.3	0.06379736645391294	0
Solyc02g084930.3	0.06379736645391294	0
Solyc00g025290.1	0.06379736645391294	0
Solyc02g090040.3	0.06379736645391294	0
Solyc01g098150.3	0.06379736645391294	0
Solyc03g007120.3	0.06379736645391294	0
Solyc02g081460.4	0.06379736645391294	0
Solyc02g077060.2	0.06379736645391294	0
Solyc01g094280.3	0.06379736645391294	0
Solyc02g077300.2	0.06379736645391294	0
Solyc02g082080.1	0.06379736645391294	0
Solyc01g086950.4	0.06379736645391294	0
Solyc02g082210.4	0.06379736645391294	0
Solyc02g091250.1	0.06379736645391294	0
Solyc01g109650.3	0.06379736645391294	0
Solyc02g063010.3	0.06379736645391294	0
Solyc03g019800.5	0.06379736645391294	0
Solyc01g006180.4	0.06379736645391294	0
Solyc02g064620.2	0.06379736645391294	0
Solyc02g065060.3	0.06379736645391294	0
Solyc01g006585.2	0.06379736645391294	0
Solyc01g088480.3	0.06379736645391294	0
Solyc02g087940.4	0.06379736645391294	0
Solyc01g110960.5	0.06379736645391294	0
Solyc01g058450.3	0.06379736645391294	0
Solyc01g088700.4	0.06379736645391294	0
Solyc02g088170.2	0.06379736645391294	0
Solyc00g500187.1	0.06379736645391294	0
Solyc01g059930.3	0.06379736645391294	0
Solyc03g026190.3	0.06379736645391294	0
Solyc03g031940.5	0.06379736645391294	0
Solyc01g090420.4	0.06379736645391294	0
Solyc01g107620.4	0.06379736645391294	0
Solyc02g089090.3	0.06379736645391294	0
Solyc04g081730.3	0.06379736645391294	0
Solyc04g064930.3	0.06379736645391294	0
Solyc04g081940.3	0.06379736645391294	0
Solyc05g009990.4	0.06379736645391294	0
Solyc06g008110.4	0.06379736645391294	0
Solyc04g010310.4	0.06379736645391294	0
Solyc04g054730.3	0.06379736645391294	0
Solyc04g079290.3	0.06379736645391294	0
Solyc03g080170.3	0.06379736645391294	0
Solyc03g096790.3	0.06379736645391294	0
Solyc04g015050.3	0.06379736645391294	0
Solyc03g123490.1	0.06379736645391294	0
Solyc06g005350.3	0.06379736645391294	0
Solyc04g076033.1	0.06379736645391294	0
Solyc04g080470.4	0.06379736645391294	0
Solyc06g005490.3	0.06379736645391294	0
Solyc04g008650.4	0.06379736645391294	0
Solyc04g050040.3	0.06379736645391294	0
Solyc06g072630.4	0.06379736645391294	0
Solyc07g005530.4	0.06379736645391294	0
Solyc07g061760.4	0.06379736645391294	0
Solyc06g082750.3	0.06379736645391294	0
Solyc06g060550.3	0.06379736645391294	0
Solyc06g082840.4	0.06379736645391294	0
Solyc08g079810.4	0.06379736645391294	0
Solyc07g006110.5	0.06379736645391294	0
Solyc06g048920.5	0.06379736645391294	0
Solyc08g006670.3	0.06379736645391294	0
Solyc08g006690.1	0.06379736645391294	0
Solyc09g008860.5	0.06379736645391294	0
Solyc08g006720.4	0.06379736645391294	0
Solyc09g009010.4	0.06379736645391294	0
Solyc09g059450.5	0.06379736645391294	0
Solyc08g075680.5	0.06379736645391294	0
Solyc07g006640.3	0.06379736645391294	0
Solyc06g050510.3	0.06379736645391294	0
Solyc06g074090.3	0.06379736645391294	0
Solyc08g080780.4	0.06379736645391294	0
Solyc06g062700.3	0.06379736645391294	0
Solyc07g053440.4	0.06379736645391294	0
Solyc06g084120.4	0.06379736645391294	0
Solyc09g030390.3	0.06379736645391294	0
Solyc08g081310.4	0.06379736645391294	0
Solyc07g007790.3	0.06379736645391294	0
Solyc09g005560.4	0.06379736645391294	0
Solyc06g069510.3	0.06379736645391294	0
Solyc07g063570.4	0.06379736645391294	0
Solyc08g059760.3	0.06379736645391294	0
Solyc08g081930.3	0.06379736645391294	0
Solyc08g077420.3	0.06379736645391294	0
Solyc08g077450.4	0.06379736645391294	0
Solyc08g067920.3	0.06379736645391294	0
Solyc06g065360.3	0.06379736645391294	0
Solyc08g005480.3	0.06379736645391294	0
Solyc07g032786.1	0.06379736645391294	0
Solyc07g048080.4	0.06379736645391294	0
Solyc10g008420.3	0.06379736645391294	0
Solyc07g049270.5	0.06379736645391294	0
Solyc09g057870.4	0.06379736645391294	0
Solyc10g078920.4	0.06379736645391294	0
Solyc11g013100.2	0.06379736645391294	0
Solyc10g054560.2	0.06379736645391294	0
Solyc11g065680.1	0.06379736645391294	0
Solyc12g010790.2	0.06379736645391294	0
Solyc09g075740.1	0.06379736645391294	0
Solyc12g044630.2	0.06379736645391294	0
Solyc10g055820.3	0.06379736645391294	0
Solyc10g005700.3	0.06379736645391294	0
Solyc12g035250.3	0.06379736645391294	0
Solyc09g092430.3	0.06379736645391294	0
Solyc12g035650.2	0.06379736645391294	0
Solyc11g005200.2	0.06379736645391294	0
Solyc10g006040.1	0.06379736645391294	0
Solyc10g080370.1	0.06379736645391294	0
Solyc10g080470.1	0.06379736645391294	0
Solyc10g080480.2	0.06379736645391294	0
Solyc11g066900.2	0.06379736645391294	0
Solyc12g013910.2	0.06379736645391294	0
Solyc11g020210.2	0.06379736645391294	0
Solyc12g006490.2	0.06379736645391294	0
Solyc11g005810.2	0.06379736645391294	0
Solyc10g075070.3	0.06379736645391294	0
Solyc12g056350.2	0.06379736645391294	0
Solyc12g056490.1	0.06379736645391294	0
Solyc11g006920.2	0.06379736645391294	0
Solyc11g007130.2	0.06379736645391294	0
Solyc11g070100.2	0.06379736645391294	0
Solyc01g089930.2	0.0638590988409264	0
Solyc11g064760.1	0.0638590988409264	0
Solyc08g008660.4	0.06430675567413198	0
Solyc09g162070.1	0.06446178836228386	0
Solyc05g051080.3	0.06454793394889105	0
Solyc12g057150.1	0.06461685875089541	0
Solyc01g056890.1	0.06462750578656833	0
Solyc02g089460.1	0.06465132391766712	0
Solyc03g006360.3	0.06473749486705525	0
Solyc01g110010.3	0.06475473042964626	0
Solyc08g074890.4	0.06475473042964626	0
Solyc02g083740.2	0.06477196644856138	0
Solyc04g074390.3	0.06477196644856138	0
Solyc08g081740.3	0.06477196644856138	0
Solyc08g028990.1	0.06478657974113698	0
Solyc10g161360.1	0.06478657974113698	0
Solyc02g072510.3	0.06478920292326647	0
Solyc02g036470.5	0.06478920292326647	0
Solyc05g042070.5	0.06478920292326647	0
Solyc04g079850.2	0.06478920292326647	0
Solyc07g054750.1	0.06478920292326647	0
Solyc09g007460.4	0.06478920292326647	0
Solyc01g097730.4	0.06480643985322795	0
Solyc01g109060.4	0.06480643985322795	0
Solyc01g109080.3	0.06480643985322795	0
Solyc01g098950.3	0.06480643985322795	0
Solyc02g091800.4	0.06480643985322795	0
Solyc02g078340.4	0.06480643985322795	0
Solyc01g095895.1	0.06480643985322795	0
Solyc02g065510.1	0.06480643985322795	0
Solyc01g008020.5	0.06480643985322795	0
Solyc04g064790.3	0.06480643985322795	0
Solyc05g054240.3	0.06480643985322795	0
Solyc03g097500.3	0.06480643985322795	0
Solyc09g008820.3	0.06480643985322795	0
Solyc09g008120.4	0.06480643985322795	0
Solyc11g072720.2	0.06480643985322795	0
Solyc12g005990.2	0.06480643985322795	0
Solyc10g006100.3	0.06480643985322795	0
Solyc10g086640.3	0.06480643985322795	0
Solyc12g015860.2	0.06480643985322795	0
Solyc09g018200.1	0.06572539135978861	0
Solyc04g012140.1	0.06603711915498967	0
Solyc06g075440.3	0.06631763179272128	0
Solyc11g071295.1	0.06645907774428964	0
Solyc05g051390.3	0.06650762346362053	0
Solyc10g050570.1	0.06717770056009824	0
Solyc12g036650.2	0.06723205678636447	0
Solyc01g101210.4	0.06744740243212372	0
Solyc08g161530.1	0.06744740243212372	0
Solyc01g150103.1	0.06756596999287362	0
Solyc02g081015.1	0.06756596999287362	0
Solyc01g058593.2	0.06756596999287362	0
Solyc03g026416.1	0.06756596999287362	0
Solyc03g034332.1	0.06756596999287362	0
Solyc05g005840.5	0.06756596999287362	0
Solyc04g071950.2	0.06756596999287362	0
Solyc04g150122.1	0.06756596999287362	0
Solyc03g116850.3	0.06756596999287362	0
Solyc10g078850.1	0.06756596999287362	0
Solyc09g082610.1	0.06756596999287362	0
Solyc11g011430.1	0.06756596999287362	0
Solyc10g076970.1	0.06756596999287362	0
Solyc00g500091.2	0.06760019219769017	0
Solyc05g161350.1	0.06760019219769017	0
Solyc06g073140.2	0.06768014546586985	0
Solyc01g108460.1	0.06768517057559932	0
Solyc04g071080.2	0.06775099012344807	0
Solyc12g039030.1	0.0677743174236051	0
Solyc05g008210.4	0.06783955458897005	0
Solyc11g064770.3	0.06783955458897005	0
Solyc03g025820.3	0.06785726862923003	0
Solyc01g094990.2	0.06787498305063586	0
Solyc03g122000.4	0.06787498305063586	0
Solyc02g081270.4	0.06789269785265697	0
Solyc02g092340.3	0.06791041303476289	0
Solyc02g070860.4	0.0679281285964233	0
Solyc04g008403.1	0.0679281285964233	0
Solyc08g021920.4	0.0679281285964233	0
Solyc11g066240.3	0.0679281285964233	0
Solyc02g083380.3	0.06794584453710839	0
Solyc03g033795.1	0.06794584453710839	0
Solyc05g052275.1	0.06794584453710839	0
Solyc05g044470.3	0.06794584453710839	0
Solyc05g050990.1	0.06794584453710839	0
Solyc06g035530.3	0.06794584453710839	0
Solyc08g005580.3	0.06794584453710839	0
Solyc10g086535.1	0.06794584453710839	0
Solyc12g008550.3	0.06794584453710839	0
Solyc11g031950.1	0.06794584453710839	0
Solyc01g106960.2	0.06798970723609753	0
Solyc02g064810.1	0.0690459946157425	0
Solyc12g160670.1	0.06916715580969131	0
Solyc03g096180.4	0.06918715482900623	0
Solyc11g006450.3	0.06921225625385095	0
Solyc10g050550.3	0.06944641867345416	0
Solyc10g086770.3	0.06946404505202997	0
Solyc07g042770.1	0.06950610783750165	0
Solyc06g008625.1	0.06954896450880389	0
Solyc03g006530.3	0.06968175828074652	0
Solyc05g008690.2	0.06968186580026658	0
Solyc04g026230.1	0.06992211661726395	0
Solyc08g077380.4	0.07019067326346688	0
Solyc02g067020.1	0.07051068854664715	0
Solyc00g500251.1	0.07056913674560733	0
Solyc02g067070.4	0.07056913674560733	0
Solyc01g112340.3	0.07056913674560733	0
Solyc02g080290.3	0.07056913674560733	0
Solyc01g108130.5	0.07056913674560733	0
Solyc02g067540.3	0.07056913674560733	0
Solyc01g066060.4	0.07056913674560733	0
Solyc02g089870.3	0.07056913674560733	0
Solyc02g085480.5	0.07056913674560733	0
Solyc01g091490.3	0.07056913674560733	0
Solyc02g081170.5	0.07056913674560733	0
Solyc02g081290.4	0.07056913674560733	0
Solyc02g021240.3	0.07056913674560733	0
Solyc03g007485.1	0.07056913674560733	0
Solyc01g098810.4	0.07056913674560733	0
Solyc02g068680.1	0.07056913674560733	0
Solyc01g094530.4	0.07056913674560733	0
Solyc02g091350.5	0.07056913674560733	0
Solyc02g091410.3	0.07056913674560733	0
Solyc00g500045.1	0.07056913674560733	0
Solyc01g105430.4	0.07056913674560733	0
Solyc01g095300.3	0.07056913674560733	0
Solyc01g095400.5	0.07056913674560733	0
Solyc01g100060.5	0.07056913674560733	0
Solyc01g006150.3	0.07056913674560733	0
Solyc02g063544.2	0.07056913674560733	0
Solyc02g069970.4	0.07056913674560733	0
Solyc00g500127.1	0.07056913674560733	0
Solyc01g106220.5	0.07056913674560733	0
Solyc00g500142.1	0.07056913674560733	0
Solyc02g065230.3	0.07056913674560733	0
Solyc01g106320.2	0.07056913674560733	0
Solyc02g092410.3	0.07056913674560733	0
Solyc00g500197.1	0.07056913674560733	0
Solyc03g026040.5	0.07056913674560733	0
Solyc01g060040.3	0.07056913674560733	0
Solyc01g102660.4	0.07056913674560733	0
Solyc01g096980.3	0.07056913674560733	0
Solyc01g090440.2	0.07056913674560733	0
Solyc02g093360.3	0.07056913674560733	0
Solyc02g088930.4	0.07056913674560733	0
Solyc02g084440.4	0.07056913674560733	0
Solyc02g080050.1	0.07056913674560733	0
Solyc04g050470.5	0.07056913674560733	0
Solyc01g008360.3	0.07056913674560733	0
Solyc03g115330.2	0.07056913674560733	0
Solyc04g050730.3	0.07056913674560733	0
Solyc05g032850.3	0.07056913674560733	0
Solyc05g009930.3	0.07056913674560733	0
Solyc04g009600.3	0.07056913674560733	0
Solyc03g111610.3	0.07056913674560733	0
Solyc03g111740.3	0.07056913674560733	0
Solyc03g111810.2	0.07056913674560733	0
Solyc03g120640.3	0.07056913674560733	0
Solyc04g005190.2	0.07056913674560733	0
Solyc04g005420.4	0.07056913674560733	0
Solyc03g116570.3	0.07056913674560733	0
Solyc04g005540.3	0.07056913674560733	0
Solyc04g054310.3	0.07056913674560733	0
Solyc04g078950.1	0.07056913674560733	0
Solyc04g150159.1	0.07056913674560733	0
Solyc04g005900.3	0.07056913674560733	0
Solyc05g012310.4	0.07056913674560733	0
Solyc05g018510.3	0.07056913674560733	0
Solyc03g121650.3	0.07056913674560733	0
Solyc03g046340.3	0.07056913674560733	0
Solyc04g079830.3	0.07056913674560733	0
Solyc05g054405.2	0.07056913674560733	0
Solyc03g117800.4	0.07056913674560733	0
Solyc05g054450.1	0.07056913674560733	0
Solyc03g082680.4	0.07056913674560733	0
Solyc03g097150.3	0.07056913674560733	0
Solyc04g008060.3	0.07056913674560733	0
Solyc05g054680.1	0.07056913674560733	0
Solyc04g015280.3	0.07056913674560733	0
Solyc03g114070.3	0.07056913674560733	0
Solyc03g118305.1	0.07056913674560733	0
Solyc04g008560.3	0.07056913674560733	0
Solyc04g058080.3	0.07056913674560733	0
Solyc05g008060.4	0.07056913674560733	0
Solyc04g076200.3	0.07056913674560733	0
Solyc03g097940.3	0.07056913674560733	0
Solyc05g055330.3	0.07056913674560733	0
Solyc06g065580.3	0.07056913674560733	0
Solyc05g008480.4	0.07056913674560733	0
Solyc07g005060.3	0.07056913674560733	0
Solyc07g049460.3	0.07056913674560733	0
Solyc05g051630.4	0.07056913674560733	0
Solyc04g076910.3	0.07056913674560733	0
Solyc06g054510.5	0.07056913674560733	0
Solyc06g066065.1	0.07056913674560733	0
Solyc06g036580.4	0.07056913674560733	0
Solyc05g009100.5	0.07056913674560733	0
Solyc07g051850.3	0.07056913674560733	0
Solyc07g051940.5	0.07056913674560733	0
Solyc08g079490.4	0.07056913674560733	0
Solyc07g061900.3	0.07056913674560733	0
Solyc06g060780.4	0.07056913674560733	0
Solyc08g006740.3	0.07056913674560733	0
Solyc09g059510.3	0.07056913674560733	0
Solyc06g060990.5	0.07056913674560733	0
Solyc06g050303.1	0.07056913674560733	0
Solyc09g059950.3	0.07056913674560733	0
Solyc09g018450.3	0.07056913674560733	0
Solyc08g076120.3	0.07056913674560733	0
Solyc08g076320.3	0.07056913674560733	0
Solyc09g009710.5	0.07056913674560733	0
Solyc07g053670.3	0.07056913674560733	0
Solyc07g063130.4	0.07056913674560733	0
Solyc06g074900.3	0.07056913674560733	0
Solyc09g009990.5	0.07056913674560733	0
Solyc06g069530.3	0.07056913674560733	0
Solyc06g052010.2	0.07056913674560733	0
Solyc08g081780.1	0.07056913674560733	0
Solyc06g053385.2	0.07056913674560733	0
Solyc09g065160.4	0.07056913674560733	0
Solyc08g005240.3	0.07056913674560733	0
Solyc07g064330.3	0.07056913674560733	0
Solyc08g082890.3	0.07056913674560733	0
Solyc09g007860.4	0.07056913674560733	0
Solyc08g083290.4	0.07056913674560733	0
Solyc10g044670.3	0.07056913674560733	0
Solyc10g084090.3	0.07056913674560733	0
Solyc08g083350.5	0.07056913674560733	0
Solyc07g065230.1	0.07056913674560733	0
Solyc10g084170.1	0.07056913674560733	0
Solyc09g008240.3	0.07056913674560733	0
Solyc11g033282.1	0.07056913674560733	0
Solyc10g079010.3	0.07056913674560733	0
Solyc07g065530.1	0.07056913674560733	0
Solyc09g075460.3	0.07056913674560733	0
Solyc11g008040.3	0.07056913674560733	0
Solyc10g079520.1	0.07056913674560733	0
Solyc10g009580.5	0.07056913674560733	0
Solyc11g008310.3	0.07056913674560733	0
Solyc11g016990.3	0.07056913674560733	0
Solyc09g075830.3	0.07056913674560733	0
Solyc10g047270.2	0.07056913674560733	0
Solyc11g066300.3	0.07056913674560733	0
Solyc10g080010.2	0.07056913674560733	0
Solyc11g073190.2	0.07056913674560733	0
Solyc11g045120.3	0.07056913674560733	0
Solyc11g045130.2	0.07056913674560733	0
Solyc09g082980.3	0.07056913674560733	0
Solyc12g160420.1	0.07056913674560733	0
Solyc09g083435.1	0.07056913674560733	0
Solyc11g011190.1	0.07056913674560733	0
Solyc09g089650.1	0.07056913674560733	0
Solyc12g095980.2	0.07056913674560733	0
Solyc12g017260.2	0.07056913674560733	0
Solyc09g090420.4	0.07056913674560733	0
Solyc10g083410.1	0.07056913674560733	0
Solyc12g042170.4	0.07056913674560733	0
Solyc12g042200.2	0.07056913674560733	0
Solyc12g042590.2	0.07056913674560733	0
Solyc09g150109.1	0.07059071619357625	0
Solyc03g046492.1	0.07061323764341462	0
Solyc04g074570.1	0.07061323764341462	0
Solyc05g015815.1	0.0707541954715318	0
Solyc08g074640.1	0.07077260487427357	0
Solyc01g107925.1	0.07086356091816805	0
Solyc02g022900.3	0.07086356091816805	0
Solyc02g021220.1	0.0711182786694271	0
Solyc01g010970.3	0.0711182786694271	0
Solyc05g016715.1	0.0711182786694271	0
Solyc01g080380.5	0.0711364750705031	0
Solyc03g120580.3	0.0711364750705031	0
Solyc03g112090.3	0.0711364750705031	0
Solyc09g009480.1	0.0711364750705031	0
Solyc02g068330.2	0.07115467177223836	0
Solyc04g081650.3	0.07115467177223836	0
Solyc01g107760.5	0.07119106607558659	0
Solyc02g093930.4	0.07119106607558659	0
Solyc02g077510.4	0.07119106607558659	0
Solyc03g059127.2	0.07119106607558659	0
Solyc03g078020.4	0.07119106607558659	0
Solyc03g118320.1	0.07119106607558659	0
Solyc04g080540.2	0.07119106607558659	0
Solyc07g066330.3	0.07119106607558659	0
Solyc12g006860.2	0.07119106607558659	0
Solyc00g500343.1	0.07120926367615024	0
Solyc01g098450.4	0.07120926367615024	0
Solyc01g068100.4	0.07120926367615024	0
Solyc03g025220.3	0.07120926367615024	0
Solyc01g110610.4	0.07120926367615024	0
Solyc02g065090.5	0.07120926367615024	0
Solyc03g005450.3	0.07120926367615024	0
Solyc01g059870.4	0.07120926367615024	0
Solyc06g008230.3	0.07120926367615024	0
Solyc04g072540.3	0.07120926367615024	0
Solyc05g046290.3	0.07120926367615024	0
Solyc03g123700.4	0.07120926367615024	0
Solyc04g058070.3	0.07120926367615024	0
Solyc04g076430.3	0.07120926367615024	0
Solyc06g082170.2	0.07120926367615024	0
Solyc09g009470.1	0.07120926367615024	0
Solyc08g007225.1	0.07120926367615024	0
Solyc06g051350.4	0.07120926367615024	0
Solyc06g075170.1	0.07120926367615024	0
Solyc08g081980.5	0.07120926367615024	0
Solyc08g005400.4	0.07120926367615024	0
Solyc09g091000.5	0.07120926367615024	0
Solyc10g055230.1	0.07120926367615024	0
Solyc12g013820.3	0.07120926367615024	0
Solyc10g074590.2	0.07120926367615024	0
Solyc03g019740.1	0.07148367172088253	0
Solyc05g160050.1	0.07148367172088253	0
Solyc02g065270.1	0.07159810852387255	0
Solyc04g072680.2	0.07179046239163178	0
Solyc05g006180.4	0.07234287957539098	0
Solyc07g005150.3	0.07234287957539098	0
Solyc12g036900.1	0.07236898692649822	0
Solyc01g087920.2	0.07239509482329502	0
Solyc02g090545.1	0.07241797426231893	0
Solyc11g005120.4	0.07242120326428231	0
Solyc12g094610.3	0.07242120326428231	0
Solyc12g017870.2	0.07242120326428231	0
Solyc12g096740.1	0.07242120326428231	0
Solyc09g008110.2	0.07244731224796204	0
Solyc01g080030.3	0.07247342177283718	0
Solyc01g094705.1	0.07247342177283718	0
Solyc02g082725.1	0.07247342177283718	0
Solyc01g106270.1	0.07247342177283718	0
Solyc05g010500.1	0.07247342177283718	0
Solyc03g113200.1	0.07247342177283718	0
Solyc06g074860.2	0.07247342177283718	0
Solyc10g011800.1	0.07247342177283718	0
Solyc10g018790.1	0.07247342177283718	0
Solyc10g051330.3	0.07247342177283718	0
Solyc03g081290.1	0.07249953183741148	0
Solyc03g122220.2	0.07249953183741148	0
Solyc03g118255.1	0.07249953183741148	0
Solyc06g072180.1	0.07249953183741148	0
Solyc03g150147.2	0.07249953183741148	0
Solyc09g015457.1	0.07249953183741148	0
Solyc10g054417.1	0.07249953183741148	0
Solyc10g055460.2	0.07249953183741148	0
Solyc11g020270.1	0.07249953183741148	0
Solyc07g007010.1	0.07255008631174337	0
Solyc08g074910.3	0.07264725386754163	0
Solyc04g054521.1	0.07265062171859442	0
Solyc01g068510.1	0.07269085369790103	0
Solyc09g008087.1	0.07286706681844403	0
Solyc07g061980.2	0.07304539955466341	0
Solyc07g049215.1	0.07305029748636321	0
Solyc03g044250.1	0.07306649846428556	0
Solyc04g053102.1	0.07355267088039276	0
Solyc11g007220.2	0.07355267088039276	0
Solyc02g082090.3	0.07387074389643357	0
Solyc06g063400.3	0.07392812096887409	0
Solyc05g052400.3	0.07405642888291365	0
Solyc08g007620.2	0.07417045266574221	0
Solyc12g037950.2	0.07418912915543836	0
Solyc04g063317.1	0.07431920473061508	0
Solyc10g086430.3	0.07437590641792763	0
Solyc06g150105.1	0.07439458536926134	0
Solyc06g075970.5	0.07441326454125587	0
Solyc10g050910.1	0.07443194393339145	0
Solyc10g079870.3	0.07445062354514877	0
Solyc05g015075.1	0.07446930337600842	0
Solyc05g056550.3	0.07450666369295965	0
Solyc03g116000.1	0.07456270579868886	0
Solyc02g085150.4	0.07458138693327358	0
Solyc01g022740.3	0.07458138693327358	0
Solyc01g095720.3	0.07458138693327358	0
Solyc04g082940.3	0.07458138693327358	0
Solyc03g112280.3	0.07458138693327358	0
Solyc07g053100.4	0.07458138693327358	0
Solyc10g150143.1	0.07458138693327358	0
Solyc02g090240.4	0.07460006828333336	0
Solyc01g094620.3	0.07460006828333336	0
Solyc02g091650.4	0.07460006828333336	0
Solyc01g110490.5	0.07460006828333336	0
Solyc01g088670.3	0.07460006828333336	0
Solyc04g005500.3	0.07460006828333336	0
Solyc04g079520.3	0.07460006828333336	0
Solyc05g050520.4	0.07460006828333336	0
Solyc05g024160.3	0.07460006828333336	0
Solyc08g067470.3	0.07460006828333336	0
Solyc07g063530.3	0.07460006828333336	0
Solyc08g005300.3	0.07460006828333336	0
Solyc09g065700.3	0.07460006828333336	0
Solyc10g078420.2	0.07460006828333336	0
Solyc10g045100.2	0.07460006828333336	0
Solyc11g065120.3	0.07460006828333336	0
Solyc09g075040.3	0.07460006828333336	0
Solyc10g011765.1	0.07460006828333336	0
Solyc09g092130.3	0.07460006828333336	0
Solyc09g097920.3	0.07460006828333336	0
Solyc09g097930.5	0.07460006828333336	0
Solyc01g104420.1	0.07479882350847349	0
Solyc07g052800.3	0.0754110987860279	0
Solyc08g077610.3	0.07543454405441567	0
Solyc03g091000.1	0.07545798962508272	0
Solyc06g009420.4	0.07549187633357377	0
Solyc09g005490.1	0.07549187633357377	0
Solyc05g056360.2	0.07584185979170754	0
Solyc05g032780.1	0.07631920719935083	0
Solyc02g065330.1	0.07634034825506564	0
Solyc02g090470.4	0.07643553015050271	0
Solyc09g074290.1	0.07659922522169693	0
Solyc07g160120.1	0.07672936524635612	0
Solyc08g042070.2	0.07677274695858201	0
Solyc09g059125.1	0.07681612951261692	0
Solyc08g023530.1	0.07686658500783523	0
Solyc08g077900.3	0.07699105041535978	0
Solyc06g009840.3	0.07706768462775251	0
Solyc12g098580.1	0.07706768462775251	0
Solyc04g080840.3	0.07748921653933677	0
Solyc02g071910.1	0.07771917289743287	0
Solyc00g020010.1	0.07789230061526076	0
Solyc03g006520.3	0.07789230061526076	0
Solyc03g006560.4	0.07789230061526076	0
Solyc02g093990.5	0.07789230061526076	0
Solyc01g009120.3	0.07789230061526076	0
Solyc02g089800.3	0.07789230061526076	0
Solyc01g091380.5	0.07789230061526076	0
Solyc03g007050.3	0.07789230061526076	0
Solyc01g108610.3	0.07789230061526076	0
Solyc02g090190.1	0.07789230061526076	0
Solyc02g090260.3	0.07789230061526076	0
Solyc01g028870.3	0.07789230061526076	0
Solyc03g007440.4	0.07789230061526076	0
Solyc02g062340.3	0.07789230061526076	0
Solyc01g094340.3	0.07789230061526076	0
Solyc02g077690.4	0.07789230061526076	0
Solyc02g086800.4	0.07789230061526076	0
Solyc01g099730.3	0.07789230061526076	0
Solyc02g063200.3	0.07789230061526076	0
Solyc00g500070.1	0.07789230061526076	0
Solyc01g013890.3	0.07789230061526076	0
Solyc02g078560.4	0.07789230061526076	0
Solyc01g088020.3	0.07789230061526076	0
Solyc02g087610.1	0.07789230061526076	0
Solyc02g083110.1	0.07789230061526076	0
Solyc02g065110.3	0.07789230061526076	0
Solyc03g025630.3	0.07789230061526076	0
Solyc01g007030.3	0.07789230061526076	0
Solyc01g102300.3	0.07789230061526076	0
Solyc01g111620.3	0.07789230061526076	0
Solyc00g500224.1	0.07789230061526076	0
Solyc01g096830.3	0.07789230061526076	0
Solyc01g102590.3	0.07789230061526076	0
Solyc03g098410.1	0.07789230061526076	0
Solyc01g111920.3	0.07789230061526076	0
Solyc03g062710.5	0.07789230061526076	0
Solyc01g008120.4	0.07789230061526076	0
Solyc03g098650.3	0.07789230061526076	0
Solyc02g093340.3	0.07789230061526076	0
Solyc04g016510.3	0.07789230061526076	0
Solyc03g062940.3	0.07789230061526076	0
Solyc01g112100.3	0.07789230061526076	0
Solyc02g084620.3	0.07789230061526076	0
Solyc03g115510.3	0.07789230061526076	0
Solyc05g042040.3	0.07789230061526076	0
Solyc04g009860.4	0.07789230061526076	0
Solyc03g094030.5	0.07789230061526076	0
Solyc05g052720.1	0.07789230061526076	0
Solyc04g005200.4	0.07789230061526076	0
Solyc04g005250.4	0.07789230061526076	0
Solyc04g010260.3	0.07789230061526076	0
Solyc04g078650.4	0.07789230061526076	0
Solyc03g120880.4	0.07789230061526076	0
Solyc04g005510.3	0.07789230061526076	0
Solyc04g078970.4	0.07789230061526076	0
Solyc06g008810.3	0.07789230061526076	0
Solyc04g079060.3	0.07789230061526076	0
Solyc03g112660.3	0.07789230061526076	0
Solyc05g018340.4	0.07789230061526076	0
Solyc04g072670.4	0.07789230061526076	0
Solyc03g113140.3	0.07789230061526076	0
Solyc04g040190.1	0.07789230061526076	0
Solyc03g081230.1	0.07789230061526076	0
Solyc05g048860.3	0.07789230061526076	0
Solyc04g007620.1	0.07789230061526076	0
Solyc04g047720.4	0.07789230061526076	0
Solyc06g009790.4	0.07789230061526076	0
Solyc05g054630.4	0.07789230061526076	0
Solyc03g123420.1	0.07789230061526076	0
Solyc03g113950.4	0.07789230061526076	0
Solyc03g114110.4	0.07789230061526076	0
Solyc05g025650.3	0.07789230061526076	0
Solyc04g076250.3	0.07789230061526076	0
Solyc03g098010.3	0.07789230061526076	0
Solyc03g123980.4	0.07789230061526076	0
Solyc04g076510.3	0.07789230061526076	0
Solyc04g081050.2	0.07789230061526076	0
Solyc06g054380.4	0.07789230061526076	0
Solyc05g014510.3	0.07789230061526076	0
Solyc06g054630.3	0.07789230061526076	0
Solyc07g065980.3	0.07789230061526076	0
Solyc06g066430.3	0.07789230061526076	0
Solyc08g022080.4	0.07789230061526076	0
Solyc07g061750.4	0.07789230061526076	0
Solyc06g082610.5	0.07789230061526076	0
Solyc08g023495.1	0.07789230061526076	0
Solyc06g082830.3	0.07789230061526076	0
Solyc06g067990.3	0.07789230061526076	0
Solyc07g017760.1	0.07789230061526076	0
Solyc06g049070.3	0.07789230061526076	0
Solyc06g073615.1	0.07789230061526076	0
Solyc09g015840.4	0.07789230061526076	0
Solyc08g029235.1	0.07789230061526076	0
Solyc06g061030.3	0.07789230061526076	0
Solyc08g007070.2	0.07789230061526076	0
Solyc06g068550.5	0.07789230061526076	0
Solyc07g018360.3	0.07789230061526076	0
Solyc09g018310.4	0.07789230061526076	0
Solyc07g062680.3	0.07789230061526076	0
Solyc07g053280.4	0.07789230061526076	0
Solyc07g042700.4	0.07789230061526076	0
Solyc06g074750.1	0.07789230061526076	0
Solyc06g051660.1	0.07789230061526076	0
Solyc08g081530.3	0.07789230061526076	0
Solyc08g008170.4	0.07789230061526076	0
Solyc07g022790.4	0.07789230061526076	0
Solyc07g054200.5	0.07789230061526076	0
Solyc09g007100.3	0.07789230061526076	0
Solyc07g054780.1	0.07789230061526076	0
Solyc06g065255.1	0.07789230061526076	0
Solyc07g055320.4	0.07789230061526076	0
Solyc08g068800.4	0.07789230061526076	0
Solyc10g078390.3	0.07789230061526076	0
Solyc10g008340.4	0.07789230061526076	0
Solyc09g011840.1	0.07789230061526076	0
Solyc10g008580.1	0.07789230061526076	0
Solyc07g049390.3	0.07789230061526076	0
Solyc10g054280.2	0.07789230061526076	0
Solyc08g078860.4	0.07789230061526076	0
Solyc10g045350.2	0.07789230061526076	0
Solyc10g084820.2	0.07789230061526076	0
Solyc10g009340.1	0.07789230061526076	0
Solyc12g005240.1	0.07789230061526076	0
Solyc12g042990.3	0.07789230061526076	0
Solyc10g085060.3	0.07789230061526076	0
Solyc11g040260.2	0.07789230061526076	0
Solyc09g075630.1	0.07789230061526076	0
Solyc12g099175.2	0.07789230061526076	0
Solyc12g005430.1	0.07789230061526076	0
Solyc12g010850.1	0.07789230061526076	0
Solyc11g066020.2	0.07789230061526076	0
Solyc11g008470.2	0.07789230061526076	0
Solyc11g042950.1	0.07789230061526076	0
Solyc12g035240.2	0.07789230061526076	0
Solyc12g035360.2	0.07789230061526076	0
Solyc10g005820.3	0.07789230061526076	0
Solyc11g008940.1	0.07789230061526076	0
Solyc11g073055.1	0.07789230061526076	0
Solyc11g073060.3	0.07789230061526076	0
Solyc12g049290.2	0.07789230061526076	0
Solyc10g086400.2	0.07789230061526076	0
Solyc10g086420.1	0.07789230061526076	0
Solyc12g014120.3	0.07789230061526076	0
Solyc09g083120.3	0.07789230061526076	0
Solyc12g055940.4	0.07789230061526076	0
Solyc12g014540.2	0.07789230061526076	0
Solyc12g007060.1	0.07789230061526076	0
Solyc11g061720.1	0.07789230061526076	0
Solyc10g160370.1	0.07789230061526076	0
Solyc11g062010.3	0.07789230061526076	0
Solyc12g017450.2	0.07789230061526076	0
Solyc10g037900.1	0.07789230061526076	0
Solyc11g007360.1	0.07789230061526076	0
Solyc10g083380.2	0.07789230061526076	0
Solyc11g161760.1	0.07789230061526076	0
Solyc12g009790.2	0.07789230061526076	0
Solyc11g012730.3	0.07789230061526076	0
Solyc12g070120.1	0.07789230061526076	0
Solyc11g071280.2	0.07789230061526076	0
Solyc09g161480.1	0.07791081846506752	0
Solyc01g110180.5	0.0779874804543832	0
Solyc03g098310.1	0.0779874804543832	0
Solyc06g061040.5	0.0779874804543832	0
Solyc10g075000.3	0.07804497832681191	0
Solyc05g012630.2	0.07806414454450987	0
Solyc08g023640.1	0.07806414454450987	0
Solyc11g050890.2	0.07806414454450987	0
Solyc01g094970.4	0.07808331089146987	0
Solyc00g500184.1	0.07808331089146987	0
Solyc01g087700.1	0.07810247736718276	0
Solyc01g100450.1	0.07810247736718276	0
Solyc02g088850.3	0.07810247736718276	0
Solyc03g082450.3	0.07810247736718276	0
Solyc10g008330.5	0.07810247736718276	0
Solyc10g083940.1	0.07810247736718276	0
Solyc01g103130.2	0.07812164397113994	0
Solyc02g082480.3	0.07812164397113994	0
Solyc01g056830.3	0.07812164397113994	0
Solyc02g063543.1	0.07812164397113994	0
Solyc01g100400.3	0.07812164397113994	0
Solyc02g078650.4	0.07812164397113994	0
Solyc03g025550.3	0.07812164397113994	0
Solyc03g026360.1	0.07812164397113994	0
Solyc03g063650.1	0.07812164397113994	0
Solyc03g111660.3	0.07812164397113994	0
Solyc05g053000.1	0.07812164397113994	0
Solyc03g121050.3	0.07812164397113994	0
Solyc03g112510.2	0.07812164397113994	0
Solyc04g007650.4	0.07812164397113994	0
Solyc06g073360.3	0.07812164397113994	0
Solyc08g080080.5	0.07812164397113994	0
Solyc07g041980.3	0.07812164397113994	0
Solyc06g084210.3	0.07812164397113994	0
Solyc09g007060.2	0.07812164397113994	0
Solyc08g013980.4	0.07812164397113994	0
Solyc12g044380.3	0.07812164397113994	0
Solyc12g011130.2	0.07812164397113994	0
Solyc11g066510.3	0.07812164397113994	0
Solyc12g049310.2	0.07812164397113994	0
Solyc11g010240.3	0.07812164397113994	0
Solyc09g098260.3	0.07812164397113994	0
Solyc02g089655.1	0.07813972981379658	0
Solyc03g044833.2	0.07817998005672913	0
Solyc03g123810.1	0.07826048220736173	0
Solyc12g062160.1	0.07847664491563548	0
Solyc08g062280.2	0.07853556347083254	0
Solyc05g054900.3	0.07858744161116396	0
Solyc05g161610.1	0.07939982146578037	0
Solyc04g055030.2	0.07961665427176808	0
Solyc09g055660.3	0.07979273214778053	0
Solyc01g162870.1	0.07983066575016275	0
Solyc10g084360.1	0.07999051932069862	0
Solyc03g034330.1	0.08002984659161683	0
Solyc01g163180.1	0.08009967360219034	0
Solyc03g063050.1	0.08009967360219034	0
Solyc05g052430.3	0.08009967360219034	0
Solyc03g046591.1	0.08009967360219034	0
Solyc12g006970.1	0.08009967360219034	0
Solyc12g096200.2	0.08009967360219034	0
Solyc10g162480.1	0.08018122467934437	0
Solyc12g010920.2	0.08065725446374955	0
Solyc00g006483.2	0.08075551811884987	0
Solyc05g011940.4	0.08083586807682279	0
Solyc04g015090.3	0.08099861601487933	0
Solyc02g088950.3	0.08110921730241236	0
Solyc07g007530.1	0.08110921730241236	0
Solyc06g036470.3	0.08111945176080981	0
Solyc03g082640.3	0.08158086108362328	0
Solyc00g052430.3	0.08171842871315473	0
Solyc07g160280.1	0.08171842871315473	0
Solyc12g010410.4	0.08171842871315473	0
Solyc06g069680.1	0.08173808138945608	0
Solyc07g008890.3	0.08173808138945608	0
Solyc08g068960.3	0.08173808138945608	0
Solyc01g066820.4	0.08175773410370997	0
Solyc01g088810.4	0.08175773410370997	0
Solyc03g083440.4	0.08175773410370997	0
Solyc03g119770.5	0.08175773410370997	0
Solyc05g006620.3	0.08175773410370997	0
Solyc04g057950.2	0.08175773410370997	0
Solyc08g006240.4	0.08175773410370997	0
Solyc07g065450.3	0.08175773410370997	0
Solyc11g006940.3	0.08175773410370997	0
Solyc01g080310.4	0.0817773868554183	0
Solyc00g069880.2	0.0817773868554183	0
Solyc01g108412.1	0.0817773868554183	0
Solyc02g055460.3	0.0817773868554183	0
Solyc02g091910.2	0.0817773868554183	0
Solyc01g095510.3	0.0817773868554183	0
Solyc03g095960.1	0.0817773868554183	0
Solyc04g049120.4	0.0817773868554183	0
Solyc09g008790.4	0.0817773868554183	0
Solyc09g007300.3	0.0817773868554183	0
Solyc08g005245.1	0.0817773868554183	0
Solyc01g066810.5	0.08188793425808819	0
Solyc01g105750.1	0.08194987813087883	0
Solyc11g043180.1	0.08198989965396022	0
Solyc06g066390.3	0.08222719266857817	0
Solyc06g008830.1	0.0822674762276514	0
Solyc09g008690.3	0.08304730018962868	0
Solyc12g041960.2	0.08309330595104496	0
Solyc04g049893.1	0.08311344837748069	0
Solyc10g052603.1	0.08343659287096664	0
Solyc00g013110.1	0.08362243480521814	0
Solyc01g105740.1	0.08374801640980614	0
Solyc02g088430.1	0.0838184320645756	0
Solyc03g096040.3	0.08404093007133874	0
Solyc06g048910.2	0.08412204637890078	0
Solyc05g041220.3	0.08428319708387903	0
Solyc10g007970.2	0.08447921307164152	0
Solyc02g062435.2	0.08466779122162771	0
Solyc01g090000.1	0.08477985280867102	0
Solyc05g014590.3	0.08512762543357985	0
Solyc09g008505.3	0.08518804603807345	0
Solyc10g076515.1	0.08518804603807345	0
Solyc02g083000.1	0.0852081861441565	0
Solyc08g041700.1	0.08530888593690154	0
Solyc08g066170.3	0.08534009376628103	0
Solyc03g037490.2	0.08537235369061344	0
Solyc02g092225.1	0.08538944485653069	0
Solyc05g047670.1	0.08538944485653069	0
Solyc07g064360.3	0.08542972400074053	0
Solyc02g093890.1	0.08547000292934437	0
Solyc02g077170.3	0.08547000292934437	0
Solyc03g119660.2	0.08547000292934437	0
Solyc07g062770.2	0.08553042090946536	0
Solyc00g500028.1	0.0855505601241502	0
Solyc02g087410.4	0.0855505601241502	0
Solyc03g062950.1	0.0855505601241502	0
Solyc04g014520.1	0.0855505601241502	0
Solyc05g051220.3	0.0855505601241502	0
Solyc07g008205.1	0.0855505601241502	0
Solyc09g092100.4	0.0855505601241502	0
Solyc11g150106.1	0.0855505601241502	0
Solyc01g097380.2	0.08557069928201395	0
Solyc02g089370.2	0.08557069928201395	0
Solyc00g500314.1	0.08557069928201395	0
Solyc01g091720.3	0.08557069928201395	0
Solyc01g094230.4	0.08557069928201395	0
Solyc03g019920.1	0.08557069928201395	0
Solyc03g031880.3	0.08557069928201395	0
Solyc04g077180.3	0.08557069928201395	0
Solyc06g007970.3	0.08557069928201395	0
Solyc05g006080.1	0.08557069928201395	0
Solyc03g112980.1	0.08557069928201395	0
Solyc04g014210.3	0.08557069928201395	0
Solyc04g074280.1	0.08557069928201395	0
Solyc06g009820.3	0.08557069928201395	0
Solyc06g076390.3	0.08557069928201395	0
Solyc05g051310.1	0.08557069928201395	0
Solyc05g026380.3	0.08557069928201395	0
Solyc04g064650.1	0.08557069928201395	0
Solyc04g077010.4	0.08557069928201395	0
Solyc03g160100.1	0.08557069928201395	0
Solyc07g056510.3	0.08557069928201395	0
Solyc08g008040.3	0.08557069928201395	0
Solyc08g067590.1	0.08557069928201395	0
Solyc10g011760.3	0.08557069928201395	0
Solyc12g044840.2	0.08557069928201395	0
Solyc12g089290.3	0.08557069928201395	0
Solyc10g006680.2	0.08557069928201395	0
Solyc09g160300.1	0.08575950305090656	0
Solyc02g084720.3	0.08577096527760664	0
Solyc01g090693.1	0.08577096527760664	0
Solyc02g089250.4	0.08577096527760664	0
Solyc02g071685.2	0.08577096527760664	0
Solyc01g103100.3	0.08577096527760664	0
Solyc02g071790.4	0.08577096527760664	0
Solyc01g080790.3	0.08577096527760664	0
Solyc02g085340.1	0.08577096527760664	0
Solyc01g097930.3	0.08577096527760664	0
Solyc02g094440.4	0.08577096527760664	0
Solyc02g076670.3	0.08577096527760664	0
Solyc01g021600.5	0.08577096527760664	0
Solyc01g091900.3	0.08577096527760664	0
Solyc02g081410.3	0.08577096527760664	0
Solyc01g067080.3	0.08577096527760664	0
Solyc02g090670.3	0.08577096527760664	0
Solyc02g150139.1	0.08577096527760664	0
Solyc02g062290.2	0.08577096527760664	0
Solyc02g086350.3	0.08577096527760664	0
Solyc00g244300.1	0.08577096527760664	0
Solyc01g086900.5	0.08577096527760664	0
Solyc01g005390.3	0.08577096527760664	0
Solyc01g086990.3	0.08577096527760664	0
Solyc00g500023.1	0.08577096527760664	0
Solyc01g094630.3	0.08577096527760664	0
Solyc01g005490.3	0.08577096527760664	0
Solyc01g094820.3	0.08577096527760664	0
Solyc01g109680.3	0.08577096527760664	0
Solyc01g109720.3	0.08577096527760664	0
Solyc02g082470.4	0.08577096527760664	0
Solyc01g011465.1	0.08577096527760664	0
Solyc00g500073.1	0.08577096527760664	0
Solyc02g063420.3	0.08577096527760664	0
Solyc03g019950.3	0.08577096527760664	0
Solyc02g091850.1	0.08577096527760664	0
Solyc02g063540.4	0.08577096527760664	0
Solyc01g105800.4	0.08577096527760664	0
Solyc01g068460.4	0.08577096527760664	0
Solyc03g025170.1	0.08577096527760664	0
Solyc01g068560.3	0.08577096527760664	0
Solyc01g006350.4	0.08577096527760664	0
Solyc02g032480.4	0.08577096527760664	0
Solyc01g095740.5	0.08577096527760664	0
Solyc01g106030.4	0.08577096527760664	0
Solyc01g006555.2	0.08577096527760664	0
Solyc01g111020.3	0.08577096527760664	0
Solyc02g088110.4	0.08577096527760664	0
Solyc01g006980.4	0.08577096527760664	0
Solyc02g065620.3	0.08577096527760664	0
Solyc03g031620.3	0.08577096527760664	0
Solyc01g079350.3	0.08577096527760664	0
Solyc02g079370.3	0.08577096527760664	0
Solyc01g007267.1	0.08577096527760664	0
Solyc02g088530.1	0.08577096527760664	0
Solyc02g071140.3	0.08577096527760664	0
Solyc01g090260.5	0.08577096527760664	0
Solyc01g102720.3	0.08577096527760664	0
Solyc03g119400.3	0.08577096527760664	0
Solyc03g098640.4	0.08577096527760664	0
Solyc03g119540.3	0.08577096527760664	0
Solyc04g016490.4	0.08577096527760664	0
Solyc04g016590.3	0.08577096527760664	0
Solyc01g107610.4	0.08577096527760664	0
Solyc03g093120.5	0.08577096527760664	0
Solyc04g081820.3	0.08577096527760664	0
Solyc04g070970.4	0.08577096527760664	0
Solyc04g077390.3	0.08577096527760664	0
Solyc04g071030.1	0.08577096527760664	0
Solyc05g015310.3	0.08577096527760664	0
Solyc06g007460.3	0.08577096527760664	0
Solyc04g082360.2	0.08577096527760664	0
Solyc03g093690.3	0.08577096527760664	0
Solyc05g010250.3	0.08577096527760664	0
Solyc05g052570.3	0.08577096527760664	0
Solyc03g043760.4	0.08577096527760664	0
Solyc03g094090.3	0.08577096527760664	0
Solyc05g052820.3	0.08577096527760664	0
Solyc03g121270.3	0.08577096527760664	0
Solyc03g121280.4	0.08577096527760664	0
Solyc04g028560.5	0.08577096527760664	0
Solyc03g112760.3	0.08577096527760664	0
Solyc05g018403.2	0.08577096527760664	0
Solyc05g018413.2	0.08577096527760664	0
Solyc03g080050.3	0.08577096527760664	0
Solyc05g053770.4	0.08577096527760664	0
Solyc06g009335.1	0.08577096527760664	0
Solyc05g048800.4	0.08577096527760664	0
Solyc05g054030.3	0.08577096527760664	0
Solyc03g096770.1	0.08577096527760664	0
Solyc05g054220.3	0.08577096527760664	0
Solyc04g007820.3	0.08577096527760664	0
Solyc05g054490.3	0.08577096527760664	0
Solyc04g014790.1	0.08577096527760664	0
Solyc04g008020.3	0.08577096527760664	0
Solyc04g015020.3	0.08577096527760664	0
Solyc03g097350.4	0.08577096527760664	0
Solyc03g118120.3	0.08577096527760664	0
Solyc05g007820.5	0.08577096527760664	0
Solyc04g049670.4	0.08577096527760664	0
Solyc04g049680.2	0.08577096527760664	0
Solyc05g050840.3	0.08577096527760664	0
Solyc06g011570.3	0.08577096527760664	0
Solyc05g008105.1	0.08577096527760664	0
Solyc05g013880.2	0.08577096527760664	0
Solyc06g018100.4	0.08577096527760664	0
Solyc06g076540.1	0.08577096527760664	0
Solyc06g072170.2	0.08577096527760664	0
Solyc05g055690.3	0.08577096527760664	0
Solyc06g076890.1	0.08577096527760664	0
Solyc05g008790.4	0.08577096527760664	0
Solyc04g076960.4	0.08577096527760664	0
Solyc08g005780.4	0.08577096527760664	0
Solyc05g055940.3	0.08577096527760664	0
Solyc07g056270.3	0.08577096527760664	0
Solyc06g072580.3	0.08577096527760664	0
Solyc06g059760.3	0.08577096527760664	0
Solyc08g074795.1	0.08577096527760664	0
Solyc07g005740.1	0.08577096527760664	0
Solyc08g022110.2	0.08577096527760664	0
Solyc07g066200.4	0.08577096527760664	0
Solyc06g048530.4	0.08577096527760664	0
Solyc09g015070.3	0.08577096527760664	0
Solyc06g073180.3	0.08577096527760664	0
Solyc08g065430.3	0.08577096527760664	0
Solyc07g066340.3	0.08577096527760664	0
Solyc08g023500.5	0.08577096527760664	0
Solyc09g059290.4	0.08577096527760664	0
Solyc07g006230.1	0.08577096527760664	0
Solyc08g006730.1	0.08577096527760664	0
Solyc06g083110.2	0.08577096527760664	0
Solyc06g068220.4	0.08577096527760664	0
Solyc06g083250.4	0.08577096527760664	0
Solyc08g029220.3	0.08577096527760664	0
Solyc09g009270.2	0.08577096527760664	0
Solyc09g059960.3	0.08577096527760664	0
Solyc08g080550.1	0.08577096527760664	0
Solyc08g080570.4	0.08577096527760664	0
Solyc07g062520.4	0.08577096527760664	0
Solyc06g074110.3	0.08577096527760664	0
Solyc09g061340.1	0.08577096527760664	0
Solyc06g084040.3	0.08577096527760664	0
Solyc07g053630.4	0.08577096527760664	0
Solyc06g074700.4	0.08577096527760664	0
Solyc08g081250.4	0.08577096527760664	0
Solyc09g005340.3	0.08577096527760664	0
Solyc06g075000.3	0.08577096527760664	0
Solyc06g063280.1	0.08577096527760664	0
Solyc09g031700.4	0.08577096527760664	0
Solyc08g076930.1	0.08577096527760664	0
Solyc09g064460.1	0.08577096527760664	0
Solyc07g022920.3	0.08577096527760664	0
Solyc09g064740.4	0.08577096527760664	0
Solyc06g053230.4	0.08577096527760664	0
Solyc08g082080.3	0.08577096527760664	0
Solyc08g082090.1	0.08577096527760664	0
Solyc07g008610.3	0.08577096527760664	0
Solyc08g069050.3	0.08577096527760664	0
Solyc09g091020.3	0.08577096527760664	0
Solyc10g084250.1	0.08577096527760664	0
Solyc09g013120.4	0.08577096527760664	0
Solyc11g007670.3	0.08577096527760664	0
Solyc12g010230.2	0.08577096527760664	0
Solyc09g014490.4	0.08577096527760664	0
Solyc10g085020.3	0.08577096527760664	0
Solyc11g072100.2	0.08577096527760664	0
Solyc11g040110.2	0.08577096527760664	0
Solyc12g043020.2	0.08577096527760664	0
Solyc10g085200.2	0.08577096527760664	0
Solyc11g042460.2	0.08577096527760664	0
Solyc10g047350.2	0.08577096527760664	0
Solyc10g085460.3	0.08577096527760664	0
Solyc11g066490.1	0.08577096527760664	0
Solyc11g073050.2	0.08577096527760664	0
Solyc10g017600.3	0.08577096527760664	0
Solyc12g100120.2	0.08577096527760664	0
Solyc10g017850.3	0.08577096527760664	0
Solyc11g005660.2	0.08577096527760664	0
Solyc11g067080.3	0.08577096527760664	0
Solyc11g005930.2	0.08577096527760664	0
Solyc12g014290.2	0.08577096527760664	0
Solyc11g006040.2	0.08577096527760664	0
Solyc10g006920.3	0.08577096527760664	0
Solyc12g006940.2	0.08577096527760664	0
Solyc11g011030.2	0.08577096527760664	0
Solyc12g006990.2	0.08577096527760664	0
Solyc12g015770.3	0.08577096527760664	0
Solyc12g056285.1	0.08577096527760664	0
Solyc11g011350.4	0.08577096527760664	0
Solyc09g150144.1	0.08577096527760664	0
Solyc11g022600.2	0.08577096527760664	0
Solyc11g011980.3	0.08577096527760664	0
Solyc10g083780.1	0.08577096527760664	0
Solyc12g019750.3	0.08577096527760664	0
Solyc11g012700.2	0.08577096527760664	0
Solyc12g063050.3	0.08577096527760664	0
Solyc11g071200.4	0.08577096527760664	0
Solyc11g012970.2	0.08577096527760664	0
Solyc12g097050.2	0.08588652871516397	0
Solyc11g063577.1	0.08601752122609913	0
Solyc02g068460.1	0.08607945388827855	0
Solyc11g018590.1	0.08607945388827855	0
Solyc05g041780.1	0.0863533247205498	0
Solyc10g007635.1	0.0863533247205498	0
Solyc01g057680.4	0.08755874729739074	0
Solyc11g065610.1	0.08755874729739074	0
Solyc07g007460.3	0.08762971899291742	0
Solyc11g007970.2	0.08858444714375208	0
Solyc06g053890.1	0.08859065994101703	0
Solyc04g077760.1	0.08861543776083405	0
Solyc02g065100.1	0.08861993250718692	0
Solyc12g009690.1	0.0886554174727384	0
Solyc04g007310.2	0.0886909020379515	0
Solyc06g060650.1	0.0886909020379515	0
Solyc07g150150.1	0.0886909020379515	0
Solyc04g010280.2	0.08878301586538201	0
Solyc12g099720.2	0.08915433692517251	0
Solyc01g010410.3	0.08925747333530579	0
Solyc02g088670.1	0.08929872685764467	0
Solyc01g090510.2	0.0894431094284021	0
Solyc11g067210.1	0.0894431094284021	0
Solyc02g062160.1	0.08946373489951068	0
Solyc02g031780.1	0.08946373489951068	0
Solyc02g084860.1	0.08948436021659455	0
Solyc01g099080.4	0.08948436021659455	0
Solyc02g079380.2	0.08948436021659455	0
Solyc02g071130.5	0.08948436021659455	0
Solyc04g063370.3	0.08948436021659455	0
Solyc07g054100.3	0.08948436021659455	0
Solyc08g005190.4	0.08948436021659455	0
Solyc01g080240.4	0.08950498537918188	0
Solyc02g089390.3	0.08950498537918188	0
Solyc01g098170.3	0.08950498537918188	0
Solyc01g081420.3	0.08950498537918188	0
Solyc01g093990.3	0.08950498537918188	0
Solyc01g108910.5	0.08950498537918188	0
Solyc06g048950.3	0.08950498537918188	0
Solyc07g062820.1	0.08950498537918188	0
Solyc08g005560.3	0.08950498537918188	0
Solyc08g078530.4	0.08950498537918188	0
Solyc11g065260.3	0.08950498537918188	0
Solyc12g096310.2	0.08950498537918188	0
Solyc02g044010.3	0.08966888275074114	0
Solyc08g067570.1	0.08969978092162491	0
Solyc03g150158.1	0.08978882719011916	0
Solyc06g082050.3	0.09044978583573095	0
Solyc06g059990.5	0.09044978583573095	0
Solyc04g074330.3	0.0906683944711067	0
Solyc06g063430.2	0.0906683944711067	0
Solyc10g006420.4	0.0906683944711067	0
Solyc02g069210.3	0.09069962262611063	0
Solyc02g005601.1	0.09073085036383183	0
Solyc02g071840.1	0.09073085036383183	0
Solyc02g085960.1	0.09073085036383183	0
Solyc06g009410.3	0.09073085036383183	0
Solyc12g100020.1	0.09073085036383183	0
Solyc12g013780.3	0.09073085036383183	0
Solyc01g067980.1	0.0907620776826836	0
Solyc04g071020.1	0.0907620776826836	0
Solyc03g044980.1	0.0907620776826836	0
Solyc04g016020.1	0.0907620776826836	0
Solyc08g077910.3	0.0907620776826836	0
Solyc12g055870.2	0.0907620776826836	0
Solyc11g020840.1	0.0907620776826836	0
Solyc00g500384.1	0.09077678148279873	0
Solyc02g160970.1	0.09077678148279873	0
Solyc00g500374.1	0.09079330458108048	0
Solyc01g100915.1	0.09079330458108048	0
Solyc03g115090.1	0.09079330458108048	0
Solyc04g081720.2	0.09079330458108048	0
Solyc05g005240.2	0.09079330458108048	0
Solyc04g051297.1	0.09079330458108048	0
Solyc03g116010.3	0.09079330458108048	0
Solyc05g050515.1	0.09079330458108048	0
Solyc04g081640.3	0.09079330458108048	0
Solyc07g043180.1	0.09079330458108048	0
Solyc12g036930.1	0.09079330458108048	0
Solyc10g150130.1	0.09079330458108048	0
Solyc01g011230.3	0.09098532991091254	0
Solyc04g007750.5	0.09115973704751319	0
Solyc12g089190.1	0.09129781672110455	0
Solyc02g085965.1	0.09164320274181875	0
Solyc03g043940.4	0.09212510369170912	0
Solyc00g160230.1	0.0922973159278124	0
Solyc03g080150.3	0.09232346913177114	0
Solyc08g068990.2	0.09235885355371273	0
Solyc02g060605.1	0.09240192664077514	0
Solyc11g028200.1	0.09240192664077514	0
Solyc08g079930.2	0.09242222459079882	0
Solyc05g013250.3	0.09243132356289538	0
Solyc01g108270.5	0.09257008225562204	0
Solyc12g089350.3	0.09277008221397927	0
Solyc11g071880.3	0.09284464455214395	0
Solyc12g098540.2	0.09286576306309345	0
Solyc12g005370.2	0.09301328124381496	0
Solyc02g069300.1	0.09305169897571382	0
Solyc08g062690.2	0.09318174045963187	0
Solyc03g096220.3	0.09318251163344474	0
Solyc09g061630.2	0.09322242309002143	0
Solyc06g075700.2	0.09322242309002143	0
Solyc07g005780.2	0.09322474060734448	0
Solyc03g111190.4	0.09326696858866267	0
Solyc06g051860.3	0.0933435057486725	0
Solyc09g072770.1	0.09337253417528285	0
Solyc03g019640.1	0.09341475865362361	0
Solyc03g082350.2	0.09341475865362361	0
Solyc10g006450.3	0.09341475865362361	0
Solyc02g071630.1	0.09347809347792382	0
Solyc07g019510.4	0.09349920457933807	0
Solyc10g017590.3	0.09349920457933807	0
Solyc10g050100.1	0.09349920457933807	0
Solyc01g108640.1	0.09352031542664775	0
Solyc03g031990.4	0.09352031542664775	0
Solyc06g054140.4	0.09352031542664775	0
Solyc04g081690.2	0.09352031542664775	0
Solyc01g105900.2	0.09354142601939644	0
Solyc03g116770.3	0.0935625363571277	0
Solyc08g068630.5	0.0935625363571277	0
Solyc07g065070.2	0.0935625363571277	0
Solyc09g097840.2	0.0935625363571277	0
Solyc01g150148.1	0.09358364643938565	0
Solyc00g500019.1	0.09358364643938565	0
Solyc02g079070.4	0.09358364643938565	0
Solyc00g500158.1	0.09358364643938565	0
Solyc01g111470.4	0.09358364643938565	0
Solyc04g064880.4	0.09358364643938565	0
Solyc05g010100.4	0.09358364643938565	0
Solyc03g044200.3	0.09358364643938565	0
Solyc04g160270.1	0.09358364643938565	0
Solyc04g079710.5	0.09358364643938565	0
Solyc04g008610.3	0.09358364643938565	0
Solyc04g058190.3	0.09358364643938565	0
Solyc05g026060.3	0.09358364643938565	0
Solyc04g076630.3	0.09358364643938565	0
Solyc09g059260.4	0.09358364643938565	0
Solyc07g063000.4	0.09358364643938565	0
Solyc08g005390.1	0.09358364643938565	0
Solyc06g053860.3	0.09358364643938565	0
Solyc08g078320.3	0.09358364643938565	0
Solyc10g079050.2	0.09358364643938565	0
Solyc10g085010.3	0.09358364643938565	0
Solyc09g092640.3	0.09358364643938565	0
Solyc12g089240.2	0.09358364643938565	0
Solyc11g150142.2	0.09358364643938565	0
Solyc10g150127.1	0.09358364643938565	0
Solyc03g058450.4	0.09386185909832877	0
Solyc10g075065.1	0.0942426607022497	0
Solyc01g090697.1	0.09425133689839571	0
Solyc01g090760.5	0.09425133689839571	0
Solyc02g089290.3	0.09425133689839571	0
Solyc01g103090.4	0.09425133689839571	0
Solyc02g071800.3	0.09425133689839571	0
Solyc01g065510.3	0.09425133689839571	0
Solyc02g085030.4	0.09425133689839571	0
Solyc01g108210.4	0.09425133689839571	0
Solyc01g103650.3	0.09425133689839571	0
Solyc01g098040.3	0.09425133689839571	0
Solyc02g081060.4	0.09425133689839571	0
Solyc01g098230.3	0.09425133689839571	0
Solyc01g098250.4	0.09425133689839571	0
Solyc01g091830.3	0.09425133689839571	0
Solyc01g098430.3	0.09425133689839571	0
Solyc02g068250.4	0.09425133689839571	0
Solyc02g085930.3	0.09425133689839571	0
Solyc02g076930.2	0.09425133689839571	0
Solyc02g061950.4	0.09425133689839571	0
Solyc01g104570.4	0.09425133689839571	0
Solyc00g160750.1	0.09425133689839571	0
Solyc02g068770.5	0.09425133689839571	0
Solyc01g099010.3	0.09425133689839571	0
Solyc01g067560.3	0.09425133689839571	0
Solyc01g056580.4	0.09425133689839571	0
Solyc02g069410.4	0.09425133689839571	0
Solyc02g091680.5	0.09425133689839571	0
Solyc02g069540.3	0.09425133689839571	0
Solyc02g082710.3	0.09425133689839571	0
Solyc01g087750.5	0.09425133689839571	0
Solyc02g078285.1	0.09425133689839571	0
Solyc02g091860.3	0.09425133689839571	0
Solyc01g106060.3	0.09425133689839571	0
Solyc01g057840.3	0.09425133689839571	0
Solyc01g088250.4	0.09425133689839571	0
Solyc01g073910.5	0.09425133689839571	0
Solyc02g092510.3	0.09425133689839571	0
Solyc02g070790.3	0.09425133689839571	0
Solyc02g036270.4	0.09425133689839571	0
Solyc01g088770.3	0.09425133689839571	0
Solyc03g059010.4	0.09425133689839571	0
Solyc03g059100.3	0.09425133689839571	0
Solyc01g007880.4	0.09425133689839571	0
Solyc03g026340.4	0.09425133689839571	0
Solyc02g079760.3	0.09425133689839571	0
Solyc03g032060.1	0.09425133689839571	0
Solyc03g114930.3	0.09425133689839571	0
Solyc01g112060.5	0.09425133689839571	0
Solyc02g084450.4	0.09425133689839571	0
Solyc03g119780.4	0.09425133689839571	0
Solyc06g007320.3	0.09425133689839571	0
Solyc03g120070.4	0.09425133689839571	0
Solyc04g024340.4	0.09425133689839571	0
Solyc05g009910.3	0.09425133689839571	0
Solyc04g082460.4	0.09425133689839571	0
Solyc05g041860.4	0.09425133689839571	0
Solyc03g093830.3	0.09425133689839571	0
Solyc04g082590.3	0.09425133689839571	0
Solyc04g005160.3	0.09425133689839571	0
Solyc06g008120.1	0.09425133689839571	0
Solyc03g043960.3	0.09425133689839571	0
Solyc05g011990.4	0.09425133689839571	0
Solyc03g121110.3	0.09425133689839571	0
Solyc04g078910.3	0.09425133689839571	0
Solyc03g078640.1	0.09425133689839571	0
Solyc05g006610.4	0.09425133689839571	0
Solyc03g112820.5	0.09425133689839571	0
Solyc03g045050.4	0.09425133689839571	0
Solyc05g006770.4	0.09425133689839571	0
Solyc06g009220.4	0.09425133689839571	0
Solyc03g117370.3	0.09425133689839571	0
Solyc03g117400.4	0.09425133689839571	0
Solyc03g046350.3	0.09425133689839571	0
Solyc04g007550.4	0.09425133689839571	0
Solyc04g045430.4	0.09425133689839571	0
Solyc05g007140.3	0.09425133689839571	0
Solyc05g023740.3	0.09425133689839571	0
Solyc04g076120.3	0.09425133689839571	0
Solyc04g076210.3	0.09425133689839571	0
Solyc03g123910.3	0.09425133689839571	0
Solyc04g076370.4	0.09425133689839571	0
Solyc03g114510.5	0.09425133689839571	0
Solyc05g051700.3	0.09425133689839571	0
Solyc04g081260.3	0.09425133689839571	0
Solyc06g082100.4	0.09425133689839571	0
Solyc06g054670.2	0.09425133689839571	0
Solyc06g036590.1	0.09425133689839571	0
Solyc04g081410.3	0.09425133689839571	0
Solyc06g066310.3	0.09425133689839571	0
Solyc08g062820.3	0.09425133689839571	0
Solyc07g005640.3	0.09425133689839571	0
Solyc07g056580.3	0.09425133689839571	0
Solyc06g035450.5	0.09425133689839571	0
Solyc06g066550.3	0.09425133689839571	0
Solyc06g073060.3	0.09425133689839571	0
Solyc06g082510.3	0.09425133689839571	0
Solyc08g075280.5	0.09425133689839571	0
Solyc06g082930.3	0.09425133689839571	0
Solyc09g008930.4	0.09425133689839571	0
Solyc07g006350.3	0.09425133689839571	0
Solyc07g017750.4	0.09425133689839571	0
Solyc07g006540.3	0.09425133689839571	0
Solyc06g068610.3	0.09425133689839571	0
Solyc06g062370.4	0.09425133689839571	0
Solyc07g053490.3	0.09425133689839571	0
Solyc08g081080.3	0.09425133689839571	0
Solyc07g063040.3	0.09425133689839571	0
Solyc08g076480.3	0.09425133689839571	0
Solyc07g007450.3	0.09425133689839571	0
Solyc08g008150.1	0.09425133689839571	0
Solyc07g008030.3	0.09425133689839571	0
Solyc09g031920.1	0.09425133689839571	0
Solyc08g008220.3	0.09425133689839571	0
Solyc08g081830.3	0.09425133689839571	0
Solyc08g081890.4	0.09425133689839571	0
Solyc09g010560.3	0.09425133689839571	0
Solyc08g008410.3	0.09425133689839571	0
Solyc07g008390.4	0.09425133689839571	0
Solyc09g010710.5	0.09425133689839571	0
Solyc09g064940.2	0.09425133689839571	0
Solyc07g064160.3	0.09425133689839571	0
Solyc06g065240.3	0.09425133689839571	0
Solyc06g071180.3	0.09425133689839571	0
Solyc07g008930.1	0.09425133689839571	0
Solyc09g007640.4	0.09425133689839571	0
Solyc09g065930.5	0.09425133689839571	0
Solyc06g071910.3	0.09425133689839571	0
Solyc09g008200.4	0.09425133689839571	0
Solyc07g065510.4	0.09425133689839571	0
Solyc10g084530.1	0.09425133689839571	0
Solyc09g091390.3	0.09425133689839571	0
Solyc10g009230.1	0.09425133689839571	0
Solyc12g019977.1	0.09425133689839571	0
Solyc10g079190.3	0.09425133689839571	0
Solyc11g065530.1	0.09425133689839571	0
Solyc11g016930.1	0.09425133689839571	0
Solyc10g011790.3	0.09425133689839571	0
Solyc10g005480.3	0.09425133689839571	0
Solyc10g005620.3	0.09425133689839571	0
Solyc11g008740.2	0.09425133689839571	0
Solyc11g008830.2	0.09425133689839571	0
Solyc12g099920.2	0.09425133689839571	0
Solyc09g082710.3	0.09425133689839571	0
Solyc10g080660.3	0.09425133689839571	0
Solyc09g082860.3	0.09425133689839571	0
Solyc11g006010.3	0.09425133689839571	0
Solyc10g086660.2	0.09425133689839571	0
Solyc12g014390.3	0.09425133689839571	0
Solyc10g081180.2	0.09425133689839571	0
Solyc12g056360.1	0.09425133689839571	0
Solyc12g095990.2	0.09425133689839571	0
Solyc12g017510.2	0.09425133689839571	0
Solyc12g040570.1	0.09425133689839571	0
Solyc10g078280.3	0.09425133689839571	0
Solyc10g007950.4	0.09425133689839571	0
Solyc12g096770.1	0.09425133689839571	0
Solyc11g007480.1	0.09425133689839571	0
Solyc12g009180.2	0.09425133689839571	0
Solyc11g069910.2	0.09425133689839571	0
Solyc01g038231.1	0.09438894511798494	0
Solyc10g007170.2	0.09438894511798494	0
Solyc04g025755.2	0.09446016271774646	0
Solyc04g081380.1	0.09446016271774646	0
Solyc05g012180.3	0.09508664482433318	0
Solyc12g033040.1	0.09558457383117501	0
Solyc01g105260.1	0.09559987371731322	0
Solyc01g090630.5	0.0957240657447357	0
Solyc12g005740.1	0.09583501688229071	0
Solyc12g006100.2	0.09583501688229071	0
Solyc09g074080.3	0.09585720610430747	0
Solyc06g064620.3	0.09623285420825878	0
Solyc04g026080.3	0.09636052121741492	0
Solyc11g006840.2	0.096383289888429	0
Solyc01g005750.1	0.09640605819266933	0
Solyc05g025620.3	0.09640605819266933	0
Solyc00g500357.1	0.0964706337497929	0
Solyc03g160430.1	0.09655708909699239	0
Solyc01g022760.1	0.09660031476701171	0
Solyc07g041650.3	0.09684228308410145	0
Solyc10g051125.1	0.09696767847252838	0
Solyc01g109030.4	0.09710838396075401	0
Solyc01g162130.1	0.09710838396075401	0
Solyc00g320430.1	0.09716788547801784	0
Solyc01g056910.1	0.09716788547801784	0
Solyc03g020100.2	0.09716788547801784	0
Solyc05g161830.1	0.09716788547801784	0
Solyc07g150127.2	0.09716788547801784	0
Solyc09g160280.1	0.09716788547801784	0
Solyc07g008677.1	0.0971879261290296	0
Solyc04g063320.1	0.09732092744421517	0
Solyc04g051235.1	0.09734309304265316	0
Solyc01g098220.2	0.09759412790194755	0
Solyc06g075840.1	0.09764000722826445	0
Solyc08g068520.3	0.0976589161264887	0
Solyc12g056590.2	0.0977237011379731	0
Solyc10g080130.3	0.09774529542573757	0
Solyc01g100910.3	0.09776688935473866	0
Solyc01g079300.5	0.09776688935473866	0
Solyc02g036430.2	0.09776688935473866	0
Solyc05g054880.3	0.09776688935473866	0
Solyc01g005900.3	0.09778848292453762	0
Solyc07g054370.3	0.09778848292453762	0
Solyc02g086227.1	0.09781007613469629	0
Solyc02g070220.3	0.09781007613469629	0
Solyc03g119727.1	0.09781007613469629	0
Solyc05g010150.3	0.09781007613469629	0
Solyc03g095710.4	0.09781007613469629	0
Solyc03g078810.4	0.09781007613469629	0
Solyc07g065790.2	0.09781007613469629	0
Solyc09g160320.1	0.09799405362935482	0
Solyc06g070940.5	0.09803670847292137	0
Solyc08g065500.2	0.09812448593112556	0
Solyc12g040740.3	0.09827995808240668	0
Solyc09g005970.1	0.09832665008347316	0
Solyc12g007220.3	0.09834015571112745	0
Solyc03g113230.3	0.09847303860446048	0
Solyc11g072200.2	0.09856161934256163	0
Solyc08g074340.3	0.09953558382061455	0
Solyc03g059500.3	0.09955771018241572	0
Solyc01g016720.2	0.09965480445909475	0
Solyc02g024060.3	0.10014429364315065	0
Solyc08g066250.4	0.10024820839949813	0
Solyc03g033740.4	0.10084533102423807	0
Solyc01g098310.3	0.10092876272789379	0
Solyc00g032030.2	0.10107467157205519	0
Solyc12g062200.1	0.10141479693162375	0
Solyc00g024160.3	0.10187082553517345	0
Solyc01g106410.3	0.10187857979624894	0
Solyc05g010555.1	0.1019006596501208	0
Solyc03g063450.2	0.10195331366877704	0
Solyc07g006990.3	0.10207728181979529	0
Solyc09g090780.1	0.1021214327186498	0
Solyc11g012310.1	0.1021214327186498	0
Solyc02g077490.4	0.10216558175336135	0
Solyc01g111900.5	0.10216558175336135	0
Solyc09g011510.2	0.10216558175336135	0
Solyc11g013840.3	0.10216558175336135	0
Solyc12g036490.3	0.10216558175336135	0
Solyc12g010200.2	0.10216558175336135	0
Solyc02g038812.1	0.10218765557061617	0
Solyc02g067510.3	0.10218765557061617	0
Solyc01g150147.1	0.10218765557061617	0
Solyc01g097820.5	0.10218765557061617	0
Solyc01g091690.3	0.10218765557061617	0
Solyc02g086200.4	0.10218765557061617	0
Solyc01g094670.4	0.10218765557061617	0
Solyc01g087610.3	0.10218765557061617	0
Solyc02g091810.2	0.10218765557061617	0
Solyc02g070690.1	0.10218765557061617	0
Solyc01g102470.2	0.10218765557061617	0
Solyc03g083590.3	0.10218765557061617	0
Solyc03g059397.1	0.10218765557061617	0
Solyc04g081840.4	0.10218765557061617	0
Solyc03g116340.3	0.10218765557061617	0
Solyc04g025530.3	0.10218765557061617	0
Solyc05g010750.3	0.10218765557061617	0
Solyc06g009330.3	0.10218765557061617	0
Solyc03g118090.3	0.10218765557061617	0
Solyc05g054930.3	0.10218765557061617	0
Solyc06g064640.3	0.10218765557061617	0
Solyc07g161760.1	0.10218765557061617	0
Solyc07g064090.3	0.10218765557061617	0
Solyc08g062180.3	0.10218765557061617	0
Solyc10g045430.2	0.10218765557061617	0
Solyc11g017460.3	0.10218765557061617	0
Solyc12g055850.2	0.10218765557061617	0
Solyc01g150118.1	0.10236947422867809	0
Solyc05g009580.3	0.10245153578096464	0
Solyc04g161620.1	0.10262395846154197	0
Solyc03g119100.2	0.10265065587262458	0
Solyc08g005770.3	0.10267735258677776	0
Solyc10g007300.2	0.10270404860327033	0
Solyc07g047827.1	0.10272184202923786	0
Solyc05g053150.2	0.1027737377474008	0
Solyc07g055460.3	0.10279968461431456	0
Solyc04g077240.4	0.10292337682545853	0
Solyc03g114190.1	0.10294601863062933	0
Solyc10g150114.1	0.1029863902257952	0
Solyc08g062275.2	0.10299130071843418	0
Solyc11g008750.1	0.10299130071843418	0
Solyc03g078310.1	0.10301394100018336	0
Solyc02g062870.3	0.10324357901419695	0
Solyc01g060090.1	0.10333854949604473	0
Solyc01g097310.3	0.10333854949604473	0
Solyc02g089330.3	0.10333854949604473	0
Solyc01g103420.4	0.10333854949604473	0
Solyc02g072105.1	0.10333854949604473	0
Solyc01g080800.3	0.10333854949604473	0
Solyc01g009280.4	0.10333854949604473	0
Solyc02g089940.4	0.10333854949604473	0
Solyc02g094490.4	0.10333854949604473	0
Solyc01g081070.3	0.10333854949604473	0
Solyc01g091650.3	0.10333854949604473	0
Solyc02g081210.3	0.10333854949604473	0
Solyc03g007240.3	0.10333854949604473	0
Solyc01g160380.1	0.10333854949604473	0
Solyc01g094000.3	0.10333854949604473	0
Solyc02g068390.3	0.10333854949604473	0
Solyc01g067120.4	0.10333854949604473	0
Solyc03g007550.4	0.10333854949604473	0
Solyc01g104530.3	0.10333854949604473	0
Solyc01g067220.1	0.10333854949604473	0
Solyc01g104660.3	0.10333854949604473	0
Solyc01g005080.3	0.10333854949604473	0
Solyc01g010440.5	0.10333854949604473	0
Solyc01g044558.1	0.10333854949604473	0
Solyc02g086390.1	0.10333854949604473	0
Solyc02g160100.1	0.10333854949604473	0
Solyc03g007920.4	0.10333854949604473	0
Solyc02g062540.3	0.10333854949604473	0
Solyc02g086510.4	0.10333854949604473	0
Solyc02g091260.1	0.10333854949604473	0
Solyc00g500032.1	0.10333854949604473	0
Solyc01g011100.2	0.10333854949604473	0
Solyc02g063355.1	0.10333854949604473	0
Solyc01g087650.4	0.10333854949604473	0
Solyc01g110360.3	0.10333854949604473	0
Solyc01g006380.2	0.10333854949604473	0
Solyc02g032510.3	0.10333854949604473	0
Solyc01g088060.3	0.10333854949604473	0
Solyc01g110540.3	0.10333854949604473	0
Solyc01g073780.2	0.10333854949604473	0
Solyc02g078800.4	0.10333854949604473	0
Solyc01g088350.5	0.10333854949604473	0
Solyc01g110940.3	0.10333854949604473	0
Solyc01g101060.4	0.10333854949604473	0
Solyc01g089870.3	0.10333854949604473	0
Solyc02g088550.4	0.10333854949604473	0
Solyc01g096920.3	0.10333854949604473	0
Solyc01g096960.3	0.10333854949604473	0
Solyc02g088730.2	0.10333854949604473	0
Solyc03g098460.3	0.10333854949604473	0
Solyc03g033390.3	0.10333854949604473	0
Solyc02g080080.3	0.10333854949604473	0
Solyc03g119710.5	0.10333854949604473	0
Solyc05g056430.3	0.10333854949604473	0
Solyc02g084690.3	0.10333854949604473	0
Solyc03g033770.1	0.10333854949604473	0
Solyc06g007370.1	0.10333854949604473	0
Solyc04g018100.5	0.10333854949604473	0
Solyc03g120140.3	0.10333854949604473	0
Solyc06g007600.3	0.10333854949604473	0
Solyc04g005010.4	0.10333854949604473	0
Solyc03g120560.3	0.10333854949604473	0
Solyc04g082690.1	0.10333854949604473	0
Solyc05g016460.2	0.10333854949604473	0
Solyc04g072032.1	0.10333854949604473	0
Solyc04g078620.3	0.10333854949604473	0
Solyc03g078160.3	0.10333854949604473	0
Solyc03g095700.1	0.10333854949604473	0
Solyc05g053190.3	0.10333854949604473	0
Solyc03g095850.1	0.10333854949604473	0
Solyc05g018120.2	0.10333854949604473	0
Solyc03g121180.4	0.10333854949604473	0
Solyc03g078630.3	0.10333854949604473	0
Solyc04g011770.2	0.10333854949604473	0
Solyc05g006630.4	0.10333854949604473	0
Solyc04g054780.3	0.10333854949604473	0
Solyc03g121560.3	0.10333854949604473	0
Solyc05g047610.3	0.10333854949604473	0
Solyc03g121610.3	0.10333854949604473	0
Solyc05g012700.3	0.10333854949604473	0
Solyc03g096980.1	0.10333854949604473	0
Solyc05g050090.4	0.10333854949604473	0
Solyc03g097100.1	0.10333854949604473	0
Solyc04g008010.4	0.10333854949604473	0
Solyc04g074690.3	0.10333854949604473	0
Solyc06g009970.3	0.10333854949604473	0
Solyc06g005070.4	0.10333854949604473	0
Solyc03g097300.4	0.10333854949604473	0
Solyc05g050540.5	0.10333854949604473	0
Solyc03g097380.4	0.10333854949604473	0
Solyc05g007970.5	0.10333854949604473	0
Solyc04g015450.3	0.10333854949604473	0
Solyc05g055130.1	0.10333854949604473	0
Solyc05g050980.3	0.10333854949604473	0
Solyc04g008740.3	0.10333854949604473	0
Solyc06g035690.3	0.10333854949604473	0
Solyc05g055250.2	0.10333854949604473	0
Solyc04g050150.4	0.10333854949604473	0
Solyc06g072040.1	0.10333854949604473	0
Solyc06g072060.1	0.10333854949604473	0
Solyc04g081210.4	0.10333854949604473	0
Solyc06g072370.3	0.10333854949604473	0
Solyc06g082000.4	0.10333854949604473	0
Solyc05g008950.4	0.10333854949604473	0
Solyc08g062640.3	0.10333854949604473	0
Solyc05g009150.4	0.10333854949604473	0
Solyc07g014670.3	0.10333854949604473	0
Solyc06g060140.5	0.10333854949604473	0
Solyc08g079450.3	0.10333854949604473	0
Solyc06g066570.4	0.10333854949604473	0
Solyc09g008480.4	0.10333854949604473	0
Solyc07g066350.1	0.10333854949604473	0
Solyc08g079660.3	0.10333854949604473	0
Solyc07g006020.3	0.10333854949604473	0
Solyc06g082810.3	0.10333854949604473	0
Solyc07g041730.4	0.10333854949604473	0
Solyc08g080110.4	0.10333854949604473	0
Solyc07g052950.3	0.10333854949604473	0
Solyc06g073970.3	0.10333854949604473	0
Solyc09g018340.2	0.10333854949604473	0
Solyc07g053230.3	0.10333854949604473	0
Solyc07g042690.4	0.10333854949604473	0
Solyc09g018890.3	0.10333854949604473	0
Solyc06g068920.3	0.10333854949604473	0
Solyc06g074650.3	0.10333854949604473	0
Solyc06g069070.1	0.10333854949604473	0
Solyc07g043160.1	0.10333854949604473	0
Solyc08g081140.4	0.10333854949604473	0
Solyc08g067090.4	0.10333854949604473	0
Solyc06g084270.3	0.10333854949604473	0
Solyc07g054090.3	0.10333854949604473	0
Solyc07g054170.3	0.10333854949604473	0
Solyc09g010460.3	0.10333854949604473	0
Solyc06g075340.5	0.10333854949604473	0
Solyc08g081770.3	0.10333854949604473	0
Solyc07g045190.3	0.10333854949604473	0
Solyc08g005070.4	0.10333854949604473	0
Solyc07g054760.1	0.10333854949604473	0
Solyc08g068140.4	0.10333854949604473	0
Solyc06g065190.1	0.10333854949604473	0
Solyc09g007280.4	0.10333854949604473	0
Solyc07g045480.3	0.10333854949604473	0
Solyc06g065330.4	0.10333854949604473	0
Solyc09g055340.4	0.10333854949604473	0
Solyc07g008910.3	0.10333854949604473	0
Solyc09g011223.1	0.10333854949604473	0
Solyc06g076340.3	0.10333854949604473	0
Solyc07g064620.2	0.10333854949604473	0
Solyc09g074180.3	0.10333854949604473	0
Solyc09g074340.3	0.10333854949604473	0
Solyc09g007970.3	0.10333854949604473	0
Solyc09g008140.3	0.10333854949604473	0
Solyc09g008150.3	0.10333854949604473	0
Solyc07g065220.4	0.10333854949604473	0
Solyc09g072650.4	0.10333854949604473	0
Solyc09g014380.3	0.10333854949604473	0
Solyc10g084830.2	0.10333854949604473	0
Solyc10g085050.3	0.10333854949604473	0
Solyc10g079470.3	0.10333854949604473	0
Solyc09g075640.4	0.10333854949604473	0
Solyc12g010740.3	0.10333854949604473	0
Solyc09g075700.1	0.10333854949604473	0
Solyc10g079690.2	0.10333854949604473	0
Solyc12g010840.2	0.10333854949604473	0
Solyc11g072520.3	0.10333854949604473	0
Solyc10g055640.2	0.10333854949604473	0
Solyc11g008580.3	0.10333854949604473	0
Solyc12g011150.1	0.10333854949604473	0
Solyc12g011160.2	0.10333854949604473	0
Solyc11g017370.3	0.10333854949604473	0
Solyc10g085680.2	0.10333854949604473	0
Solyc11g044320.2	0.10333854949604473	0
Solyc12g005940.2	0.10333854949604473	0
Solyc12g035670.3	0.10333854949604473	0
Solyc10g080190.1	0.10333854949604473	0
Solyc12g006120.3	0.10333854949604473	0
Solyc11g066630.2	0.10333854949604473	0
Solyc11g018810.2	0.10333854949604473	0
Solyc12g049280.3	0.10333854949604473	0
Solyc10g006330.3	0.10333854949604473	0
Solyc09g098040.3	0.10333854949604473	0
Solyc12g014140.3	0.10333854949604473	0
Solyc10g081160.2	0.10333854949604473	0
Solyc09g083350.3	0.10333854949604473	0
Solyc12g038490.2	0.10333854949604473	0
Solyc11g068660.2	0.10333854949604473	0
Solyc11g068905.1	0.10333854949604473	0
Solyc10g076700.2	0.10333854949604473	0
Solyc10g076790.2	0.10333854949604473	0
Solyc10g077010.2	0.10333854949604473	0
Solyc10g077050.2	0.10333854949604473	0
Solyc09g090380.1	0.10333854949604473	0
Solyc11g012080.2	0.10333854949604473	0
Solyc10g078190.2	0.10333854949604473	0
Solyc11g069350.2	0.10333854949604473	0
Solyc12g062250.2	0.10333854949604473	0
Solyc11g071370.1	0.10333854949604473	0
Solyc12g010180.2	0.10333854949604473	0
Solyc12g096400.2	0.10373006278912142	0
Solyc09g089770.3	0.10385127010833017	0
Solyc04g072725.1	0.10400960356515049	0
Solyc03g008013.1	0.10463564944693485	0
Solyc08g076595.2	0.10477828118443848	0
Solyc12g045020.2	0.10538825588302435	0
Solyc11g064930.3	0.10548981219275164	0
Solyc06g011620.1	0.10593011710472547	0
Solyc09g092600.3	0.10599754842494577	0
Solyc06g069660.2	0.10602269455953371	0
Solyc02g093660.1	0.10623570441079529	0
Solyc01g094270.3	0.10624605332195668	0
Solyc10g049515.1	0.10635154119974241	0
Solyc02g081670.1	0.10660698665208003	0
Solyc07g053380.2	0.10660698665208003	0
Solyc10g086740.4	0.10662954011090163	0
Solyc02g067140.2	0.10667464530061695	0
Solyc03g120800.4	0.10667464530061695	0
Solyc03g120830.3	0.10667464530061695	0
Solyc07g005110.4	0.10667464530061695	0
Solyc04g082470.3	0.10669719703071494	0
Solyc06g072510.4	0.10669719703071494	0
Solyc08g068060.3	0.10669719703071494	0
Solyc10g018120.2	0.10669719703071494	0
Solyc11g032090.3	0.10669719703071494	0
Solyc01g091390.2	0.10671974818377668	0
Solyc01g009870.3	0.10671974818377668	0
Solyc03g032090.1	0.10671974818377668	0
Solyc05g053490.5	0.10671974818377668	0
Solyc04g079160.4	0.10671974818377668	0
Solyc04g015940.3	0.10671974818377668	0
Solyc07g053735.1	0.10671974818377668	0
Solyc06g074960.4	0.10671974818377668	0
Solyc09g007310.3	0.10671974818377668	0
Solyc09g074830.3	0.10671974818377668	0
Solyc11g008320.3	0.10671974818377668	0
Solyc09g082450.1	0.10671974818377668	0
Solyc10g150150.1	0.10678579468159896	0
Solyc12g015985.1	0.10682197282949774	0
Solyc07g052200.1	0.10720049409517775	0
Solyc03g111920.2	0.10722631837872833	0
Solyc06g061210.5	0.10750907248021149	0
Solyc00g160140.1	0.10760090869656082	0
Solyc07g044870.5	0.10760349674666665	0
Solyc08g161690.1	0.10761162431702749	0
Solyc07g055820.3	0.10852641278506601	0
Solyc12g098480.1	0.10863428584553589	0
Solyc06g063390.3	0.10866504555697207	0
Solyc06g075775.1	0.10945019079403961	0
Solyc04g054725.1	0.10961110346670823	0
Solyc07g051810.2	0.10961110346670823	0
Solyc06g160890.1	0.10961110346670823	0
Solyc08g066380.2	0.11007314770843722	0
Solyc10g074750.1	0.1101423352137666	0
Solyc01g020500.2	0.11028661982317828	0
Solyc05g050780.3	0.1104190248847807	0
Solyc06g005690.3	0.11051123323886886	0
Solyc12g099220.1	0.11062647847815646	0
Solyc06g050610.3	0.11083387719477401	0
Solyc11g161450.1	0.11097211238134057	0
Solyc02g089140.3	0.11102434906046288	0
Solyc02g161360.1	0.11111032297260125	0
Solyc01g007050.4	0.11122547961832727	0
Solyc12g100220.2	0.111294565360525	0
Solyc03g118700.3	0.11131759256479687	0
Solyc00g500320.1	0.11134061908021321	0
Solyc02g068610.2	0.11134061908021321	0
Solyc06g071610.3	0.11134061908021321	0
Solyc10g008890.3	0.11134061908021321	0
Solyc04g150163.1	0.11136364490639945	0
Solyc07g066180.2	0.11136364490639945	0
Solyc02g071770.3	0.11138667004298099	0
Solyc02g083900.3	0.11138667004298099	0
Solyc11g008590.2	0.11138667004298099	0
Solyc12g055910.3	0.11138667004298099	0
Solyc02g084830.4	0.11140969448958381	0
Solyc00g500291.1	0.11140969448958381	0
Solyc02g014130.3	0.11140969448958381	0
Solyc01g009070.3	0.11140969448958381	0
Solyc00g500361.1	0.11140969448958381	0
Solyc01g081290.4	0.11140969448958381	0
Solyc03g013440.5	0.11140969448958381	0
Solyc03g065200.4	0.11140969448958381	0
Solyc04g150112.2	0.11140969448958381	0
Solyc04g072520.3	0.11140969448958381	0
Solyc04g014810.3	0.11140969448958381	0
Solyc04g080240.4	0.11140969448958381	0
Solyc06g010240.3	0.11140969448958381	0
Solyc04g015710.3	0.11140969448958381	0
Solyc04g081350.3	0.11140969448958381	0
Solyc05g009250.1	0.11140969448958381	0
Solyc09g008460.3	0.11140969448958381	0
Solyc07g042520.4	0.11140969448958381	0
Solyc07g063330.4	0.11140969448958381	0
Solyc09g010285.1	0.11140969448958381	0
Solyc09g048970.3	0.11140969448958381	0
Solyc09g007410.3	0.11140969448958381	0
Solyc07g064570.3	0.11140969448958381	0
Solyc11g040040.2	0.11140969448958381	0
Solyc10g055250.1	0.11140969448958381	0
Solyc09g092210.4	0.11140969448958381	0
Solyc09g082080.1	0.11140969448958381	0
Solyc09g082390.3	0.11140969448958381	0
Solyc11g020850.3	0.11140969448958381	0
Solyc10g051080.1	0.11140969448958381	0
Solyc11g007070.2	0.11140969448958381	0
Solyc12g009050.3	0.11140969448958381	0
Solyc01g097780.1	0.11167375646783241	0
Solyc11g007280.3	0.11201270602233171	0
Solyc06g072085.1	0.11224569452184525	0
Solyc02g062317.1	0.11225088902473371	0
Solyc02g087377.1	0.11225088902473371	0
Solyc05g162410.1	0.11225088902473371	0
Solyc12g033080.1	0.11225088902473371	0
Solyc09g089950.1	0.11225088902473371	0
Solyc03g117450.1	0.11226392667672573	0
Solyc06g053375.1	0.11227451288620205	0
Solyc09g076057.1	0.11229032722895066	0
Solyc07g018130.2	0.11234659120805039	0
Solyc07g056708.1	0.11238374935918906	0
Solyc06g048870.3	0.11247395601475878	0
Solyc08g005940.1	0.11256951243409868	0
Solyc05g009240.3	0.11256951243409868	0
Solyc02g067410.2	0.11260665950223665	0
Solyc05g012570.3	0.11269577838045718	0
Solyc05g041570.4	0.11271808958555951	0
Solyc04g072580.1	0.11271808958555951	0
Solyc09g072840.3	0.11271808958555951	0
Solyc10g084240.3	0.11275008861259955	0
Solyc01g080740.1	0.11275522923457655	0
Solyc00g112190.2	0.11275522923457655	0
Solyc01g097180.2	0.11275522923457655	0
Solyc04g025750.3	0.11275522923457655	0
Solyc04g014880.5	0.11275522923457655	0
Solyc06g054030.2	0.11275522923457655	0
Solyc07g056325.1	0.11275522923457655	0
Solyc10g085510.3	0.11275522923457655	0
Solyc10g081390.1	0.11275522923457655	0
Solyc12g039040.1	0.11275522923457655	0
Solyc01g020323.1	0.1127923670250223	0
Solyc02g081760.2	0.1127923670250223	0
Solyc01g006845.1	0.1127923670250223	0
Solyc01g106550.1	0.1127923670250223	0
Solyc04g081710.2	0.1127923670250223	0
Solyc03g033515.1	0.1127923670250223	0
Solyc05g051810.1	0.1127923670250223	0
Solyc03g112400.1	0.1127923670250223	0
Solyc03g117460.1	0.1127923670250223	0
Solyc06g035980.5	0.1127923670250223	0
Solyc06g072257.1	0.1127923670250223	0
Solyc07g049640.4	0.1127923670250223	0
Solyc07g006840.1	0.1127923670250223	0
Solyc08g077130.2	0.1127923670250223	0
Solyc07g054550.1	0.1127923670250223	0
Solyc09g047920.2	0.1127923670250223	0
Solyc10g012137.2	0.1127923670250223	0
Solyc10g080580.1	0.1127923670250223	0
Solyc07g052540.3	0.11285178040785836	0
Solyc09g161960.1	0.1128858467974011	0
Solyc02g080230.3	0.11307572882525442	0
Solyc01g097450.3	0.11307572882525442	0
Solyc01g107990.3	0.11307572882525442	0
Solyc01g103220.3	0.11307572882525442	0
Solyc01g103310.5	0.11307572882525442	0
Solyc01g080500.2	0.11307572882525442	0
Solyc02g089740.3	0.11307572882525442	0
Solyc01g103873.1	0.11307572882525442	0
Solyc02g090020.4	0.11307572882525442	0
Solyc01g103970.4	0.11307572882525442	0
Solyc02g061620.2	0.11307572882525442	0
Solyc02g068050.4	0.11307572882525442	0
Solyc02g081200.1	0.11307572882525442	0
Solyc02g068100.3	0.11307572882525442	0
Solyc02g085740.5	0.11307572882525442	0
Solyc02g076840.3	0.11307572882525442	0
Solyc01g009780.3	0.11307572882525442	0
Solyc01g066900.4	0.11307572882525442	0
Solyc02g090510.3	0.11307572882525442	0
Solyc02g068420.4	0.11307572882525442	0
Solyc02g090760.4	0.11307572882525442	0
Solyc01g094260.4	0.11307572882525442	0
Solyc01g005120.3	0.11307572882525442	0
Solyc01g067390.4	0.11307572882525442	0
Solyc01g099020.3	0.11307572882525442	0
Solyc01g109370.3	0.11307572882525442	0
Solyc02g086660.4	0.11307572882525442	0
Solyc00g500024.1	0.11307572882525442	0
Solyc01g005530.3	0.11307572882525442	0
Solyc01g094720.3	0.11307572882525442	0
Solyc02g077710.1	0.11307572882525442	0
Solyc02g063180.4	0.11307572882525442	0
Solyc00g500066.1	0.11307572882525442	0
Solyc01g005840.3	0.11307572882525442	0
Solyc02g078150.5	0.11307572882525442	0
Solyc00g500077.1	0.11307572882525442	0
Solyc02g087510.3	0.11307572882525442	0
Solyc01g105990.3	0.11307572882525442	0
Solyc01g100610.3	0.11307572882525442	0
Solyc02g070240.3	0.11307572882525442	0
Solyc02g087900.3	0.11307572882525442	0
Solyc01g106350.4	0.11307572882525442	0
Solyc01g106400.3	0.11307572882525442	0
Solyc01g111090.3	0.11307572882525442	0
Solyc01g088690.3	0.11307572882525442	0
Solyc01g106620.2	0.11307572882525442	0
Solyc01g096530.3	0.11307572882525442	0
Solyc02g092845.1	0.11307572882525442	0
Solyc02g092930.1	0.11307572882525442	0
Solyc02g071160.4	0.11307572882525442	0
Solyc03g059310.3	0.11307572882525442	0
Solyc01g090210.4	0.11307572882525442	0
Solyc01g111880.4	0.11307572882525442	0
Solyc01g008070.4	0.11307572882525442	0
Solyc02g093310.3	0.11307572882525442	0
Solyc01g107450.4	0.11307572882525442	0
Solyc03g098720.3	0.11307572882525442	0
Solyc04g077160.1	0.11307572882525442	0
Solyc04g050540.4	0.11307572882525442	0
Solyc03g110920.2	0.11307572882525442	0
Solyc03g033550.3	0.11307572882525442	0
Solyc03g063260.4	0.11307572882525442	0
Solyc03g119890.5	0.11307572882525442	0
Solyc05g005110.1	0.11307572882525442	0
Solyc04g071180.3	0.11307572882525442	0
Solyc03g119990.4	0.11307572882525442	0
Solyc05g041200.5	0.11307572882525442	0
Solyc05g052170.5	0.11307572882525442	0
Solyc05g041530.3	0.11307572882525442	0
Solyc04g009540.1	0.11307572882525442	0
Solyc04g071490.3	0.11307572882525442	0
Solyc03g115840.4	0.11307572882525442	0
Solyc03g115985.1	0.11307572882525442	0
Solyc04g051780.3	0.11307572882525442	0
Solyc04g082700.3	0.11307572882525442	0
Solyc04g025260.3	0.11307572882525442	0
Solyc04g005470.3	0.11307572882525442	0
Solyc04g011380.5	0.11307572882525442	0
Solyc05g053130.3	0.11307572882525442	0
Solyc05g017950.3	0.11307572882525442	0
Solyc04g072400.4	0.11307572882525442	0
Solyc03g112440.1	0.11307572882525442	0
Solyc03g096030.3	0.11307572882525442	0
Solyc03g121500.3	0.11307572882525442	0
Solyc03g096390.3	0.11307572882525442	0
Solyc04g039950.4	0.11307572882525442	0
Solyc03g113280.3	0.11307572882525442	0
Solyc05g054250.1	0.11307572882525442	0
Solyc03g046580.1	0.11307572882525442	0
Solyc04g045600.4	0.11307572882525442	0
Solyc04g056330.1	0.11307572882525442	0
Solyc05g050110.3	0.11307572882525442	0
Solyc05g054420.4	0.11307572882525442	0
Solyc03g122150.3	0.11307572882525442	0
Solyc03g097190.3	0.11307572882525442	0
Solyc05g007500.4	0.11307572882525442	0
Solyc05g013390.1	0.11307572882525442	0
Solyc03g097280.4	0.11307572882525442	0
Solyc03g118140.3	0.11307572882525442	0
Solyc05g007780.3	0.11307572882525442	0
Solyc04g074980.3	0.11307572882525442	0
Solyc05g054980.3	0.11307572882525442	0
Solyc03g114030.3	0.11307572882525442	0
Solyc04g049770.4	0.11307572882525442	0
Solyc03g083060.3	0.11307572882525442	0
Solyc04g015480.3	0.11307572882525442	0
Solyc04g076090.3	0.11307572882525442	0
Solyc05g050900.4	0.11307572882525442	0
Solyc04g015680.3	0.11307572882525442	0
Solyc05g050970.5	0.11307572882525442	0
Solyc06g054070.3	0.11307572882525442	0
Solyc06g065640.3	0.11307572882525442	0
Solyc03g118920.3	0.11307572882525442	0
Solyc06g031680.3	0.11307572882525442	0
Solyc06g076940.3	0.11307572882525442	0
Solyc06g033850.3	0.11307572882525442	0
Solyc08g005910.3	0.11307572882525442	0
Solyc08g005960.2	0.11307572882525442	0
Solyc06g082480.3	0.11307572882525442	0
Solyc05g009430.3	0.11307572882525442	0
Solyc07g041230.3	0.11307572882525442	0
Solyc08g079680.3	0.11307572882525442	0
Solyc06g060520.1	0.11307572882525442	0
Solyc07g006360.1	0.11307572882525442	0
Solyc06g083030.4	0.11307572882525442	0
Solyc06g083070.3	0.11307572882525442	0
Solyc06g083090.4	0.11307572882525442	0
Solyc07g006605.1	0.11307572882525442	0
Solyc09g018160.3	0.11307572882525442	0
Solyc08g080690.4	0.11307572882525442	0
Solyc06g083660.4	0.11307572882525442	0
Solyc06g062460.3	0.11307572882525442	0
Solyc07g062660.4	0.11307572882525442	0
Solyc07g053360.5	0.11307572882525442	0
Solyc07g062810.4	0.11307572882525442	0
Solyc07g053430.4	0.11307572882525442	0
Solyc06g074450.3	0.11307572882525442	0
Solyc06g083900.3	0.11307572882525442	0
Solyc08g076290.4	0.11307572882525442	0
Solyc08g076300.3	0.11307572882525442	0
Solyc09g005010.4	0.11307572882525442	0
Solyc08g067100.2	0.11307572882525442	0
Solyc09g061860.4	0.11307572882525442	0
Solyc08g076830.1	0.11307572882525442	0
Solyc06g069390.4	0.11307572882525442	0
Solyc08g007990.3	0.11307572882525442	0
Solyc06g084530.3	0.11307572882525442	0
Solyc07g021620.1	0.11307572882525442	0
Solyc06g051810.5	0.11307572882525442	0
Solyc09g010280.3	0.11307572882525442	0
Solyc07g044880.3	0.11307572882525442	0
Solyc08g081760.3	0.11307572882525442	0
Solyc09g064720.3	0.11307572882525442	0
Solyc08g008420.3	0.11307572882525442	0
Solyc08g081960.3	0.11307572882525442	0
Solyc06g160050.1	0.11307572882525442	0
Solyc08g077470.5	0.11307572882525442	0
Solyc08g077480.5	0.11307572882525442	0
Solyc06g075790.3	0.11307572882525442	0
Solyc07g045320.3	0.11307572882525442	0
Solyc07g026810.3	0.11307572882525442	0
Solyc07g008700.3	0.11307572882525442	0
Solyc08g068430.4	0.11307572882525442	0
Solyc08g068690.1	0.11307572882525442	0
Solyc09g055930.3	0.11307572882525442	0
Solyc10g008140.3	0.11307572882525442	0
Solyc08g069180.3	0.11307572882525442	0
Solyc11g065040.2	0.11307572882525442	0
Solyc08g016220.1	0.11307572882525442	0
Solyc11g013530.4	0.11307572882525442	0
Solyc10g084850.2	0.11307572882525442	0
Solyc10g079360.3	0.11307572882525442	0
Solyc09g091850.4	0.11307572882525442	0
Solyc11g013770.2	0.11307572882525442	0
Solyc10g046930.3	0.11307572882525442	0
Solyc12g005570.2	0.11307572882525442	0
Solyc12g044610.2	0.11307572882525442	0
Solyc10g055680.1	0.11307572882525442	0
Solyc09g075970.3	0.11307572882525442	0
Solyc09g092340.5	0.11307572882525442	0
Solyc11g072810.2	0.11307572882525442	0
Solyc11g044270.4	0.11307572882525442	0
Solyc10g047930.2	0.11307572882525442	0
Solyc11g008960.3	0.11307572882525442	0
Solyc12g049220.3	0.11307572882525442	0
Solyc11g066680.1	0.11307572882525442	0
Solyc11g010120.2	0.11307572882525442	0
Solyc11g005590.1	0.11307572882525442	0
Solyc12g006460.2	0.11307572882525442	0
Solyc12g014020.2	0.11307572882525442	0
Solyc11g010580.2	0.11307572882525442	0
Solyc12g014190.2	0.11307572882525442	0
Solyc10g086600.3	0.11307572882525442	0
Solyc12g094570.1	0.11307572882525442	0
Solyc10g006790.4	0.11307572882525442	0
Solyc11g006190.3	0.11307572882525442	0
Solyc12g094640.4	0.11307572882525442	0
Solyc12g056080.2	0.11307572882525442	0
Solyc10g006950.1	0.11307572882525442	0
Solyc12g015710.2	0.11307572882525442	0
Solyc11g011150.2	0.11307572882525442	0
Solyc09g150126.2	0.11307572882525442	0
Solyc09g084470.3	0.11307572882525442	0
Solyc12g015840.3	0.11307572882525442	0
Solyc11g011480.2	0.11307572882525442	0
Solyc12g008370.3	0.11307572882525442	0
Solyc10g081840.3	0.11307572882525442	0
Solyc10g051010.3	0.11307572882525442	0
Solyc09g090270.3	0.11307572882525442	0
Solyc12g096500.2	0.11307572882525442	0
Solyc12g096510.3	0.11307572882525442	0
Solyc11g012130.2	0.11307572882525442	0
Solyc10g052650.3	0.11307572882525442	0
Solyc12g070123.1	0.11307572882525442	0
Solyc12g098880.2	0.11307572882525442	0
Solyc08g066240.3	0.11331806380397565	0
Solyc12g043070.2	0.1142846281218135	0
Solyc07g006210.1	0.11436449594952455	0
Solyc09g007220.1	0.11477919431898059	0
Solyc03g013297.1	0.11524934400235949	0
Solyc12g042780.2	0.11579079588432482	0
Solyc03g114880.3	0.11583952732109173	0
Solyc01g162790.1	0.11598444409615467	0
Solyc04g054830.4	0.1160493415493789	0
Solyc05g023900.1	0.11611983716568434	0
Solyc07g065240.4	0.11619500783324446	0
Solyc08g068260.1	0.1162138200660636	0
Solyc03g006770.5	0.11623731377905876	0
Solyc01g109630.5	0.11623731377905876	0
Solyc01g109800.2	0.11623731377905876	0
Solyc06g009620.1	0.11623731377905876	0
Solyc04g076330.3	0.11623731377905876	0
Solyc06g068190.2	0.11623731377905876	0
Solyc08g013850.1	0.11623731377905876	0
Solyc07g065040.3	0.11623731377905876	0
Solyc02g067010.3	0.11626080668651566	0
Solyc01g112025.2	0.11626080668651566	0
Solyc03g112840.2	0.11626080668651566	0
Solyc04g074530.3	0.11626080668651566	0
Solyc07g044930.3	0.11626080668651566	0
Solyc09g005910.4	0.11626080668651566	0
Solyc09g065800.5	0.11626080668651566	0
Solyc07g055840.3	0.11626080668651566	0
Solyc12g088750.2	0.11626080668651566	0
Solyc11g045350.2	0.11626080668651566	0
Solyc02g150129.1	0.11637769206934775	0
Solyc01g058360.1	0.11640813469804116	0
Solyc08g075593.2	0.1169216092553671	0
Solyc02g087910.3	0.11766676863322478	0
Solyc12g094410.3	0.1180722100113649	0
Solyc11g065520.1	0.11814343533502673	0
Solyc12g161950.1	0.11830081572892007	0
Solyc03g044744.1	0.11841923774211398	0
Solyc04g161860.1	0.11902271164835264	0
Solyc12g088060.2	0.11931291405169307	0
Solyc12g099070.1	0.11972241152065673	0
Solyc07g049135.1	0.11995743523019017	0
Solyc10g083250.2	0.12023385120072112	0
Solyc04g005360.1	0.1203893886724887	0
Solyc00g013100.1	0.12038950019263829	0
Solyc02g062313.1	0.12038950019263829	0
Solyc04g162500.1	0.12038950019263829	0
Solyc02g086920.2	0.12079707348250525	0
Solyc05g053450.3	0.12082104670130668	0
Solyc05g021580.3	0.12082104670130668	0
Solyc10g076200.3	0.12082104670130668	0
Solyc12g007320.1	0.12094089902328269	0
Solyc06g036700.3	0.12101279938710874	0
Solyc08g081255.1	0.12103676433487215	0
Solyc06g060970.2	0.12106433860340533	0
Solyc02g069040.5	0.12110865365308293	0
Solyc02g069050.1	0.12110865365308293	0
Solyc02g090045.1	0.12113261491637989	0
Solyc02g083020.1	0.12115657525775086	0
Solyc00g500155.1	0.12115657525775086	0
Solyc05g041540.4	0.12118053467687227	0
Solyc06g050830.2	0.12118053467687227	0
Solyc04g011980.1	0.12119783057975564	0
Solyc08g065410.4	0.12120449317342143	0
Solyc10g082020.2	0.12120449317342143	0
Solyc00g160410.1	0.12125240739751182	0
Solyc01g087070.4	0.12125240739751182	0
Solyc02g078020.3	0.12125240739751182	0
Solyc01g101170.4	0.12125240739751182	0
Solyc04g009215.1	0.12125240739751182	0
Solyc08g075290.2	0.12125240739751182	0
Solyc09g010830.4	0.12125240739751182	0
Solyc07g047990.1	0.12125240739751182	0
Solyc11g005070.2	0.12125240739751182	0
Solyc11g010320.1	0.12125240739751182	0
Solyc02g089420.1	0.12127636312440826	0
Solyc01g103550.1	0.12127636312440826	0
Solyc02g085470.3	0.12127636312440826	0
Solyc03g006900.2	0.12127636312440826	0
Solyc02g081530.1	0.12127636312440826	0
Solyc01g094180.4	0.12127636312440826	0
Solyc00g500071.1	0.12127636312440826	0
Solyc01g005970.3	0.12127636312440826	0
Solyc01g088200.4	0.12127636312440826	0
Solyc02g083470.3	0.12127636312440826	0
Solyc01g007780.4	0.12127636312440826	0
Solyc03g083660.1	0.12127636312440826	0
Solyc03g032010.4	0.12127636312440826	0
Solyc01g107320.3	0.12127636312440826	0
Solyc03g111590.4	0.12127636312440826	0
Solyc04g078110.1	0.12127636312440826	0
Solyc05g010530.3	0.12127636312440826	0
Solyc04g005180.5	0.12127636312440826	0
Solyc04g011350.3	0.12127636312440826	0
Solyc03g113940.4	0.12127636312440826	0
Solyc03g118260.3	0.12127636312440826	0
Solyc05g024370.1	0.12127636312440826	0
Solyc03g114280.3	0.12127636312440826	0
Solyc04g080780.2	0.12127636312440826	0
Solyc05g055610.4	0.12127636312440826	0
Solyc08g006410.5	0.12127636312440826	0
Solyc08g023460.5	0.12127636312440826	0
Solyc09g018370.4	0.12127636312440826	0
Solyc06g083630.4	0.12127636312440826	0
Solyc06g050837.2	0.12127636312440826	0
Solyc06g062930.1	0.12127636312440826	0
Solyc09g064600.3	0.12127636312440826	0
Solyc06g071040.4	0.12127636312440826	0
Solyc06g071120.3	0.12127636312440826	0
Solyc08g068290.3	0.12127636312440826	0
Solyc06g053730.1	0.12127636312440826	0
Solyc07g055190.3	0.12127636312440826	0
Solyc12g099540.2	0.12127636312440826	0
Solyc11g045530.3	0.12127636312440826	0
Solyc11g010910.3	0.12127636312440826	0
Solyc09g083260.4	0.12127636312440826	0
Solyc09g089540.5	0.12127636312440826	0
Solyc10g081540.2	0.12127636312440826	0
Solyc11g007090.3	0.12127636312440826	0
Solyc12g098600.1	0.12127636312440826	0
Solyc01g080820.1	0.12159994896055562	0
Solyc09g074590.1	0.12241771048525919	0
Solyc10g077080.3	0.12264968450449958	0
Solyc02g005606.1	0.12271477808815778	0
Solyc10g008360.2	0.12284863446034681	0
Solyc01g090130.3	0.12289754692879612	0
Solyc07g008377.1	0.12292658683309773	0
Solyc11g006530.3	0.12305644499605098	0
Solyc11g010360.3	0.12334231622336815	0
Solyc04g050300.1	0.12337242813991914	0
Solyc11g011110.3	0.12337242813991914	0
Solyc01g097700.1	0.12340009909942683	0
Solyc01g102880.3	0.12346595529707483	0
Solyc01g080130.2	0.12346595529707483	0
Solyc01g097500.4	0.12346595529707483	0
Solyc01g080400.3	0.12346595529707483	0
Solyc01g080430.5	0.12346595529707483	0
Solyc01g108280.3	0.12346595529707483	0
Solyc02g085610.4	0.12346595529707483	0
Solyc02g081070.4	0.12346595529707483	0
Solyc02g090070.3	0.12346595529707483	0
Solyc01g066570.3	0.12346595529707483	0
Solyc02g094540.4	0.12346595529707483	0
Solyc02g081230.4	0.12346595529707483	0
Solyc01g091710.4	0.12346595529707483	0
Solyc01g081230.2	0.12346595529707483	0
Solyc01g091750.3	0.12346595529707483	0
Solyc01g009760.3	0.12346595529707483	0
Solyc01g093970.4	0.12346595529707483	0
Solyc02g068600.3	0.12346595529707483	0
Solyc03g007740.3	0.12346595529707483	0
Solyc02g068660.3	0.12346595529707483	0
Solyc02g081910.2	0.12346595529707483	0
Solyc01g067530.3	0.12346595529707483	0
Solyc02g082110.5	0.12346595529707483	0
Solyc01g094500.3	0.12346595529707483	0
Solyc01g086975.1	0.12346595529707483	0
Solyc01g105060.3	0.12346595529707483	0
Solyc01g087030.3	0.12346595529707483	0
Solyc01g056570.3	0.12346595529707483	0
Solyc02g077880.3	0.12346595529707483	0
Solyc01g095040.3	0.12346595529707483	0
Solyc02g091580.5	0.12346595529707483	0
Solyc01g087600.3	0.12346595529707483	0
Solyc01g100000.3	0.12346595529707483	0
Solyc02g087550.3	0.12346595529707483	0
Solyc02g078670.3	0.12346595529707483	0
Solyc01g100520.3	0.12346595529707483	0
Solyc02g087760.3	0.12346595529707483	0
Solyc03g025390.3	0.12346595529707483	0
Solyc02g083190.3	0.12346595529707483	0
Solyc01g058160.3	0.12346595529707483	0
Solyc03g005170.3	0.12346595529707483	0
Solyc02g065360.4	0.12346595529707483	0
Solyc03g005300.3	0.12346595529707483	0
Solyc02g065410.3	0.12346595529707483	0
Solyc01g088620.3	0.12346595529707483	0
Solyc01g096405.1	0.12346595529707483	0
Solyc01g111360.3	0.12346595529707483	0
Solyc01g059860.3	0.12346595529707483	0
Solyc02g088280.3	0.12346595529707483	0
Solyc03g031700.5	0.12346595529707483	0
Solyc03g083680.1	0.12346595529707483	0
Solyc03g031980.4	0.12346595529707483	0
Solyc03g006070.3	0.12346595529707483	0
Solyc03g060510.5	0.12346595529707483	0
Solyc03g032070.3	0.12346595529707483	0
Solyc03g115140.4	0.12346595529707483	0
Solyc04g050390.3	0.12346595529707483	0
Solyc02g093430.3	0.12346595529707483	0
Solyc04g077210.3	0.12346595529707483	0
Solyc04g070980.4	0.12346595529707483	0
Solyc03g119870.3	0.12346595529707483	0
Solyc04g071070.2	0.12346595529707483	0
Solyc05g009670.3	0.12346595529707483	0
Solyc05g005080.3	0.12346595529707483	0
Solyc05g010015.1	0.12346595529707483	0
Solyc03g111730.3	0.12346595529707483	0
Solyc05g005620.4	0.12346595529707483	0
Solyc04g082650.3	0.12346595529707483	0
Solyc03g043740.5	0.12346595529707483	0
Solyc04g082660.3	0.12346595529707483	0
Solyc05g052760.4	0.12346595529707483	0
Solyc03g095290.3	0.12346595529707483	0
Solyc03g112270.3	0.12346595529707483	0
Solyc03g121070.3	0.12346595529707483	0
Solyc03g078380.1	0.12346595529707483	0
Solyc04g054480.3	0.12346595529707483	0
Solyc05g006400.2	0.12346595529707483	0
Solyc05g006420.3	0.12346595529707483	0
Solyc06g008880.3	0.12346595529707483	0
Solyc05g012580.1	0.12346595529707483	0
Solyc05g012640.3	0.12346595529707483	0
Solyc05g018600.3	0.12346595529707483	0
Solyc03g080080.4	0.12346595529707483	0
Solyc04g054880.3	0.12346595529707483	0
Solyc03g121630.3	0.12346595529707483	0
Solyc05g012770.3	0.12346595529707483	0
Solyc03g117520.3	0.12346595529707483	0
Solyc03g121890.1	0.12346595529707483	0
Solyc04g014500.3	0.12346595529707483	0
Solyc04g014560.4	0.12346595529707483	0
Solyc03g082490.4	0.12346595529707483	0
Solyc03g117750.3	0.12346595529707483	0
Solyc04g056410.3	0.12346595529707483	0
Solyc05g050200.4	0.12346595529707483	0
Solyc05g054460.3	0.12346595529707483	0
Solyc03g097130.3	0.12346595529707483	0
Solyc04g074660.3	0.12346595529707483	0
Solyc03g051927.1	0.12346595529707483	0
Solyc03g052980.3	0.12346595529707483	0
Solyc03g118030.3	0.12346595529707483	0
Solyc03g118250.4	0.12346595529707483	0
Solyc03g118280.1	0.12346595529707483	0
Solyc03g097840.3	0.12346595529707483	0
Solyc05g025600.1	0.12346595529707483	0
Solyc03g083280.4	0.12346595529707483	0
Solyc05g051030.3	0.12346595529707483	0
Solyc06g035760.5	0.12346595529707483	0
Solyc03g118750.4	0.12346595529707483	0
Solyc04g076620.4	0.12346595529707483	0
Solyc04g080960.4	0.12346595529707483	0
Solyc05g026500.1	0.12346595529707483	0
Solyc05g055700.3	0.12346595529707483	0
Solyc07g038100.3	0.12346595529707483	0
Solyc05g014500.3	0.12346595529707483	0
Solyc06g054620.4	0.12346595529707483	0
Solyc08g079200.1	0.12346595529707483	0
Solyc06g082270.2	0.12346595529707483	0
Solyc06g034255.1	0.12346595529707483	0
Solyc07g056630.3	0.12346595529707483	0
Solyc07g016080.5	0.12346595529707483	0
Solyc06g082670.3	0.12346595529707483	0
Solyc06g066710.1	0.12346595529707483	0
Solyc07g066380.4	0.12346595529707483	0
Solyc06g066800.2	0.12346595529707483	0
Solyc09g008660.4	0.12346595529707483	0
Solyc07g061935.1	0.12346595529707483	0
Solyc08g075390.4	0.12346595529707483	0
Solyc08g006660.2	0.12346595529707483	0
Solyc06g060960.3	0.12346595529707483	0
Solyc07g017940.1	0.12346595529707483	0
Solyc08g075890.3	0.12346595529707483	0
Solyc08g066330.3	0.12346595529707483	0
Solyc06g083440.3	0.12346595529707483	0
Solyc08g007110.4	0.12346595529707483	0
Solyc06g068600.3	0.12346595529707483	0
Solyc09g009430.3	0.12346595529707483	0
Solyc07g053180.3	0.12346595529707483	0
Solyc07g007030.1	0.12346595529707483	0
Solyc06g083730.3	0.12346595529707483	0
Solyc08g080830.3	0.12346595529707483	0
Solyc06g083870.3	0.12346595529707483	0
Solyc08g007460.3	0.12346595529707483	0
Solyc06g062810.1	0.12346595529707483	0
Solyc08g081060.3	0.12346595529707483	0
Solyc07g007390.3	0.12346595529707483	0
Solyc06g069150.1	0.12346595529707483	0
Solyc07g054080.3	0.12346595529707483	0
Solyc07g007960.3	0.12346595529707483	0
Solyc09g064440.4	0.12346595529707483	0
Solyc07g054560.1	0.12346595529707483	0
Solyc08g067840.3	0.12346595529707483	0
Solyc07g063970.3	0.12346595529707483	0
Solyc07g008570.3	0.12346595529707483	0
Solyc09g047930.1	0.12346595529707483	0
Solyc06g071100.4	0.12346595529707483	0
Solyc08g077720.3	0.12346595529707483	0
Solyc09g007510.3	0.12346595529707483	0
Solyc07g047860.4	0.12346595529707483	0
Solyc08g083020.2	0.12346595529707483	0
Solyc09g011640.5	0.12346595529707483	0
Solyc09g011660.3	0.12346595529707483	0
Solyc10g044480.2	0.12346595529707483	0
Solyc10g083960.2	0.12346595529707483	0
Solyc09g011820.4	0.12346595529707483	0
Solyc09g074550.3	0.12346595529707483	0
Solyc09g074560.3	0.12346595529707483	0
Solyc08g074290.3	0.12346595529707483	0
Solyc10g044900.3	0.12346595529707483	0
Solyc10g008830.2	0.12346595529707483	0
Solyc08g016150.1	0.12346595529707483	0
Solyc09g074880.5	0.12346595529707483	0
Solyc11g065160.3	0.12346595529707483	0
Solyc11g071710.2	0.12346595529707483	0
Solyc10g045420.3	0.12346595529707483	0
Solyc11g007920.1	0.12346595529707483	0
Solyc10g009350.4	0.12346595529707483	0
Solyc11g072080.1	0.12346595529707483	0
Solyc10g009570.3	0.12346595529707483	0
Solyc10g011660.3	0.12346595529707483	0
Solyc09g092160.2	0.12346595529707483	0
Solyc12g088360.2	0.12346595529707483	0
Solyc11g005130.2	0.12346595529707483	0
Solyc12g011340.2	0.12346595529707483	0
Solyc12g011450.2	0.12346595529707483	0
Solyc09g097900.3	0.12346595529707483	0
Solyc12g089160.3	0.12346595529707483	0
Solyc11g073238.1	0.12346595529707483	0
Solyc12g006450.2	0.12346595529707483	0
Solyc11g010430.2	0.12346595529707483	0
Solyc12g014050.2	0.12346595529707483	0
Solyc10g080880.2	0.12346595529707483	0
Solyc12g055780.3	0.12346595529707483	0
Solyc10g049870.1	0.12346595529707483	0
Solyc11g068420.2	0.12346595529707483	0
Solyc12g094700.3	0.12346595529707483	0
Solyc12g160520.1	0.12346595529707483	0
Solyc12g095780.2	0.12346595529707483	0
Solyc11g068560.2	0.12346595529707483	0
Solyc10g007180.2	0.12346595529707483	0
Solyc10g007260.3	0.12346595529707483	0
Solyc10g007570.4	0.12346595529707483	0
Solyc11g069070.4	0.12346595529707483	0
Solyc11g069090.2	0.12346595529707483	0
Solyc10g077040.2	0.12346595529707483	0
Solyc12g040500.2	0.12346595529707483	0
Solyc11g069260.2	0.12346595529707483	0
Solyc12g042360.3	0.12346595529707483	0
Solyc10g083760.3	0.12346595529707483	0
Solyc11g071470.1	0.12346595529707483	0
Solyc09g014310.3	0.1236740669797293	0
Solyc10g086670.2	0.12367784863922682	0
Solyc05g050870.5	0.12425837026424721	0
Solyc04g063310.1	0.12468217976175794	0
Solyc10g012230.1	0.12475571523128788	0
Solyc05g010210.1	0.12480831406152904	0
Solyc04g075016.1	0.12480831406152904	0
Solyc00g500237.1	0.1250419858290671	0
Solyc04g008390.3	0.125090927001014	0
Solyc06g074640.2	0.1252866505734132	0
Solyc06g074680.4	0.1255312123457295	0
Solyc07g064960.2	0.1255312123457295	0
Solyc06g070960.3	0.12555566284776823	0
Solyc11g161720.1	0.12587342525538409	0
Solyc02g064760.3	0.12629155416412788	0
Solyc11g072670.1	0.12631311451895053	0
Solyc06g050270.1	0.12633753181410307	0
Solyc12g009670.1	0.1263417748243332	0
Solyc10g084390.3	0.12636194806663603	0
Solyc11g013320.2	0.12636194806663603	0
Solyc07g009220.2	0.12641077744266715	0
Solyc01g108900.5	0.12643519056557714	0
Solyc03g098480.1	0.12643519056557714	0
Solyc03g117790.2	0.12643519056557714	0
Solyc07g006060.3	0.12643519056557714	0
Solyc10g006170.4	0.12643519056557714	0
Solyc02g021430.1	0.12645960264469186	0
Solyc02g077900.4	0.12645960264469186	0
Solyc02g093280.2	0.12645960264469186	0
Solyc03g120300.3	0.12645960264469186	0
Solyc03g096760.1	0.12645960264469186	0
Solyc05g024020.1	0.12645960264469186	0
Solyc03g114410.3	0.12645960264469186	0
Solyc03g114660.1	0.12645960264469186	0
Solyc07g062150.3	0.12645960264469186	0
Solyc08g006907.1	0.12645960264469186	0
Solyc07g150148.1	0.12645960264469186	0
Solyc08g082040.4	0.12645960264469186	0
Solyc01g067780.1	0.12744550895832849	0
Solyc02g094110.1	0.12786839993840207	0
Solyc07g049600.4	0.1283469576560989	0
Solyc09g089760.1	0.12894912074888118	0
Solyc12g094670.1	0.12898606712000252	0
Solyc07g032730.4	0.1290541971055703	0
Solyc11g064900.2	0.1290541971055703	0
Solyc01g162920.1	0.1291223186493261	0
Solyc05g150135.1	0.1291223186493261	0
Solyc03g082750.1	0.1291223186493261	0
Solyc12g010630.1	0.1291223186493261	0
Solyc11g050820.1	0.1291223186493261	0
Solyc10g160230.1	0.1291223186493261	0
Solyc12g042260.3	0.1291223186493261	0
Solyc02g076770.1	0.12920936618495127	0
Solyc01g010360.3	0.12927423552472034	0
Solyc10g048140.2	0.12960196096537305	0
Solyc10g018280.1	0.12969130651659805	0
Solyc02g065757.2	0.1298998743710785	0
Solyc06g063200.2	0.13019533200388103	0
Solyc09g055420.1	0.13039478151333733	0
Solyc10g018150.2	0.13056923941242232	0
Solyc10g084550.3	0.13058898126285848	0
Solyc11g021310.1	0.13074725624840294	0
Solyc08g080530.1	0.13077372214253566	0
Solyc03g044793.1	0.13080087684783648	0
Solyc12g098340.2	0.13091798563799903	0
Solyc01g107850.4	0.1309428874159569	0
Solyc12g077680.1	0.1309428874159569	0
Solyc11g066255.1	0.13129139069750587	0
Solyc10g076245.1	0.1314406796422258	0
Solyc01g100070.3	0.13159750910845666	0
Solyc01g107270.4	0.13161479718468272	0
Solyc09g064273.1	0.13163966646441602	0
Solyc01g102680.4	0.13166453457962835	0
Solyc06g083450.4	0.13171426731543234	0
Solyc10g084030.3	0.13171426731543234	0
Solyc01g056310.3	0.13173913193549608	0
Solyc06g076210.3	0.13173913193549608	0
Solyc08g078280.1	0.13173913193549608	0
Solyc01g102790.3	0.13176399538998237	0
Solyc01g095160.3	0.13178885767862783	0
Solyc01g105630.5	0.13178885767862783	0
Solyc00g500116.1	0.13178885767862783	0
Solyc03g005555.1	0.13178885767862783	0
Solyc07g063180.3	0.13178885767862783	0
Solyc08g079030.4	0.13178885767862783	0
Solyc11g072280.3	0.13178885767862783	0
Solyc10g005220.3	0.13178885767862783	0
Solyc09g083230.1	0.13178885767862783	0
Solyc11g011310.4	0.13178885767862783	0
Solyc11g007060.2	0.13178885767862783	0
Solyc02g089120.4	0.13181371880116946	0
Solyc03g006370.3	0.13181371880116946	0
Solyc02g150150.1	0.13181371880116946	0
Solyc01g104760.2	0.13181371880116946	0
Solyc02g086430.5	0.13181371880116946	0
Solyc01g109330.3	0.13181371880116946	0
Solyc02g082280.3	0.13181371880116946	0
Solyc00g500086.1	0.13181371880116946	0
Solyc02g078300.3	0.13181371880116946	0
Solyc02g088290.4	0.13181371880116946	0
Solyc03g032170.2	0.13181371880116946	0
Solyc05g009540.3	0.13181371880116946	0
Solyc04g018055.2	0.13181371880116946	0
Solyc04g009730.4	0.13181371880116946	0
Solyc03g112425.1	0.13181371880116946	0
Solyc04g007660.1	0.13181371880116946	0
Solyc03g117890.3	0.13181371880116946	0
Solyc04g080060.3	0.13181371880116946	0
Solyc03g097690.3	0.13181371880116946	0
Solyc03g083240.4	0.13181371880116946	0
Solyc05g051340.3	0.13181371880116946	0
Solyc05g026180.2	0.13181371880116946	0
Solyc04g016190.1	0.13181371880116946	0
Solyc06g059960.4	0.13181371880116946	0
Solyc07g040710.3	0.13181371880116946	0
Solyc07g066230.4	0.13181371880116946	0
Solyc08g065880.3	0.13181371880116946	0
Solyc08g075670.2	0.13181371880116946	0
Solyc07g041970.5	0.13181371880116946	0
Solyc07g062540.3	0.13181371880116946	0
Solyc07g006910.4	0.13181371880116946	0
Solyc07g007890.3	0.13181371880116946	0
Solyc09g065340.3	0.13181371880116946	0
Solyc09g007520.3	0.13181371880116946	0
Solyc07g065290.3	0.13181371880116946	0
Solyc10g006090.4	0.13181371880116946	0
Solyc01g068120.5	0.13228963623209783	0
Solyc04g071920.2	0.1324604934051384	0
Solyc04g064840.1	0.13275430763025048	0
Solyc10g079340.2	0.13299665551897985	0
Solyc12g056745.1	0.13312423217823363	0
Solyc05g040100.4	0.13358816957637462	0
Solyc06g011630.1	0.13361440253771614	0
Solyc10g150109.1	0.13430205469935158	0
Solyc02g089150.5	0.1345554350772567	0
Solyc01g008600.5	0.1345554350772567	0
Solyc01g103070.2	0.1345554350772567	0
Solyc02g080300.3	0.1345554350772567	0
Solyc01g090910.3	0.1345554350772567	0
Solyc02g085010.1	0.1345554350772567	0
Solyc01g103350.3	0.1345554350772567	0
Solyc02g093910.3	0.1345554350772567	0
Solyc02g072090.2	0.1345554350772567	0
Solyc01g150153.2	0.1345554350772567	0
Solyc01g150160.1	0.1345554350772567	0
Solyc01g098010.4	0.1345554350772567	0
Solyc03g006920.2	0.1345554350772567	0
Solyc02g075610.4	0.1345554350772567	0
Solyc01g091730.3	0.1345554350772567	0
Solyc02g085820.3	0.1345554350772567	0
Solyc00g160350.1	0.1345554350772567	0
Solyc02g077040.4	0.1345554350772567	0
Solyc01g104630.3	0.1345554350772567	0
Solyc02g021470.4	0.1345554350772567	0
Solyc01g086970.5	0.1345554350772567	0
Solyc02g082180.3	0.1345554350772567	0
Solyc02g062970.3	0.1345554350772567	0
Solyc00g500041.1	0.1345554350772567	0
Solyc01g087300.3	0.1345554350772567	0
Solyc01g005810.3	0.1345554350772567	0
Solyc01g068270.3	0.1345554350772567	0
Solyc01g099960.5	0.1345554350772567	0
Solyc01g095470.3	0.1345554350772567	0
Solyc01g068580.5	0.1345554350772567	0
Solyc02g092300.1	0.1345554350772567	0
Solyc02g083280.5	0.1345554350772567	0
Solyc02g032930.3	0.1345554350772567	0
Solyc02g036330.3	0.1345554350772567	0
Solyc00g500196.2	0.1345554350772567	0
Solyc02g083765.1	0.1345554350772567	0
Solyc01g111530.3	0.1345554350772567	0
Solyc01g106900.3	0.1345554350772567	0
Solyc01g111610.3	0.1345554350772567	0
Solyc03g059190.4	0.1345554350772567	0
Solyc03g026260.4	0.1345554350772567	0
Solyc02g092970.3	0.1345554350772567	0
Solyc01g102670.3	0.1345554350772567	0
Solyc02g093110.3	0.1345554350772567	0
Solyc02g079790.3	0.1345554350772567	0
Solyc03g114900.3	0.1345554350772567	0
Solyc01g111940.4	0.1345554350772567	0
Solyc01g090410.3	0.1345554350772567	0
Solyc04g008770.3	0.1345554350772567	0
Solyc03g119580.1	0.1345554350772567	0
Solyc02g093440.4	0.1345554350772567	0
Solyc04g064870.3	0.1345554350772567	0
Solyc01g112140.5	0.1345554350772567	0
Solyc03g033520.2	0.1345554350772567	0
Solyc03g115390.4	0.1345554350772567	0
Solyc03g111070.3	0.1345554350772567	0
Solyc04g009260.3	0.1345554350772567	0
Solyc05g009680.1	0.1345554350772567	0
Solyc04g009410.3	0.1345554350772567	0
Solyc05g010290.3	0.1345554350772567	0
Solyc06g007980.4	0.1345554350772567	0
Solyc03g120520.2	0.1345554350772567	0
Solyc06g008030.3	0.1345554350772567	0
Solyc03g044080.5	0.1345554350772567	0
Solyc04g010230.4	0.1345554350772567	0
Solyc03g120950.3	0.1345554350772567	0
Solyc04g150139.1	0.1345554350772567	0
Solyc05g006390.1	0.1345554350772567	0
Solyc04g007170.3	0.1345554350772567	0
Solyc05g012650.4	0.1345554350772567	0
Solyc03g113060.3	0.1345554350772567	0
Solyc04g013200.1	0.1345554350772567	0
Solyc05g006855.1	0.1345554350772567	0
Solyc04g040160.4	0.1345554350772567	0
Solyc05g012900.4	0.1345554350772567	0
Solyc05g007050.4	0.1345554350772567	0
Solyc04g055170.3	0.1345554350772567	0
Solyc03g113400.4	0.1345554350772567	0
Solyc03g117670.4	0.1345554350772567	0
Solyc06g009780.4	0.1345554350772567	0
Solyc04g080050.4	0.1345554350772567	0
Solyc03g122280.3	0.1345554350772567	0
Solyc05g054620.4	0.1345554350772567	0
Solyc03g097180.3	0.1345554350772567	0
Solyc04g008050.4	0.1345554350772567	0
Solyc04g014960.4	0.1345554350772567	0
Solyc06g005360.3	0.1345554350772567	0
Solyc03g097750.4	0.1345554350772567	0
Solyc03g097800.5	0.1345554350772567	0
Solyc04g080570.3	0.1345554350772567	0
Solyc05g013850.2	0.1345554350772567	0
Solyc04g076220.3	0.1345554350772567	0
Solyc06g016750.3	0.1345554350772567	0
Solyc04g015750.3	0.1345554350772567	0
Solyc05g008290.4	0.1345554350772567	0
Solyc06g036080.4	0.1345554350772567	0
Solyc06g007190.5	0.1345554350772567	0
Solyc05g014340.3	0.1345554350772567	0
Solyc04g016360.3	0.1345554350772567	0
Solyc05g055680.5	0.1345554350772567	0
Solyc07g005200.3	0.1345554350772567	0
Solyc04g081220.3	0.1345554350772567	0
Solyc03g119210.1	0.1345554350772567	0
Solyc08g005870.2	0.1345554350772567	0
Solyc06g066190.3	0.1345554350772567	0
Solyc08g074570.1	0.1345554350772567	0
Solyc08g016801.1	0.1345554350772567	0
Solyc05g056100.3	0.1345554350772567	0
Solyc07g065930.3	0.1345554350772567	0
Solyc08g079280.3	0.1345554350772567	0
Solyc05g009310.3	0.1345554350772567	0
Solyc08g006330.3	0.1345554350772567	0
Solyc06g066620.4	0.1345554350772567	0
Solyc09g008550.4	0.1345554350772567	0
Solyc07g006000.3	0.1345554350772567	0
Solyc06g048810.5	0.1345554350772567	0
Solyc09g015370.1	0.1345554350772567	0
Solyc07g006260.3	0.1345554350772567	0
Solyc06g082980.3	0.1345554350772567	0
Solyc07g150104.1	0.1345554350772567	0
Solyc06g073560.5	0.1345554350772567	0
Solyc09g009080.4	0.1345554350772567	0
Solyc08g066030.3	0.1345554350772567	0
Solyc08g075710.3	0.1345554350772567	0
Solyc09g009140.3	0.1345554350772567	0
Solyc07g062300.3	0.1345554350772567	0
Solyc08g075840.3	0.1345554350772567	0
Solyc07g053030.4	0.1345554350772567	0
Solyc08g075910.1	0.1345554350772567	0
Solyc09g059990.1	0.1345554350772567	0
Solyc07g053220.2	0.1345554350772567	0
Solyc06g062840.4	0.1345554350772567	0
Solyc08g067030.3	0.1345554350772567	0
Solyc08g081200.3	0.1345554350772567	0
Solyc07g043270.3	0.1345554350772567	0
Solyc06g084320.1	0.1345554350772567	0
Solyc07g007755.2	0.1345554350772567	0
Solyc07g063340.3	0.1345554350772567	0
Solyc09g064480.1	0.1345554350772567	0
Solyc09g005720.3	0.1345554350772567	0
Solyc09g064590.5	0.1345554350772567	0
Solyc07g054310.3	0.1345554350772567	0
Solyc07g045070.3	0.1345554350772567	0
Solyc09g005920.5	0.1345554350772567	0
Solyc08g082300.3	0.1345554350772567	0
Solyc09g055180.4	0.1345554350772567	0
Solyc06g053670.1	0.1345554350772567	0
Solyc09g065260.2	0.1345554350772567	0
Solyc06g053790.3	0.1345554350772567	0
Solyc09g065570.5	0.1345554350772567	0
Solyc09g074050.3	0.1345554350772567	0
Solyc06g071530.5	0.1345554350772567	0
Solyc09g074240.1	0.1345554350772567	0
Solyc10g039360.2	0.1345554350772567	0
Solyc10g083790.3	0.1345554350772567	0
Solyc08g069100.1	0.1345554350772567	0
Solyc08g015770.4	0.1345554350772567	0
Solyc08g078520.4	0.1345554350772567	0
Solyc09g008190.3	0.1345554350772567	0
Solyc09g058980.3	0.1345554350772567	0
Solyc10g078860.2	0.1345554350772567	0
Solyc09g074730.3	0.1345554350772567	0
Solyc09g013140.3	0.1345554350772567	0
Solyc09g014240.4	0.1345554350772567	0
Solyc08g078870.3	0.1345554350772567	0
Solyc08g016310.3	0.1345554350772567	0
Solyc11g071670.2	0.1345554350772567	0
Solyc12g010340.3	0.1345554350772567	0
Solyc12g010390.2	0.1345554350772567	0
Solyc12g042950.2	0.1345554350772567	0
Solyc09g075430.3	0.1345554350772567	0
Solyc11g008010.2	0.1345554350772567	0
Solyc12g005300.2	0.1345554350772567	0
Solyc09g014780.3	0.1345554350772567	0
Solyc09g091830.5	0.1345554350772567	0
Solyc09g091880.4	0.1345554350772567	0
Solyc12g088050.2	0.1345554350772567	0
Solyc11g072310.2	0.1345554350772567	0
Solyc12g010860.2	0.1345554350772567	0
Solyc12g099250.2	0.1345554350772567	0
Solyc10g047130.2	0.1345554350772567	0
Solyc10g085410.3	0.1345554350772567	0
Solyc11g008460.1	0.1345554350772567	0
Solyc10g079860.2	0.1345554350772567	0
Solyc10g005660.3	0.1345554350772567	0
Solyc10g047670.2	0.1345554350772567	0
Solyc11g008810.2	0.1345554350772567	0
Solyc11g005650.1	0.1345554350772567	0
Solyc12g006410.3	0.1345554350772567	0
Solyc12g089220.3	0.1345554350772567	0
Solyc12g014060.2	0.1345554350772567	0
Solyc10g080740.2	0.1345554350772567	0
Solyc09g098310.3	0.1345554350772567	0
Solyc09g098390.3	0.1345554350772567	0
Solyc10g074990.2	0.1345554350772567	0
Solyc11g006060.3	0.1345554350772567	0
Solyc10g006840.5	0.1345554350772567	0
Solyc12g095790.2	0.1345554350772567	0
Solyc12g015780.2	0.1345554350772567	0
Solyc11g006500.2	0.1345554350772567	0
Solyc11g068610.2	0.1345554350772567	0
Solyc12g007280.4	0.1345554350772567	0
Solyc11g061760.3	0.1345554350772567	0
Solyc12g056510.3	0.1345554350772567	0
Solyc10g076720.2	0.1345554350772567	0
Solyc10g076740.3	0.1345554350772567	0
Solyc12g008620.2	0.1345554350772567	0
Solyc10g007840.3	0.1345554350772567	0
Solyc11g069480.2	0.1345554350772567	0
Solyc11g064880.2	0.1345554350772567	0
Solyc11g032200.2	0.1345554350772567	0
Solyc12g098430.2	0.1345554350772567	0
Solyc12g098940.2	0.1345554350772567	0
Solyc09g031890.3	0.13529003547641924	0
Solyc01g094300.1	0.1353194984279271	0
Solyc04g014280.1	0.1353194984279271	0
Solyc02g030380.4	0.13534217534767165	0
Solyc01g097900.1	0.13560420018830197	0
Solyc02g071440.3	0.13563639024038238	0
Solyc11g073140.3	0.13563639024038238	0
Solyc10g018645.1	0.13566676030767452	0
Solyc06g065010.5	0.13582145817272853	0
Solyc01g058250.2	0.1363794728423495	0
Solyc10g054800.2	0.13655299096900403	0
Solyc06g050400.3	0.13655812365991887	0
Solyc10g005420.1	0.13655812365991887	0
Solyc03g161620.1	0.1367409339409729	0
Solyc05g014170.2	0.13708877592446367	0
Solyc08g066910.1	0.13711408952965023	0
Solyc10g006590.3	0.13711408952965023	0
Solyc10g054070.1	0.13721533106409195	0
Solyc02g080350.1	0.13724063822496407	0
Solyc02g150127.1	0.13724063822496407	0
Solyc04g082870.1	0.13724063822496407	0
Solyc06g009500.1	0.13724063822496407	0
Solyc07g047870.1	0.13724063822496407	0
Solyc03g093150.3	0.13726594409627696	0
Solyc05g009400.3	0.13726594409627696	0
Solyc01g006440.2	0.1372737785028079	0
Solyc03g005530.1	0.13729124867779893	0
Solyc11g067300.2	0.13729124867779893	0
Solyc10g081200.1	0.13729124867779893	0
Solyc05g016320.2	0.13731655196929848	0
Solyc09g072630.3	0.13731655196929848	0
Solyc03g063380.3	0.137325863000716	0
Solyc02g085810.3	0.1373418539705448	0
Solyc00g160280.1	0.1373418539705448	0
Solyc03g013304.2	0.1373418539705448	0
Solyc03g083470.3	0.1373418539705448	0
Solyc04g064940.3	0.1373418539705448	0
Solyc03g095250.3	0.1373418539705448	0
Solyc04g076180.5	0.1373418539705448	0
Solyc08g006080.1	0.1373418539705448	0
Solyc09g065810.3	0.1373418539705448	0
Solyc09g082510.3	0.1373418539705448	0
Solyc09g098290.3	0.1373418539705448	0
Solyc10g081480.2	0.1373418539705448	0
Solyc10g050770.1	0.1373418539705448	0
Solyc05g160140.1	0.13786348477430474	0
Solyc10g086450.1	0.13863563782181343	0
Solyc10g083980.1	0.13873007136564364	0
Solyc04g074320.4	0.13894145697209037	0
Solyc05g005220.1	0.13902943336746992	0
Solyc03g112690.1	0.13902943336746992	0
Solyc05g007390.1	0.13902943336746992	0
Solyc05g051260.3	0.13902943336746992	0
Solyc07g043700.3	0.13902943336746992	0
Solyc06g069810.1	0.13902943336746992	0
Solyc01g107720.3	0.1390734156075096	0
Solyc02g080830.1	0.1390734156075096	0
Solyc02g081750.1	0.1390734156075096	0
Solyc01g010500.3	0.1390734156075096	0
Solyc01g087510.4	0.1390734156075096	0
Solyc01g100680.1	0.1390734156075096	0
Solyc01g006610.2	0.1390734156075096	0
Solyc03g005947.1	0.1390734156075096	0
Solyc03g119500.1	0.1390734156075096	0
Solyc05g052090.1	0.1390734156075096	0
Solyc03g078600.3	0.1390734156075096	0
Solyc04g039910.3	0.1390734156075096	0
Solyc05g162140.1	0.1390734156075096	0
Solyc05g054850.1	0.1390734156075096	0
Solyc04g161910.1	0.1390734156075096	0
Solyc06g072450.1	0.1390734156075096	0
Solyc06g034233.1	0.1390734156075096	0
Solyc07g053040.3	0.1390734156075096	0
Solyc07g021240.1	0.1390734156075096	0
Solyc08g008060.1	0.1390734156075096	0
Solyc12g010940.1	0.1390734156075096	0
Solyc10g005710.2	0.1390734156075096	0
Solyc09g097950.3	0.1390734156075096	0
Solyc01g108830.3	0.13911739387426017	0
Solyc02g030383.2	0.13911739387426017	0
Solyc03g111220.1	0.13911739387426017	0
Solyc05g150103.1	0.13911739387426017	0
Solyc04g025930.3	0.13911739387426017	0
Solyc06g009010.1	0.13911739387426017	0
Solyc06g005270.3	0.13911739387426017	0
Solyc05g014056.2	0.13911739387426017	0
Solyc06g072200.1	0.13911739387426017	0
Solyc06g036550.1	0.13911739387426017	0
Solyc08g005840.1	0.13911739387426017	0
Solyc07g040880.4	0.13911739387426017	0
Solyc09g008740.1	0.13911739387426017	0
Solyc07g052917.1	0.13911739387426017	0
Solyc08g081470.3	0.13911739387426017	0
Solyc07g032070.3	0.13911739387426017	0
Solyc07g064390.1	0.13911739387426017	0
Solyc09g011790.3	0.13911739387426017	0
Solyc09g008175.1	0.13911739387426017	0
Solyc10g044830.1	0.13911739387426017	0
Solyc10g047200.1	0.13911739387426017	0
Solyc09g092170.4	0.13911739387426017	0
Solyc12g160400.1	0.13911739387426017	0
Solyc10g052580.3	0.13911739387426017	0
Solyc11g069870.1	0.13911739387426017	0
Solyc06g075870.1	0.13925747267720467	0
Solyc05g042185.1	0.13928455869456918	0
Solyc09g082430.1	0.13970150862770656	0
Solyc06g059720.3	0.13984536123947836	0
Solyc01g105760.1	0.13986639123178501	0
Solyc03g013290.1	0.14063977204992342	0
Solyc10g005250.4	0.14130992911564874	0
Solyc09g047860.1	0.14131346103091952	0
Solyc09g005530.3	0.14141629059170327	0
Solyc00g094530.1	0.14150056308976564	0
Solyc10g008920.1	0.14157801001599551	0
Solyc12g019230.2	0.1415902249526515	0
Solyc12g044760.3	0.14172982314986016	0
Solyc02g079080.2	0.14214556751013463	0
Solyc11g006593.2	0.14214556751013463	0
Solyc04g064470.2	0.14217134938910655	0
Solyc11g072800.3	0.14230023763911046	0
Solyc08g075630.3	0.1424033228530395	0
Solyc02g071660.4	0.14248062194640146	0
Solyc02g067770.3	0.1425321476165165	0
Solyc01g110800.3	0.1425321476165165	0
Solyc03g111993.1	0.14255790833333012	0
Solyc08g067980.3	0.14255790833333012	0
Solyc03g120190.3	0.1426351820083787	0
Solyc01g095600.4	0.14276394320343608	0
Solyc12g056700.2	0.14276394320343608	0
Solyc10g019170.2	0.14276998312579509	0
Solyc12g098780.3	0.14281543778461342	0
Solyc10g080990.3	0.14289266904763115	0
Solyc04g071805.1	0.14291840997217564	0
Solyc01g110320.4	0.14294414948149214	0
Solyc08g083100.3	0.14294414948149214	0
Solyc01g101150.3	0.14296988757538265	0
Solyc01g102690.4	0.14296988757538265	0
Solyc03g051780.3	0.14296988757538265	0
Solyc04g014887.2	0.14296988757538265	0
Solyc06g062610.2	0.14296988757538265	0
Solyc09g162060.1	0.14296988757538265	0
Solyc10g007880.4	0.14296988757538265	0
Solyc05g008050.3	0.1429956242536494	0
Solyc02g091820.3	0.14302135951609463	0
Solyc00g500169.1	0.14302135951609463	0
Solyc03g063320.3	0.14302135951609463	0
Solyc09g015380.1	0.14302135951609463	0
Solyc07g006765.1	0.14302135951609463	0
Solyc08g061650.4	0.14302135951609463	0
Solyc07g055100.4	0.14302135951609463	0
Solyc08g014230.5	0.14302135951609463	0
Solyc09g074110.4	0.14302135951609463	0
Solyc08g082900.4	0.14302135951609463	0
Solyc01g009700.3	0.14304709336252125	0
Solyc02g090330.3	0.14304709336252125	0
Solyc01g067440.4	0.14304709336252125	0
Solyc01g099120.4	0.14304709336252125	0
Solyc01g010950.3	0.14304709336252125	0
Solyc02g078520.4	0.14304709336252125	0
Solyc00g500123.1	0.14304709336252125	0
Solyc02g070560.3	0.14304709336252125	0
Solyc01g088790.3	0.14304709336252125	0
Solyc03g059140.4	0.14304709336252125	0
Solyc02g092920.5	0.14304709336252125	0
Solyc05g051860.4	0.14304709336252125	0
Solyc03g034160.5	0.14304709336252125	0
Solyc04g009740.4	0.14304709336252125	0
Solyc05g160200.1	0.14304709336252125	0
Solyc06g008180.3	0.14304709336252125	0
Solyc06g008730.3	0.14304709336252125	0
Solyc04g005920.1	0.14304709336252125	0
Solyc03g080040.1	0.14304709336252125	0
Solyc05g006800.2	0.14304709336252125	0
Solyc05g054080.3	0.14304709336252125	0
Solyc06g005200.3	0.14304709336252125	0
Solyc06g048850.3	0.14304709336252125	0
Solyc08g080180.1	0.14304709336252125	0
Solyc06g068510.1	0.14304709336252125	0
Solyc09g064230.3	0.14304709336252125	0
Solyc08g067830.3	0.14304709336252125	0
Solyc09g055260.4	0.14304709336252125	0
Solyc06g053810.3	0.14304709336252125	0
Solyc12g010310.2	0.14304709336252125	0
Solyc09g075670.1	0.14304709336252125	0
Solyc10g011670.3	0.14304709336252125	0
Solyc09g075940.3	0.14304709336252125	0
Solyc10g061960.2	0.14304709336252125	0
Solyc09g097810.3	0.14304709336252125	0
Solyc10g086360.2	0.14304709336252125	0
Solyc12g015850.1	0.14304709336252125	0
Solyc12g096530.1	0.14304709336252125	0
Solyc12g019480.3	0.14304709336252125	0
Solyc05g055560.1	0.14308833468538834	0
Solyc01g057580.1	0.14454318476524392	0
Solyc07g017980.1	0.14459600236154924	0
Solyc12g011080.3	0.1446224088895018	0
Solyc07g026710.3	0.14477345012195142	0
Solyc02g161620.1	0.14483238193474005	0
Solyc03g005500.1	0.1452837915097313	0
Solyc01g107750.3	0.14634006095106664	0
Solyc02g084800.5	0.14634006095106664	0
Solyc01g107800.4	0.14634006095106664	0
Solyc03g006390.2	0.14634006095106664	0
Solyc02g093630.3	0.14634006095106664	0
Solyc01g008770.3	0.14634006095106664	0
Solyc01g008890.4	0.14634006095106664	0
Solyc02g093810.3	0.14634006095106664	0
Solyc02g080550.1	0.14634006095106664	0
Solyc01g091160.4	0.14634006095106664	0
Solyc02g067670.4	0.14634006095106664	0
Solyc01g097910.2	0.14634006095106664	0
Solyc02g072520.3	0.14634006095106664	0
Solyc02g094480.4	0.14634006095106664	0
Solyc02g067950.4	0.14634006095106664	0
Solyc02g085690.4	0.14634006095106664	0
Solyc01g108540.3	0.14634006095106664	0
Solyc02g076680.3	0.14634006095106664	0
Solyc01g108630.3	0.14634006095106664	0
Solyc01g091780.5	0.14634006095106664	0
Solyc00g160290.1	0.14634006095106664	0
Solyc02g076980.5	0.14634006095106664	0
Solyc02g068580.1	0.14634006095106664	0
Solyc01g005410.5	0.14634006095106664	0
Solyc01g087330.4	0.14634006095106664	0
Solyc02g091560.3	0.14634006095106664	0
Solyc01g109980.4	0.14634006095106664	0
Solyc02g063450.4	0.14634006095106664	0
Solyc01g006160.3	0.14634006095106664	0
Solyc01g087820.2	0.14634006095106664	0
Solyc01g110410.3	0.14634006095106664	0
Solyc02g092100.1	0.14634006095106664	0
Solyc01g110550.3	0.14634006095106664	0
Solyc01g058030.2	0.14634006095106664	0
Solyc02g070230.2	0.14634006095106664	0
Solyc01g096110.3	0.14634006095106664	0
Solyc02g070550.3	0.14634006095106664	0
Solyc01g096270.3	0.14634006095106664	0
Solyc01g111260.2	0.14634006095106664	0
Solyc01g111330.4	0.14634006095106664	0
Solyc01g007070.3	0.14634006095106664	0
Solyc01g007170.4	0.14634006095106664	0
Solyc02g036460.3	0.14634006095106664	0
Solyc03g026210.4	0.14634006095106664	0
Solyc01g107010.3	0.14634006095106664	0
Solyc01g079660.2	0.14634006095106664	0
Solyc01g008140.4	0.14634006095106664	0
Solyc04g008800.4	0.14634006095106664	0
Solyc04g009190.3	0.14634006095106664	0
Solyc04g071160.3	0.14634006095106664	0
Solyc05g005160.3	0.14634006095106664	0
Solyc04g024520.3	0.14634006095106664	0
Solyc03g034450.5	0.14634006095106664	0
Solyc03g115890.3	0.14634006095106664	0
Solyc04g082510.3	0.14634006095106664	0
Solyc03g093890.3	0.14634006095106664	0
Solyc03g116060.5	0.14634006095106664	0
Solyc04g051860.3	0.14634006095106664	0
Solyc05g006050.3	0.14634006095106664	0
Solyc04g078820.4	0.14634006095106664	0
Solyc04g072530.2	0.14634006095106664	0
Solyc05g053400.3	0.14634006095106664	0
Solyc03g112700.1	0.14634006095106664	0
Solyc04g012160.4	0.14634006095106664	0
Solyc03g080140.3	0.14634006095106664	0
Solyc04g055090.1	0.14634006095106664	0
Solyc03g096860.3	0.14634006095106664	0
Solyc04g014530.1	0.14634006095106664	0
Solyc06g009660.3	0.14634006095106664	0
Solyc05g050120.3	0.14634006095106664	0
Solyc03g117760.4	0.14634006095106664	0
Solyc03g117770.3	0.14634006095106664	0
Solyc04g014680.4	0.14634006095106664	0
Solyc03g117860.3	0.14634006095106664	0
Solyc04g007980.3	0.14634006095106664	0
Solyc04g080030.3	0.14634006095106664	0
Solyc06g005300.5	0.14634006095106664	0
Solyc05g007800.4	0.14634006095106664	0
Solyc04g080430.3	0.14634006095106664	0
Solyc04g008590.3	0.14634006095106664	0
Solyc04g080600.3	0.14634006095106664	0
Solyc06g035720.3	0.14634006095106664	0
Solyc03g114290.4	0.14634006095106664	0
Solyc05g008350.3	0.14634006095106664	0
Solyc05g014110.3	0.14634006095106664	0
Solyc06g065570.3	0.14634006095106664	0
Solyc05g055380.3	0.14634006095106664	0
Solyc04g076660.3	0.14634006095106664	0
Solyc04g081030.3	0.14634006095106664	0
Solyc04g081080.1	0.14634006095106664	0
Solyc04g076800.3	0.14634006095106664	0
Solyc04g016410.3	0.14634006095106664	0
Solyc04g081200.3	0.14634006095106664	0
Solyc07g056140.3	0.14634006095106664	0
Solyc07g056220.3	0.14634006095106664	0
Solyc07g039340.4	0.14634006095106664	0
Solyc07g056330.3	0.14634006095106664	0
Solyc08g005970.3	0.14634006095106664	0
Solyc07g005550.5	0.14634006095106664	0
Solyc06g072820.3	0.14634006095106664	0
Solyc06g072830.5	0.14634006095106664	0
Solyc07g040990.4	0.14634006095106664	0
Solyc08g079510.3	0.14634006095106664	0
Solyc09g014970.5	0.14634006095106664	0
Solyc08g065230.1	0.14634006095106664	0
Solyc06g048540.3	0.14634006095106664	0
Solyc08g075100.4	0.14634006095106664	0
Solyc08g065610.3	0.14634006095106664	0
Solyc07g052430.3	0.14634006095106664	0
Solyc08g079900.3	0.14634006095106664	0
Solyc09g008840.5	0.14634006095106664	0
Solyc07g150103.1	0.14634006095106664	0
Solyc07g062120.4	0.14634006095106664	0
Solyc07g052690.4	0.14634006095106664	0
Solyc07g062270.3	0.14634006095106664	0
Solyc06g083170.3	0.14634006095106664	0
Solyc06g073660.3	0.14634006095106664	0
Solyc08g075720.3	0.14634006095106664	0
Solyc08g080220.4	0.14634006095106664	0
Solyc07g042180.5	0.14634006095106664	0
Solyc08g007080.4	0.14634006095106664	0
Solyc08g080650.3	0.14634006095106664	0
Solyc06g074120.3	0.14634006095106664	0
Solyc08g080680.4	0.14634006095106664	0
Solyc07g062600.4	0.14634006095106664	0
Solyc08g007200.4	0.14634006095106664	0
Solyc06g050770.3	0.14634006095106664	0
Solyc06g062540.3	0.14634006095106664	0
Solyc08g007280.2	0.14634006095106664	0
Solyc08g076140.3	0.14634006095106664	0
Solyc06g074400.4	0.14634006095106664	0
Solyc09g019970.3	0.14634006095106664	0
Solyc07g007290.1	0.14634006095106664	0
Solyc08g007500.3	0.14634006095106664	0
Solyc08g081030.1	0.14634006095106664	0
Solyc09g030360.3	0.14634006095106664	0
Solyc08g007805.1	0.14634006095106664	0
Solyc06g069280.4	0.14634006095106664	0
Solyc08g081390.4	0.14634006095106664	0
Solyc07g007870.3	0.14634006095106664	0
Solyc09g064530.3	0.14634006095106664	0
Solyc08g059730.1	0.14634006095106664	0
Solyc07g063590.4	0.14634006095106664	0
Solyc08g081750.3	0.14634006095106664	0
Solyc08g008305.1	0.14634006095106664	0
Solyc07g054440.3	0.14634006095106664	0
Solyc07g008360.2	0.14634006095106664	0
Solyc08g081945.1	0.14634006095106664	0
Solyc09g005960.5	0.14634006095106664	0
Solyc07g008530.1	0.14634006095106664	0
Solyc09g007130.3	0.14634006095106664	0
Solyc08g061560.3	0.14634006095106664	0
Solyc07g008670.3	0.14634006095106664	0
Solyc08g068270.3	0.14634006095106664	0
Solyc07g054900.2	0.14634006095106664	0
Solyc08g068390.3	0.14634006095106664	0
Solyc08g082530.4	0.14634006095106664	0
Solyc07g064550.3	0.14634006095106664	0
Solyc08g068610.3	0.14634006095106664	0
Solyc08g078250.4	0.14634006095106664	0
Solyc09g011670.4	0.14634006095106664	0
Solyc08g083190.3	0.14634006095106664	0
Solyc07g065050.4	0.14634006095106664	0
Solyc09g074410.5	0.14634006095106664	0
Solyc09g011870.3	0.14634006095106664	0
Solyc10g078750.2	0.14634006095106664	0
Solyc08g078620.1	0.14634006095106664	0
Solyc11g007585.1	0.14634006095106664	0
Solyc10g084340.2	0.14634006095106664	0
Solyc10g009040.4	0.14634006095106664	0
Solyc10g009280.5	0.14634006095106664	0
Solyc12g005280.3	0.14634006095106664	0
Solyc09g075500.3	0.14634006095106664	0
Solyc11g065870.3	0.14634006095106664	0
Solyc12g044260.2	0.14634006095106664	0
Solyc09g092270.3	0.14634006095106664	0
Solyc12g099430.2	0.14634006095106664	0
Solyc12g035130.2	0.14634006095106664	0
Solyc09g082060.3	0.14634006095106664	0
Solyc10g005780.4	0.14634006095106664	0
Solyc10g080080.3	0.14634006095106664	0
Solyc10g085820.2	0.14634006095106664	0
Solyc11g018690.2	0.14634006095106664	0
Solyc09g082500.4	0.14634006095106664	0
Solyc11g066610.2	0.14634006095106664	0
Solyc12g006170.2	0.14634006095106664	0
Solyc11g009020.2	0.14634006095106664	0
Solyc10g086010.2	0.14634006095106664	0
Solyc11g066780.3	0.14634006095106664	0
Solyc12g049370.2	0.14634006095106664	0
Solyc10g086310.1	0.14634006095106664	0
Solyc10g006510.3	0.14634006095106664	0
Solyc09g098385.1	0.14634006095106664	0
Solyc10g074940.2	0.14634006095106664	0
Solyc11g010690.3	0.14634006095106664	0
Solyc12g006770.1	0.14634006095106664	0
Solyc10g075090.3	0.14634006095106664	0
Solyc10g081150.3	0.14634006095106664	0
Solyc10g049970.2	0.14634006095106664	0
Solyc09g089520.4	0.14634006095106664	0
Solyc11g068830.2	0.14634006095106664	0
Solyc10g024470.3	0.14634006095106664	0
Solyc11g007080.1	0.14634006095106664	0
Solyc12g040480.2	0.14634006095106664	0
Solyc10g078150.3	0.14634006095106664	0
Solyc10g083190.3	0.14634006095106664	0
Solyc12g041980.3	0.14634006095106664	0
Solyc10g083500.2	0.14634006095106664	0
Solyc11g069950.2	0.14634006095106664	0
Solyc12g042545.1	0.14634006095106664	0
Solyc12g098700.1	0.14634006095106664	0
Solyc01g066420.3	0.14663261509089834	0
Solyc02g085550.3	0.14667743882006734	0
Solyc09g065470.3	0.14709678630472145	0
Solyc03g032065.1	0.147231697961383	0
Solyc01g091810.1	0.1473078888321707	0
Solyc04g015110.3	0.14760486495677297	0
Solyc04g051787.1	0.1477576500196721	0
Solyc01g038233.1	0.147900480984214	0
Solyc04g024640.1	0.147900480984214	0
Solyc03g115880.1	0.147900480984214	0
Solyc04g072650.1	0.147900480984214	0
Solyc08g065547.2	0.147900480984214	0
Solyc09g059155.1	0.147900480984214	0
Solyc09g050020.3	0.147900480984214	0
Solyc07g032020.3	0.147900480984214	0
Solyc11g010670.1	0.147900480984214	0
Solyc12g062930.3	0.147900480984214	0
Solyc02g030510.1	0.1480422977531599	0
Solyc07g006740.3	0.14808373761421192	0
Solyc02g081050.4	0.14816142864697077	0
Solyc08g078970.1	0.14822245917329438	0
Solyc11g072475.1	0.1483504894171002	0
Solyc12g035400.2	0.1486708317371936	0
Solyc11g007820.1	0.14874933609326046	0
Solyc10g068355.1	0.1487736030734037	0
Solyc00g500348.1	0.1487755011277899	0
Solyc04g071780.3	0.1487755011277899	0
Solyc00g500249.1	0.14880166461996763	0
Solyc07g014690.3	0.14880166461996763	0
Solyc00g500317.1	0.14882782656963087	0
Solyc01g104090.4	0.14882782656963087	0
Solyc03g025350.3	0.14882782656963087	0
Solyc01g109270.3	0.1488801458407633	0
Solyc09g010997.1	0.1488801458407633	0
Solyc01g073960.4	0.14890630316190773	0
Solyc04g008880.4	0.14890630316190773	0
Solyc04g072270.1	0.14890630316190773	0
Solyc03g112800.2	0.14890630316190773	0
Solyc06g082160.5	0.14890630316190773	0
Solyc08g066190.2	0.14890630316190773	0
Solyc01g008500.4	0.1489324589398886	0
Solyc02g094580.3	0.1489324589398886	0
Solyc01g006960.3	0.1489324589398886	0
Solyc01g107240.4	0.1489324589398886	0
Solyc04g050720.5	0.1489324589398886	0
Solyc04g009305.2	0.1489324589398886	0
Solyc03g120310.3	0.1489324589398886	0
Solyc03g082960.2	0.1489324589398886	0
Solyc05g013730.3	0.1489324589398886	0
Solyc05g055300.1	0.1489324589398886	0
Solyc07g032490.3	0.1489324589398886	0
Solyc10g009500.4	0.1489324589398886	0
Solyc12g006890.2	0.1489324589398886	0
Solyc11g062030.1	0.1489324589398886	0
Solyc02g094460.2	0.14900842372023307	0
Solyc06g083005.1	0.14914308804563167	0
Solyc09g091040.3	0.1506216866929504	0
Solyc12g038680.1	0.1509097699592194	0
Solyc08g015755.2	0.15173957339523458	0
Solyc02g087070.4	0.15180097731112377	0
Solyc11g013620.1	0.15180097731112377	0
Solyc04g150119.1	0.15182774218184733	0
Solyc08g062250.3	0.1518817610015884	0
Solyc10g039383.1	0.15210916398255545	0
Solyc01g111480.2	0.15262991797036396	0
Solyc04g050575.2	0.15292112584357084	0
Solyc12g036483.1	0.15292112584357084	0
Solyc08g023510.3	0.153403934822176	0
Solyc06g068900.4	0.15348392573143352	0
Solyc02g081820.3	0.15396355654180105	0
Solyc12g009460.1	0.15404344253530936	0
Solyc10g039230.1	0.15407006786611308	0
Solyc10g038170.1	0.15408858802798833	0
Solyc08g068000.3	0.15409669152984662	0
Solyc05g010550.1	0.1542023870897744	0
Solyc02g014220.3	0.15428301048694773	0
Solyc01g099190.4	0.15441604541531076	0
Solyc02g069140.3	0.15446924770617074	0
Solyc03g006890.4	0.1545891392699042	0
Solyc05g012520.3	0.15465754978730223	0
Solyc05g048840.1	0.15465754978730223	0
Solyc01g005710.2	0.1547351589981935	0
Solyc08g079300.3	0.1547351589981935	0
Solyc07g062380.1	0.154761740942804	0
Solyc11g044515.1	0.154761740942804	0
Solyc10g160380.1	0.15481489982059507	0
Solyc12g082730.3	0.15489462560681114	0
Solyc01g104110.5	0.15492119752692063	0
Solyc02g083050.1	0.15492119752692063	0
Solyc04g064750.2	0.15492119752692063	0
Solyc04g081660.3	0.15492119752692063	0
Solyc06g069130.4	0.15492119752692063	0
Solyc12g013570.2	0.15492119752692063	0
Solyc06g071660.4	0.15494776777583963	0
Solyc12g042850.2	0.15495353182311292	0
Solyc01g097670.4	0.15497433635344268	0
Solyc01g102280.3	0.15497433635344268	0
Solyc06g008390.4	0.15497433635344268	0
Solyc05g053580.1	0.15497433635344268	0
Solyc03g118160.4	0.15497433635344268	0
Solyc05g007850.2	0.15497433635344268	0
Solyc05g055200.5	0.15497433635344268	0
Solyc06g034140.3	0.15497433635344268	0
Solyc10g079980.1	0.15497433635344268	0
Solyc01g097260.5	0.15500090325960494	0
Solyc02g080190.3	0.15500090325960494	0
Solyc01g108450.3	0.15500090325960494	0
Solyc03g007070.3	0.15500090325960494	0
Solyc01g091700.5	0.15500090325960494	0
Solyc02g061770.5	0.15500090325960494	0
Solyc01g099110.4	0.15500090325960494	0
Solyc01g005385.2	0.15500090325960494	0
Solyc01g010870.3	0.15500090325960494	0
Solyc02g069390.2	0.15500090325960494	0
Solyc01g012760.1	0.15500090325960494	0
Solyc02g078290.4	0.15500090325960494	0
Solyc01g163220.1	0.15500090325960494	0
Solyc02g083730.4	0.15500090325960494	0
Solyc00g500193.1	0.15500090325960494	0
Solyc05g056380.3	0.15500090325960494	0
Solyc03g111140.3	0.15500090325960494	0
Solyc04g082560.4	0.15500090325960494	0
Solyc03g094060.4	0.15500090325960494	0
Solyc04g082760.3	0.15500090325960494	0
Solyc04g072260.3	0.15500090325960494	0
Solyc03g112950.4	0.15500090325960494	0
Solyc04g079780.4	0.15500090325960494	0
Solyc06g005590.4	0.15500090325960494	0
Solyc03g114140.3	0.15500090325960494	0
Solyc08g074600.4	0.15500090325960494	0
Solyc08g075430.3	0.15500090325960494	0
Solyc07g062180.4	0.15500090325960494	0
Solyc06g073640.5	0.15500090325960494	0
Solyc06g073930.4	0.15500090325960494	0
Solyc06g083720.2	0.15500090325960494	0
Solyc06g074480.3	0.15500090325960494	0
Solyc06g063060.3	0.15500090325960494	0
Solyc08g081260.1	0.15500090325960494	0
Solyc06g071580.3	0.15500090325960494	0
Solyc08g082940.2	0.15500090325960494	0
Solyc08g015630.3	0.15500090325960494	0
Solyc08g016090.4	0.15500090325960494	0
Solyc11g007840.3	0.15500090325960494	0
Solyc11g040060.3	0.15500090325960494	0
Solyc11g008360.3	0.15500090325960494	0
Solyc12g088480.2	0.15500090325960494	0
Solyc11g017360.3	0.15500090325960494	0
Solyc12g099860.2	0.15500090325960494	0
Solyc12g089205.1	0.15500090325960494	0
Solyc11g010610.2	0.15500090325960494	0
Solyc12g006830.2	0.15500090325960494	0
Solyc10g083630.2	0.15500090325960494	0
Solyc11g012530.4	0.15500090325960494	0
Solyc12g098850.2	0.15500090325960494	0
Solyc05g051440.1	0.1550054238777544	0
Solyc11g013230.1	0.15508269996743446	0
Solyc04g150103.1	0.15525214493534253	0
Solyc07g021040.3	0.15658001382022974	0
Solyc04g080250.3	0.15661796664216188	0
Solyc03g034155.1	0.15672704003712987	0
Solyc03g005240.2	0.15680882635854443	0
Solyc01g095760.3	0.1568849458013549	0
Solyc04g011600.5	0.15746253873262284	0
Solyc04g057900.1	0.15751579589099163	0
Solyc12g036595.2	0.15751579589099163	0
Solyc04g011870.1	0.15789777538290273	0
Solyc04g050445.1	0.15796580772358093	0
Solyc11g021080.3	0.15796580772358093	0
Solyc11g007210.3	0.15796580772358093	0
Solyc02g038690.1	0.15886501228057204	0
Solyc02g071610.3	0.15886501228057204	0
Solyc01g080260.3	0.15886501228057204	0
Solyc01g080450.5	0.15886501228057204	0
Solyc01g103320.3	0.15886501228057204	0
Solyc01g103340.4	0.15886501228057204	0
Solyc01g091170.3	0.15886501228057204	0
Solyc02g089810.3	0.15886501228057204	0
Solyc02g085420.4	0.15886501228057204	0
Solyc01g091460.3	0.15886501228057204	0
Solyc02g014830.5	0.15886501228057204	0
Solyc01g108530.3	0.15886501228057204	0
Solyc02g076720.3	0.15886501228057204	0
Solyc01g091870.3	0.15886501228057204	0
Solyc01g108780.4	0.15886501228057204	0
Solyc03g007390.4	0.15886501228057204	0
Solyc01g093980.3	0.15886501228057204	0
Solyc01g067030.2	0.15886501228057204	0
Solyc01g081490.3	0.15886501228057204	0
Solyc02g068450.3	0.15886501228057204	0
Solyc02g086130.4	0.15886501228057204	0
Solyc02g081730.3	0.15886501228057204	0
Solyc03g007775.2	0.15886501228057204	0
Solyc01g086720.3	0.15886501228057204	0
Solyc02g022870.4	0.15886501228057204	0
Solyc01g067620.3	0.15886501228057204	0
Solyc01g086890.3	0.15886501228057204	0
Solyc01g105035.1	0.15886501228057204	0
Solyc02g091120.4	0.15886501228057204	0
Solyc02g027080.2	0.15886501228057204	0
Solyc02g069110.5	0.15886501228057204	0
Solyc02g069170.3	0.15886501228057204	0
Solyc01g087200.3	0.15886501228057204	0
Solyc02g069220.2	0.15886501228057204	0
Solyc01g109770.3	0.15886501228057204	0
Solyc02g091500.1	0.15886501228057204	0
Solyc02g063160.5	0.15886501228057204	0
Solyc01g105420.4	0.15886501228057204	0
Solyc02g069580.3	0.15886501228057204	0
Solyc02g087340.3	0.15886501228057204	0
Solyc02g091890.3	0.15886501228057204	0
Solyc02g092010.4	0.15886501228057204	0
Solyc03g025150.4	0.15886501228057204	0
Solyc02g087780.3	0.15886501228057204	0
Solyc01g106280.3	0.15886501228057204	0
Solyc02g070385.1	0.15886501228057204	0
Solyc02g092480.4	0.15886501228057204	0
Solyc01g111240.4	0.15886501228057204	0
Solyc01g007040.4	0.15886501228057204	0
Solyc01g079250.3	0.15886501228057204	0
Solyc01g096490.3	0.15886501228057204	0
Solyc01g096510.2	0.15886501228057204	0
Solyc02g065700.3	0.15886501228057204	0
Solyc03g005760.1	0.15886501228057204	0
Solyc02g036450.3	0.15886501228057204	0
Solyc01g106910.4	0.15886501228057204	0
Solyc02g088700.4	0.15886501228057204	0
Solyc01g096970.3	0.15886501228057204	0
Solyc01g079760.3	0.15886501228057204	0
Solyc01g111890.3	0.15886501228057204	0
Solyc03g114940.3	0.15886501228057204	0
Solyc02g079850.4	0.15886501228057204	0
Solyc01g111990.3	0.15886501228057204	0
Solyc03g033410.4	0.15886501228057204	0
Solyc01g112120.4	0.15886501228057204	0
Solyc03g119700.3	0.15886501228057204	0
Solyc05g009480.1	0.15886501228057204	0
Solyc03g119750.4	0.15886501228057204	0
Solyc03g111010.5	0.15886501228057204	0
Solyc04g081900.4	0.15886501228057204	0
Solyc03g093450.3	0.15886501228057204	0
Solyc05g015500.4	0.15886501228057204	0
Solyc05g150127.1	0.15886501228057204	0
Solyc03g115665.1	0.15886501228057204	0
Solyc04g082300.2	0.15886501228057204	0
Solyc04g009550.3	0.15886501228057204	0
Solyc03g120420.3	0.15886501228057204	0
Solyc05g010270.1	0.15886501228057204	0
Solyc03g120460.5	0.15886501228057204	0
Solyc03g071550.3	0.15886501228057204	0
Solyc03g043870.3	0.15886501228057204	0
Solyc04g010110.3	0.15886501228057204	0
Solyc04g072035.1	0.15886501228057204	0
Solyc04g082990.3	0.15886501228057204	0
Solyc05g006110.3	0.15886501228057204	0
Solyc04g072140.4	0.15886501228057204	0
Solyc03g120980.4	0.15886501228057204	0
Solyc05g017900.3	0.15886501228057204	0
Solyc05g046020.3	0.15886501228057204	0
Solyc03g121250.3	0.15886501228057204	0
Solyc04g006960.3	0.15886501228057204	0
Solyc04g072770.4	0.15886501228057204	0
Solyc03g121520.3	0.15886501228057204	0
Solyc03g117250.4	0.15886501228057204	0
Solyc03g045090.3	0.15886501228057204	0
Solyc05g012680.3	0.15886501228057204	0
Solyc04g007370.3	0.15886501228057204	0
Solyc04g054900.3	0.15886501228057204	0
Solyc06g009760.1	0.15886501228057204	0
Solyc04g007900.3	0.15886501228057204	0
Solyc03g051970.3	0.15886501228057204	0
Solyc03g097310.3	0.15886501228057204	0
Solyc05g054800.3	0.15886501228057204	0
Solyc06g010260.3	0.15886501228057204	0
Solyc05g013640.1	0.15886501228057204	0
Solyc04g076110.4	0.15886501228057204	0
Solyc04g076230.3	0.15886501228057204	0
Solyc03g114450.3	0.15886501228057204	0
Solyc03g118860.3	0.15886501228057204	0
Solyc06g036060.4	0.15886501228057204	0
Solyc04g064560.5	0.15886501228057204	0
Solyc03g119010.4	0.15886501228057204	0
Solyc03g150155.1	0.15886501228057204	0
Solyc05g008840.2	0.15886501228057204	0
Solyc07g049530.3	0.15886501228057204	0
Solyc07g065700.4	0.15886501228057204	0
Solyc07g039380.3	0.15886501228057204	0
Solyc06g082220.4	0.15886501228057204	0
Solyc07g065880.4	0.15886501228057204	0
Solyc05g009190.4	0.15886501228057204	0
Solyc07g014740.3	0.15886501228057204	0
Solyc05g009220.3	0.15886501228057204	0
Solyc07g065950.4	0.15886501228057204	0
Solyc09g014980.4	0.15886501228057204	0
Solyc08g006370.1	0.15886501228057204	0
Solyc08g079650.3	0.15886501228057204	0
Solyc07g041210.3	0.15886501228057204	0
Solyc06g060490.3	0.15886501228057204	0
Solyc06g060510.3	0.15886501228057204	0
Solyc07g005990.3	0.15886501228057204	0
Solyc08g075380.3	0.15886501228057204	0
Solyc06g082970.3	0.15886501228057204	0
Solyc06g068040.3	0.15886501228057204	0
Solyc07g041780.3	0.15886501228057204	0
Solyc06g083260.3	0.15886501228057204	0
Solyc06g073810.5	0.15886501228057204	0
Solyc07g018240.1	0.15886501228057204	0
Solyc06g074000.1	0.15886501228057204	0
Solyc08g080640.2	0.15886501228057204	0
Solyc08g041820.3	0.15886501228057204	0
Solyc08g076160.3	0.15886501228057204	0
Solyc09g009670.3	0.15886501228057204	0
Solyc08g066770.3	0.15886501228057204	0
Solyc06g084050.4	0.15886501228057204	0
Solyc09g064240.3	0.15886501228057204	0
Solyc06g084460.4	0.15886501228057204	0
Solyc06g084470.5	0.15886501228057204	0
Solyc08g067330.1	0.15886501228057204	0
Solyc06g084590.4	0.15886501228057204	0
Solyc09g031780.3	0.15886501228057204	0
Solyc09g005570.3	0.15886501228057204	0
Solyc08g081550.4	0.15886501228057204	0
Solyc06g052080.4	0.15886501228057204	0
Solyc08g060970.4	0.15886501228057204	0
Solyc06g150131.1	0.15886501228057204	0
Solyc06g064810.3	0.15886501228057204	0
Solyc07g162010.1	0.15886501228057204	0
Solyc07g064040.3	0.15886501228057204	0
Solyc06g053460.3	0.15886501228057204	0
Solyc07g032100.3	0.15886501228057204	0
Solyc07g064520.3	0.15886501228057204	0
Solyc06g071370.1	0.15886501228057204	0
Solyc09g055755.2	0.15886501228057204	0
Solyc06g071490.3	0.15886501228057204	0
Solyc08g077990.3	0.15886501228057204	0
Solyc09g011360.4	0.15886501228057204	0
Solyc07g047970.5	0.15886501228057204	0
Solyc08g062500.3	0.15886501228057204	0
Solyc06g071770.4	0.15886501228057204	0
Solyc09g065920.3	0.15886501228057204	0
Solyc10g083870.2	0.15886501228057204	0
Solyc06g071890.3	0.15886501228057204	0
Solyc07g065010.4	0.15886501228057204	0
Solyc07g065110.2	0.15886501228057204	0
Solyc10g053910.3	0.15886501228057204	0
Solyc08g078510.3	0.15886501228057204	0
Solyc07g055950.3	0.15886501228057204	0
Solyc09g058990.3	0.15886501228057204	0
Solyc09g013100.3	0.15886501228057204	0
Solyc08g078720.3	0.15886501228057204	0
Solyc10g045580.1	0.15886501228057204	0
Solyc11g008150.3	0.15886501228057204	0
Solyc10g085215.1	0.15886501228057204	0
Solyc09g092030.4	0.15886501228057204	0
Solyc10g005370.3	0.15886501228057204	0
Solyc10g047220.2	0.15886501228057204	0
Solyc10g047330.1	0.15886501228057204	0
Solyc11g017250.2	0.15886501228057204	0
Solyc12g099440.3	0.15886501228057204	0
Solyc09g082160.4	0.15886501228057204	0
Solyc11g044340.3	0.15886501228057204	0
Solyc09g092550.4	0.15886501228057204	0
Solyc12g088760.1	0.15886501228057204	0
Solyc09g092760.2	0.15886501228057204	0
Solyc11g005350.2	0.15886501228057204	0
Solyc12g088880.2	0.15886501228057204	0
Solyc12g100040.2	0.15886501228057204	0
Solyc11g005615.1	0.15886501228057204	0
Solyc09g082680.3	0.15886501228057204	0
Solyc12g006370.3	0.15886501228057204	0
Solyc11g020100.4	0.15886501228057204	0
Solyc10g080730.3	0.15886501228057204	0
Solyc12g089340.2	0.15886501228057204	0
Solyc11g067090.2	0.15886501228057204	0
Solyc10g080770.3	0.15886501228057204	0
Solyc12g014250.2	0.15886501228057204	0
Solyc10g006760.3	0.15886501228057204	0
Solyc10g075103.1	0.15886501228057204	0
Solyc10g018520.1	0.15886501228057204	0
Solyc10g075150.2	0.15886501228057204	0
Solyc11g020760.3	0.15886501228057204	0
Solyc10g006970.3	0.15886501228057204	0
Solyc12g016190.2	0.15886501228057204	0
Solyc11g011690.1	0.15886501228057204	0
Solyc12g008640.3	0.15886501228057204	0
Solyc11g011850.2	0.15886501228057204	0
Solyc12g017460.1	0.15886501228057204	0
Solyc11g062220.2	0.15886501228057204	0
Solyc11g007270.3	0.15886501228057204	0
Solyc11g069500.2	0.15886501228057204	0
Solyc11g071240.2	0.15886501228057204	0
Solyc11g012920.3	0.15886501228057204	0
Solyc12g099000.3	0.15886501228057204	0
Solyc09g018670.3	0.15895674577016006	0
Solyc12g056730.1	0.15920773058886195	0
Solyc09g025230.4	0.15947166708901794	0
Solyc12g013895.1	0.15948403933790467	0
Solyc04g008350.1	0.15954541593662397	0
Solyc02g087500.3	0.15968167951402334	0
Solyc08g007920.2	0.15968539271260473	0
Solyc04g005720.3	0.15979701440294503	0
Solyc06g011590.3	0.15980920702601564	0
Solyc07g015877.1	0.15980920702601564	0
Solyc04g072130.2	0.1598249150537855	0
Solyc06g072090.3	0.1605806049379932	0
Solyc06g075270.4	0.16068863223910312	0
Solyc03g160220.1	0.1608615727376641	0
Solyc01g058535.1	0.16101953150841597	0
Solyc09g063060.3	0.16103952216825546	0
Solyc04g014550.3	0.16112045357483973	0
Solyc06g072890.3	0.16114742710999674	0
Solyc07g008440.3	0.16114742710999674	0
Solyc10g077060.3	0.16114742710999674	0
Solyc06g050290.1	0.16117439884482254	0
Solyc05g005300.2	0.16120136877923041	0
Solyc00g160420.1	0.1612283369131332	0
Solyc02g161220.1	0.1612283369131332	0
Solyc04g072760.3	0.1612283369131332	0
Solyc06g073350.4	0.1612283369131332	0
Solyc10g018310.1	0.1612283369131332	0
Solyc10g044986.1	0.1612290744230107	0
Solyc11g040030.3	0.1612290744230107	0
Solyc02g080400.3	0.16125530324644433	0
Solyc00g021640.2	0.16125530324644433	0
Solyc02g062390.3	0.16125530324644433	0
Solyc01g056800.1	0.16125530324644433	0
Solyc02g092890.1	0.16125530324644433	0
Solyc06g007840.3	0.16125530324644433	0
Solyc03g112420.3	0.16125530324644433	0
Solyc03g117930.5	0.16125530324644433	0
Solyc05g008120.4	0.16125530324644433	0
Solyc06g066070.1	0.16125530324644433	0
Solyc06g066080.1	0.16125530324644433	0
Solyc08g079270.3	0.16125530324644433	0
Solyc08g065870.4	0.16125530324644433	0
Solyc09g009910.4	0.16125530324644433	0
Solyc06g075130.4	0.16125530324644433	0
Solyc07g055170.1	0.16125530324644433	0
Solyc10g009490.2	0.16125530324644433	0
Solyc11g065920.2	0.16125530324644433	0
Solyc11g043210.3	0.16125530324644433	0
Solyc12g049330.2	0.16125530324644433	0
Solyc11g006710.2	0.16125530324644433	0
Solyc09g065420.3	0.16144780737918552	0
Solyc03g083275.1	0.16158725117540806	0
Solyc09g037130.2	0.16160065002674062	0
Solyc03g095845.1	0.16166213249104744	0
Solyc01g102320.2	0.16181429542109682	0
Solyc02g062410.2	0.1618206416056177	0
Solyc11g063610.3	0.16194906012286858	0
Solyc05g015555.1	0.1619827442409998	0
Solyc04g011790.1	0.1619827442409998	0
Solyc05g160080.1	0.16282692845539848	0
Solyc12g042960.3	0.1630207321636089	0
Solyc03g044230.1	0.16376285344806596	0
Solyc11g065720.2	0.16381984556087215	0
Solyc09g090590.4	0.16407620883901608	0
Solyc06g034250.1	0.1641516973022228	0
Solyc09g091887.2	0.16418298537867038	0
Solyc10g006080.3	0.16423677197542264	0
Solyc06g075430.3	0.1643471365365644	0
Solyc04g162430.1	0.16440230727777916	0
Solyc06g051575.1	0.16503210308703165	0
Solyc01g081530.3	0.1653940644750761	0
Solyc03g083620.1	0.1660263806650084	0
Solyc10g084900.1	0.166121145544196	0
Solyc03g112170.1	0.1661362446496042	0
Solyc01g009470.2	0.16616370582732032	0
Solyc04g007570.2	0.16619748168690796	0
Solyc06g160920.1	0.16706884303782932	0
Solyc01g105190.5	0.1671510240863886	0
Solyc02g072427.1	0.16739746303772907	0
Solyc12g010290.1	0.1674248354947354	0
Solyc01g011430.4	0.16745220602182287	0
Solyc01g099940.3	0.16745220602182287	0
Solyc06g060700.1	0.16745220602182287	0
Solyc08g014380.3	0.16747957461894292	0
Solyc06g074990.3	0.16750694128604748	0
Solyc01g044370.3	0.1675343060230884	0
Solyc01g091300.3	0.16756166883001833	0
Solyc03g026000.5	0.16758902970678902	0
Solyc12g006360.3	0.16758902970678902	0
Solyc02g037555.1	0.16767110075567515	0
Solyc02g080170.1	0.16767110075567515	0
Solyc04g025430.1	0.16767110075567515	0
Solyc03g097650.3	0.16767110075567515	0
Solyc06g005680.4	0.16767110075567515	0
Solyc04g016335.1	0.16767110075567515	0
Solyc04g081130.1	0.16767110075567515	0
Solyc07g043660.3	0.16767110075567515	0
Solyc11g005390.3	0.16767110075567515	0
Solyc10g006690.4	0.16767110075567515	0
Solyc10g077105.1	0.16767110075567515	0
Solyc12g009040.3	0.16767110075567515	0
Solyc02g093525.1	0.16769845391133809	0
Solyc01g090720.3	0.16769845391133809	0
Solyc01g065570.2	0.16769845391133809	0
Solyc01g150151.1	0.16769845391133809	0
Solyc02g085520.4	0.16769845391133809	0
Solyc03g007100.3	0.16769845391133809	0
Solyc01g086690.2	0.16769845391133809	0
Solyc02g087010.2	0.16769845391133809	0
Solyc01g106870.4	0.16769845391133809	0
Solyc02g084031.1	0.16769845391133809	0
Solyc02g071240.3	0.16769845391133809	0
Solyc03g034300.1	0.16769845391133809	0
Solyc04g071590.3	0.16769845391133809	0
Solyc03g120760.4	0.16769845391133809	0
Solyc03g117820.1	0.16769845391133809	0
Solyc03g113890.1	0.16769845391133809	0
Solyc05g050680.4	0.16769845391133809	0
Solyc04g080980.2	0.16769845391133809	0
Solyc06g072340.3	0.16769845391133809	0
Solyc06g073000.4	0.16769845391133809	0
Solyc08g065260.4	0.16769845391133809	0
Solyc07g052290.1	0.16769845391133809	0
Solyc06g050140.1	0.16769845391133809	0
Solyc08g080270.3	0.16769845391133809	0
Solyc09g009790.4	0.16769845391133809	0
Solyc06g051900.3	0.16769845391133809	0
Solyc12g043100.2	0.16769845391133809	0
Solyc11g011090.1	0.16769845391133809	0
Solyc12g008540.2	0.16769845391133809	0
Solyc10g007680.5	0.16769845391133809	0
Solyc12g042520.3	0.16769845391133809	0
Solyc02g005340.5	0.16773251577463077	0
Solyc06g062740.2	0.16785328563861246	0
Solyc12g043170.1	0.16789440727973703	0
Solyc04g049100.1	0.16789936442700504	0
Solyc10g012245.1	0.16834694850814558	0
Solyc07g040900.3	0.1686212486036217	0
Solyc07g019497.2	0.1686212486036217	0
Solyc01g102895.1	0.1686970382633054	0
Solyc01g017050.1	0.1686970382633054	0
Solyc02g089670.4	0.1686970382633054	0
Solyc03g090990.1	0.1686970382633054	0
Solyc04g054527.1	0.1686970382633054	0
Solyc05g018310.1	0.1686970382633054	0
Solyc04g049170.3	0.1686970382633054	0
Solyc09g161260.1	0.1686970382633054	0
Solyc11g066640.1	0.1686970382633054	0
Solyc12g038220.3	0.1686970382633054	0
Solyc08g066920.2	0.16899365235457653	0
Solyc09g015320.3	0.16968017567601945	0
Solyc07g047920.3	0.17025620388354956	0
Solyc03g097730.2	0.1703081682216171	0
Solyc04g076150.3	0.1703081682216171	0
Solyc08g074917.1	0.1703081682216171	0
Solyc10g079040.3	0.1703081682216171	0
Solyc03g114870.1	0.17036012548475532	0
Solyc02g079840.2	0.17036012548475532	0
Solyc06g060630.1	0.17041207567276073	0
Solyc07g006290.3	0.17041207567276073	0
Solyc06g060980.3	0.17041207567276073	0
Solyc07g150137.1	0.17041207567276073	0
Solyc09g009450.2	0.17041207567276073	0
Solyc09g005210.5	0.17041207567276073	0
Solyc07g161860.1	0.17041207567276073	0
Solyc08g014490.1	0.17041207567276073	0
Solyc12g056570.1	0.17041207567276073	0
Solyc01g160050.1	0.17046401878543116	0
Solyc01g058705.1	0.17046401878543116	0
Solyc03g063510.1	0.17046401878543116	0
Solyc03g051700.3	0.17046401878543116	0
Solyc05g024250.2	0.17046401878543116	0
Solyc04g162440.1	0.17046401878543116	0
Solyc05g025955.1	0.17046401878543116	0
Solyc06g160980.1	0.17046401878543116	0
Solyc05g008570.3	0.17046401878543116	0
Solyc06g161170.1	0.17046401878543116	0
Solyc06g068110.3	0.17046401878543116	0
Solyc08g013805.2	0.17046401878543116	0
Solyc10g162760.1	0.17046401878543116	0
Solyc10g080170.1	0.17046401878543116	0
Solyc12g013720.1	0.17046401878543116	0
Solyc10g049217.1	0.17046401878543116	0
Solyc09g089800.2	0.17046401878543116	0
Solyc08g079920.2	0.17050703645243082	0
Solyc02g089590.3	0.17051595482256754	0
Solyc02g081740.2	0.17051595482256754	0
Solyc02g077790.1	0.17051595482256754	0
Solyc02g069990.1	0.17051595482256754	0
Solyc01g079115.1	0.17051595482256754	0
Solyc01g090360.3	0.17051595482256754	0
Solyc05g052060.2	0.17051595482256754	0
Solyc04g051183.1	0.17051595482256754	0
Solyc04g025933.1	0.17051595482256754	0
Solyc04g026000.2	0.17051595482256754	0
Solyc04g150131.1	0.17051595482256754	0
Solyc05g006813.1	0.17051595482256754	0
Solyc05g161980.1	0.17051595482256754	0
Solyc06g009490.3	0.17051595482256754	0
Solyc06g034237.2	0.17051595482256754	0
Solyc07g052260.3	0.17051595482256754	0
Solyc08g028850.1	0.17051595482256754	0
Solyc06g084110.1	0.17051595482256754	0
Solyc08g076940.1	0.17051595482256754	0
Solyc07g009070.5	0.17051595482256754	0
Solyc09g011665.1	0.17051595482256754	0
Solyc10g083880.2	0.17051595482256754	0
Solyc08g150100.1	0.17051595482256754	0
Solyc11g072350.1	0.17051595482256754	0
Solyc11g044875.1	0.17051595482256754	0
Solyc10g150151.1	0.17051595482256754	0
Solyc11g028090.3	0.17051595482256754	0
Solyc12g162240.1	0.17051595482256754	0
Solyc11g162070.1	0.17051595482256754	0
Solyc01g088830.2	0.17066115950670435	0
Solyc01g104595.1	0.17082266354347897	0
Solyc07g064860.2	0.17096320417857347	0
Solyc01g150167.1	0.17100001075740134	0
Solyc02g086400.3	0.1711539342840087	0
Solyc08g080670.1	0.17138688695186044	0
Solyc04g011340.4	0.17148221558152377	0
Solyc10g050080.3	0.1719019440001638	0
Solyc01g098890.1	0.17202475462297562	0
Solyc01g097240.3	0.17212618185103953	0
Solyc02g089110.3	0.17212618185103953	0
Solyc02g089130.4	0.17212618185103953	0
Solyc02g071620.3	0.17212618185103953	0
Solyc01g112350.3	0.17212618185103953	0
Solyc01g080290.3	0.17212618185103953	0
Solyc02g067280.1	0.17212618185103953	0
Solyc02g093820.5	0.17212618185103953	0
Solyc01g008910.2	0.17212618185103953	0
Solyc01g008970.4	0.17212618185103953	0
Solyc02g085165.1	0.17212618185103953	0
Solyc01g103440.3	0.17212618185103953	0
Solyc02g093970.4	0.17212618185103953	0
Solyc01g091210.3	0.17212618185103953	0
Solyc01g108180.4	0.17212618185103953	0
Solyc02g094050.5	0.17212618185103953	0
Solyc02g067620.3	0.17212618185103953	0
Solyc02g080810.3	0.17212618185103953	0
Solyc01g009300.3	0.17212618185103953	0
Solyc01g080890.2	0.17212618185103953	0
Solyc02g094330.3	0.17212618185103953	0
Solyc02g076640.1	0.17212618185103953	0
Solyc02g014860.3	0.17212618185103953	0
Solyc02g094610.1	0.17212618185103953	0
Solyc01g104100.3	0.17212618185103953	0
Solyc02g020940.3	0.17212618185103953	0
Solyc01g098420.3	0.17212618185103953	0
Solyc02g081330.4	0.17212618185103953	0
Solyc02g085920.3	0.17212618185103953	0
Solyc02g068280.4	0.17212618185103953	0
Solyc02g062010.1	0.17212618185103953	0
Solyc01g094060.4	0.17212618185103953	0
Solyc03g007500.4	0.17212618185103953	0
Solyc01g104510.3	0.17212618185103953	0
Solyc02g068640.3	0.17212618185103953	0
Solyc01g104780.3	0.17212618185103953	0
Solyc02g160210.1	0.17212618185103953	0
Solyc02g023980.4	0.17212618185103953	0
Solyc01g099270.2	0.17212618185103953	0
Solyc02g077560.3	0.17212618185103953	0
Solyc01g109550.2	0.17212618185103953	0
Solyc01g094680.5	0.17212618185103953	0
Solyc01g010940.3	0.17212618185103953	0
Solyc02g077700.1	0.17212618185103953	0
Solyc02g086820.3	0.17212618185103953	0
Solyc01g109870.3	0.17212618185103953	0
Solyc02g091690.3	0.17212618185103953	0
Solyc02g087240.4	0.17212618185103953	0
Solyc01g100130.3	0.17212618185103953	0
Solyc01g100220.3	0.17212618185103953	0
Solyc01g105890.3	0.17212618185103953	0
Solyc02g092080.2	0.17212618185103953	0
Solyc01g100370.3	0.17212618185103953	0
Solyc02g092330.3	0.17212618185103953	0
Solyc02g083390.4	0.17212618185103953	0
Solyc01g096190.3	0.17212618185103953	0
Solyc03g005260.3	0.17212618185103953	0
Solyc03g025730.3	0.17212618185103953	0
Solyc02g079130.3	0.17212618185103953	0
Solyc02g070950.1	0.17212618185103953	0
Solyc03g005830.4	0.17212618185103953	0
Solyc03g098270.1	0.17212618185103953	0
Solyc02g079640.3	0.17212618185103953	0
Solyc01g090240.3	0.17212618185103953	0
Solyc02g079880.3	0.17212618185103953	0
Solyc01g008170.3	0.17212618185103953	0
Solyc03g033320.4	0.17212618185103953	0
Solyc01g112070.5	0.17212618185103953	0
Solyc04g009010.2	0.17212618185103953	0
Solyc05g009530.3	0.17212618185103953	0
Solyc03g033630.3	0.17212618185103953	0
Solyc04g077500.4	0.17212618185103953	0
Solyc04g082050.3	0.17212618185103953	0
Solyc03g120050.3	0.17212618185103953	0
Solyc03g115590.4	0.17212618185103953	0
Solyc05g052190.4	0.17212618185103953	0
Solyc03g093520.3	0.17212618185103953	0
Solyc05g052260.3	0.17212618185103953	0
Solyc04g077790.3	0.17212618185103953	0
Solyc03g034190.3	0.17212618185103953	0
Solyc04g024420.3	0.17212618185103953	0
Solyc04g077930.4	0.17212618185103953	0
Solyc03g115815.1	0.17212618185103953	0
Solyc05g052550.1	0.17212618185103953	0
Solyc04g078195.1	0.17212618185103953	0
Solyc05g010425.1	0.17212618185103953	0
Solyc05g016230.3	0.17212618185103953	0
Solyc04g078310.3	0.17212618185103953	0
Solyc05g005890.3	0.17212618185103953	0
Solyc04g010090.3	0.17212618185103953	0
Solyc03g116480.1	0.17212618185103953	0
Solyc04g053080.5	0.17212618185103953	0
Solyc03g112160.3	0.17212618185103953	0
Solyc05g006070.4	0.17212618185103953	0
Solyc04g072230.4	0.17212618185103953	0
Solyc04g011460.3	0.17212618185103953	0
Solyc04g079040.4	0.17212618185103953	0
Solyc06g008850.3	0.17212618185103953	0
Solyc03g117070.1	0.17212618185103953	0
Solyc04g079320.5	0.17212618185103953	0
Solyc03g096290.3	0.17212618185103953	0
Solyc05g053830.3	0.17212618185103953	0
Solyc04g073990.3	0.17212618185103953	0
Solyc05g053930.4	0.17212618185103953	0
Solyc03g113330.3	0.17212618185103953	0
Solyc05g007090.4	0.17212618185103953	0
Solyc04g074180.4	0.17212618185103953	0
Solyc05g012955.1	0.17212618185103953	0
Solyc05g054315.1	0.17212618185103953	0
Solyc04g056290.3	0.17212618185103953	0
Solyc03g113500.5	0.17212618185103953	0
Solyc03g113750.3	0.17212618185103953	0
Solyc03g097250.4	0.17212618185103953	0
Solyc05g050500.1	0.17212618185103953	0
Solyc04g015080.5	0.17212618185103953	0
Solyc05g013570.3	0.17212618185103953	0
Solyc03g097490.4	0.17212618185103953	0
Solyc03g118350.4	0.17212618185103953	0
Solyc03g097780.3	0.17212618185103953	0
Solyc03g118370.3	0.17212618185103953	0
Solyc03g097920.1	0.17212618185103953	0
Solyc05g051060.3	0.17212618185103953	0
Solyc04g015740.3	0.17212618185103953	0
Solyc04g015760.4	0.17212618185103953	0
Solyc06g005840.4	0.17212618185103953	0
Solyc05g055420.4	0.17212618185103953	0
Solyc05g055425.1	0.17212618185103953	0
Solyc05g014190.4	0.17212618185103953	0
Solyc06g006100.3	0.17212618185103953	0
Solyc04g080920.3	0.17212618185103953	0
Solyc04g064500.5	0.17212618185103953	0
Solyc06g054270.3	0.17212618185103953	0
Solyc03g119080.4	0.17212618185103953	0
Solyc05g008860.4	0.17212618185103953	0
Solyc04g077020.3	0.17212618185103953	0
Solyc05g014720.5	0.17212618185103953	0
Solyc04g081370.2	0.17212618185103953	0
Solyc07g065800.3	0.17212618185103953	0
Solyc05g056240.3	0.17212618185103953	0
Solyc06g034290.3	0.17212618185103953	0
Solyc07g005710.3	0.17212618185103953	0
Solyc08g063050.3	0.17212618185103953	0
Solyc05g009380.4	0.17212618185103953	0
Solyc07g041150.4	0.17212618185103953	0
Solyc07g061805.1	0.17212618185103953	0
Solyc08g079710.3	0.17212618185103953	0
Solyc08g006560.3	0.17212618185103953	0
Solyc06g073540.4	0.17212618185103953	0
Solyc06g073550.3	0.17212618185103953	0
Solyc07g062400.3	0.17212618185103953	0
Solyc06g061180.2	0.17212618185103953	0
Solyc06g073980.4	0.17212618185103953	0
Solyc09g060100.3	0.17212618185103953	0
Solyc06g074140.1	0.17212618185103953	0
Solyc06g062375.2	0.17212618185103953	0
Solyc06g062560.2	0.17212618185103953	0
Solyc08g042080.3	0.17212618185103953	0
Solyc06g083860.2	0.17212618185103953	0
Solyc06g063040.1	0.17212618185103953	0
Solyc09g009850.4	0.17212618185103953	0
Solyc07g053810.3	0.17212618185103953	0
Solyc09g005310.3	0.17212618185103953	0
Solyc08g076730.5	0.17212618185103953	0
Solyc06g084390.3	0.17212618185103953	0
Solyc09g031580.3	0.17212618185103953	0
Solyc08g081380.3	0.17212618185103953	0
Solyc07g053970.3	0.17212618185103953	0
Solyc06g051720.3	0.17212618185103953	0
Solyc06g063350.1	0.17212618185103953	0
Solyc08g081570.3	0.17212618185103953	0
Solyc06g051950.4	0.17212618185103953	0
Solyc09g010370.3	0.17212618185103953	0
Solyc07g025210.3	0.17212618185103953	0
Solyc08g067810.3	0.17212618185103953	0
Solyc09g042670.4	0.17212618185103953	0
Solyc06g075640.2	0.17212618185103953	0
Solyc07g025530.1	0.17212618185103953	0
Solyc08g082100.3	0.17212618185103953	0
Solyc09g010860.5	0.17212618185103953	0
Solyc09g007150.3	0.17212618185103953	0
Solyc08g068100.3	0.17212618185103953	0
Solyc09g007170.4	0.17212618185103953	0
Solyc08g082340.3	0.17212618185103953	0
Solyc09g065280.4	0.17212618185103953	0
Solyc07g045540.4	0.17212618185103953	0
Solyc09g055350.3	0.17212618185103953	0
Solyc08g005450.3	0.17212618185103953	0
Solyc09g065485.1	0.17212618185103953	0
Solyc06g071470.4	0.17212618185103953	0
Solyc09g090520.3	0.17212618185103953	0
Solyc06g071720.1	0.17212618185103953	0
Solyc09g007890.1	0.17212618185103953	0
Solyc10g078450.2	0.17212618185103953	0
Solyc08g069120.4	0.17212618185103953	0
Solyc10g078660.2	0.17212618185103953	0
Solyc10g084180.2	0.17212618185103953	0
Solyc10g008710.3	0.17212618185103953	0
Solyc09g074710.2	0.17212618185103953	0
Solyc11g007580.3	0.17212618185103953	0
Solyc10g084280.2	0.17212618185103953	0
Solyc08g078740.1	0.17212618185103953	0
Solyc10g045320.2	0.17212618185103953	0
Solyc11g007850.2	0.17212618185103953	0
Solyc12g021190.2	0.17212618185103953	0
Solyc11g065810.1	0.17212618185103953	0
Solyc11g072300.2	0.17212618185103953	0
Solyc10g047060.2	0.17212618185103953	0
Solyc10g005330.3	0.17212618185103953	0
Solyc09g075860.3	0.17212618185103953	0
Solyc10g085450.3	0.17212618185103953	0
Solyc09g076000.3	0.17212618185103953	0
Solyc11g005060.2	0.17212618185103953	0
Solyc11g005170.2	0.17212618185103953	0
Solyc11g073130.2	0.17212618185103953	0
Solyc10g006290.3	0.17212618185103953	0
Solyc10g086120.2	0.17212618185103953	0
Solyc11g066850.3	0.17212618185103953	0
Solyc10g080630.2	0.17212618185103953	0
Solyc11g073270.1	0.17212618185103953	0
Solyc12g006480.2	0.17212618185103953	0
Solyc11g020300.2	0.17212618185103953	0
Solyc12g150114.1	0.17212618185103953	0
Solyc10g018160.2	0.17212618185103953	0
Solyc10g074860.2	0.17212618185103953	0
Solyc12g014210.4	0.17212618185103953	0
Solyc10g086560.3	0.17212618185103953	0
Solyc11g010680.4	0.17212618185103953	0
Solyc11g045390.3	0.17212618185103953	0
Solyc10g075050.2	0.17212618185103953	0
Solyc11g006180.2	0.17212618185103953	0
Solyc12g055920.4	0.17212618185103953	0
Solyc11g010980.2	0.17212618185103953	0
Solyc12g094620.3	0.17212618185103953	0
Solyc09g083280.3	0.17212618185103953	0
Solyc10g081230.3	0.17212618185103953	0
Solyc10g081240.3	0.17212618185103953	0
Solyc12g038370.2	0.17212618185103953	0
Solyc12g095830.3	0.17212618185103953	0
Solyc11g068765.2	0.17212618185103953	0
Solyc10g081850.3	0.17212618185103953	0
Solyc11g006870.1	0.17212618185103953	0
Solyc10g081880.3	0.17212618185103953	0
Solyc10g076910.2	0.17212618185103953	0
Solyc12g008650.2	0.17212618185103953	0
Solyc11g069097.2	0.17212618185103953	0
Solyc10g082068.1	0.17212618185103953	0
Solyc12g096460.3	0.17212618185103953	0
Solyc09g090400.4	0.17212618185103953	0
Solyc10g083270.3	0.17212618185103953	0
Solyc10g083470.2	0.17212618185103953	0
Solyc12g096990.2	0.17212618185103953	0
Solyc12g097000.2	0.17212618185103953	0
Solyc12g009470.2	0.17212618185103953	0
Solyc11g012770.2	0.17212618185103953	0
Solyc11g012980.1	0.17212618185103953	0
Solyc02g065710.3	0.1726936754500683	0
Solyc03g150157.1	0.17306866856269387	0
Solyc09g092700.3	0.1733336112594187	0
Solyc06g052000.1	0.17341008326754936	0
Solyc09g010050.1	0.17344479320137196	0
Solyc01g094110.3	0.17369483204979141	0
Solyc09g011610.4	0.17377814124822555	0
Solyc06g076910.3	0.1739169487063552	0
Solyc01g110050.1	0.173944704017014	0
Solyc02g068630.1	0.17419440909667694	0
Solyc02g082070.5	0.17419440909667694	0
Solyc01g099580.3	0.1742221438035897	0
Solyc00g500098.1	0.1742498764500907	0
Solyc02g076850.2	0.17427760703617368	0
Solyc06g062590.5	0.17427760703617368	0
Solyc11g005280.1	0.17427760703617368	0
Solyc01g065560.4	0.17430533556183236	0
Solyc02g080950.3	0.17430533556183236	0
Solyc01g020357.1	0.17430533556183236	0
Solyc01g099220.3	0.17430533556183236	0
Solyc02g070845.2	0.17430533556183236	0
Solyc04g077720.1	0.17430533556183236	0
Solyc03g111990.5	0.17430533556183236	0
Solyc10g005600.5	0.17430533556183236	0
Solyc02g067270.3	0.17433306202706134	0
Solyc03g007320.4	0.17433306202706134	0
Solyc02g078270.3	0.17433306202706134	0
Solyc01g111130.4	0.17433306202706134	0
Solyc02g005280.1	0.17433306202706134	0
Solyc04g024940.3	0.17433306202706134	0
Solyc05g052590.1	0.17433306202706134	0
Solyc03g079950.4	0.17433306202706134	0
Solyc04g007510.4	0.17433306202706134	0
Solyc03g097210.3	0.17433306202706134	0
Solyc08g006420.3	0.17433306202706134	0
Solyc09g010680.3	0.17433306202706134	0
Solyc06g053750.3	0.17433306202706134	0
Solyc08g078290.1	0.17433306202706134	0
Solyc11g065200.1	0.17433306202706134	0
Solyc12g007140.3	0.17433306202706134	0
Solyc10g007900.4	0.17433306202706134	0
Solyc05g051350.2	0.17452446816939826	0
Solyc03g025650.2	0.17483423507540719	0
Solyc08g083340.1	0.17490157591424493	0
Solyc12g008740.1	0.17490157591424493	0
Solyc06g050293.2	0.17495222959602785	0
Solyc04g079020.4	0.17495870944013314	0
Solyc09g089585.2	0.17500086050883767	0
Solyc02g088680.1	0.17501121281915977	0
Solyc09g066410.3	0.17510359207413062	0
Solyc02g068797.1	0.17516450005334994	0
Solyc02g005140.3	0.17522874793249965	0
Solyc05g051540.3	0.1752558432964324	0
Solyc08g078770.1	0.17569458731413146	0
Solyc02g030360.3	0.17601950014083434	0
Solyc04g007090.1	0.17613158428480502	0
Solyc12g010160.1	0.17613158428480502	0
Solyc11g010280.1	0.17613424104610342	0
Solyc12g005500.4	0.17618495708236848	0
Solyc06g068730.1	0.17621342619150537	0
Solyc07g009240.3	0.17633310107637967	0
Solyc12g038640.1	0.1764979965930571	0
Solyc10g080030.2	0.1765122587504795	0
Solyc09g005400.3	0.17661648970196764	0
Solyc01g098050.1	0.17668596063014153	0
Solyc03g059205.1	0.17668596063014153	0
Solyc08g080020.1	0.17668596063014153	0
Solyc04g054256.1	0.17721632845750634	0
Solyc04g007290.4	0.17724564110576957	0
Solyc06g007860.1	0.17765577259011223	0
Solyc09g075880.3	0.1778041943390235	0
Solyc12g011230.1	0.1782484472814927	0
Solyc06g066120.3	0.1786315368998116	0
Solyc03g113160.1	0.17886100336106814	0
Solyc09g098602.1	0.1789456944048905	0
Solyc02g085330.1	0.1796137915557049	0
Solyc03g160730.1	0.17980494982963535	0
Solyc03g062820.1	0.17980720840626818	0
Solyc05g043420.2	0.17980720840626818	0
Solyc05g010514.1	0.1798159966674837	0
Solyc05g055320.3	0.1798159966674837	0
Solyc05g031600.3	0.17996149607260514	0
Solyc07g054445.1	0.18007108838174257	0
Solyc02g087373.1	0.18013759247155414	0
Solyc08g044243.1	0.18013759247155414	0
Solyc12g044695.1	0.18013759247155414	0
Solyc12g017620.1	0.18013759247155414	0
Solyc01g066200.1	0.1802056087045879	0
Solyc10g084190.1	0.18062774347223642	0
Solyc06g084600.1	0.1807202456541488	0
Solyc10g160510.1	0.18076834549670506	0
Solyc04g015980.4	0.1808526804189451	0
Solyc02g150100.1	0.18090889274583277	0
Solyc04g015820.1	0.18090889274583277	0
Solyc10g082040.2	0.18090889274583277	0
Solyc02g087660.4	0.1810212911098238	0
Solyc08g068120.4	0.1810212911098238	0
Solyc02g161340.1	0.1810774771474981	0
Solyc02g079820.4	0.1810774771474981	0
Solyc04g082355.1	0.1810774771474981	0
Solyc05g011820.3	0.1810774771474981	0
Solyc04g058100.3	0.1810774771474981	0
Solyc06g005700.1	0.1810774771474981	0
Solyc09g005900.2	0.1810774771474981	0
Solyc08g069095.1	0.1810774771474981	0
Solyc01g009190.3	0.18110556688038137	0
Solyc06g068590.4	0.18110556688038137	0
Solyc09g005140.2	0.18110556688038137	0
Solyc10g047030.3	0.18110556688038137	0
Solyc11g011660.1	0.18110556688038137	0
Solyc02g090730.3	0.18113365442267693	0
Solyc01g099000.1	0.18113365442267693	0
Solyc04g078660.3	0.18113365442267693	0
Solyc10g044880.1	0.18113365442267693	0
Solyc12g005220.2	0.18113365442267693	0
Solyc10g005010.5	0.18113365442267693	0
Solyc11g071250.3	0.18113365442267693	0
Solyc02g076870.4	0.18116173977442152	0
Solyc01g098650.2	0.18116173977442152	0
Solyc01g067600.3	0.18116173977442152	0
Solyc02g082230.4	0.18116173977442152	0
Solyc02g063250.3	0.18116173977442152	0
Solyc01g095730.4	0.18116173977442152	0
Solyc02g078960.4	0.18116173977442152	0
Solyc03g006100.4	0.18116173977442152	0
Solyc04g017650.5	0.18116173977442152	0
Solyc03g063160.1	0.18116173977442152	0
Solyc04g082000.4	0.18116173977442152	0
Solyc03g093440.4	0.18116173977442152	0
Solyc05g009870.4	0.18116173977442152	0
Solyc05g016310.1	0.18116173977442152	0
Solyc05g018150.3	0.18116173977442152	0
Solyc04g007150.3	0.18116173977442152	0
Solyc04g040000.2	0.18116173977442152	0
Solyc05g009020.4	0.18116173977442152	0
Solyc07g040730.1	0.18116173977442152	0
Solyc08g006270.1	0.18116173977442152	0
Solyc07g066530.4	0.18116173977442152	0
Solyc08g028780.1	0.18116173977442152	0
Solyc06g083270.3	0.18116173977442152	0
Solyc06g083505.2	0.18116173977442152	0
Solyc08g042025.1	0.18116173977442152	0
Solyc07g043240.5	0.18116173977442152	0
Solyc06g069360.3	0.18116173977442152	0
Solyc08g067310.1	0.18116173977442152	0
Solyc08g081765.1	0.18116173977442152	0
Solyc07g063750.3	0.18116173977442152	0
Solyc08g082310.3	0.18116173977442152	0
Solyc09g011070.1	0.18116173977442152	0
Solyc06g071630.2	0.18116173977442152	0
Solyc08g062420.3	0.18116173977442152	0
Solyc09g056380.1	0.18116173977442152	0
Solyc08g083280.3	0.18116173977442152	0
Solyc09g072820.5	0.18116173977442152	0
Solyc11g013820.2	0.18116173977442152	0
Solyc12g100200.2	0.18116173977442152	0
Solyc11g068920.1	0.18116173977442152	0
Solyc10g076760.3	0.18116173977442152	0
Solyc10g051130.3	0.18116173977442152	0
Solyc11g012030.2	0.1815940499648373	0
Solyc12g016070.1	0.1819828001414462	0
Solyc10g086290.3	0.1820126865632754	0
Solyc06g054520.2	0.18249259775212734	0
Solyc01g108680.5	0.182558616526465	0
Solyc08g074700.1	0.1825795335133078	0
Solyc07g041260.3	0.1825795335133078	0
Solyc01g005880.1	0.18334951453108972	0
Solyc11g006260.2	0.1834935899155986	0
Solyc02g021090.3	0.1836010342315364	0
Solyc05g150118.1	0.18383947852531135	0
Solyc12g009565.1	0.18436521288143515	0
Solyc12g100230.1	0.18443588975463376	0
Solyc10g008840.3	0.1844783513947238	0
Solyc02g032030.1	0.18452080794683745	0
Solyc12g035245.1	0.18452080794683745	0
Solyc03g019820.3	0.1845579366917557	0
Solyc06g074230.3	0.1846922710425426	0
Solyc01g073810.2	0.18514918131059876	0
Solyc01g007940.4	0.18564773038256754	0
Solyc11g068410.1	0.18579087407160833	0
Solyc05g018060.1	0.18581949582949198	0
Solyc07g062980.2	0.18616361500611975	0
Solyc02g080110.3	0.18616361500611975	0
Solyc02g093730.5	0.18616361500611975	0
Solyc02g038817.1	0.18616361500611975	0
Solyc01g103390.3	0.18616361500611975	0
Solyc02g093940.3	0.18616361500611975	0
Solyc02g014450.3	0.18616361500611975	0
Solyc02g094510.4	0.18616361500611975	0
Solyc02g090220.3	0.18616361500611975	0
Solyc01g098340.3	0.18616361500611975	0
Solyc01g108650.3	0.18616361500611975	0
Solyc01g098350.3	0.18616361500611975	0
Solyc01g028860.3	0.18616361500611975	0
Solyc01g081570.3	0.18616361500611975	0
Solyc01g109010.3	0.18616361500611975	0
Solyc02g081810.5	0.18616361500611975	0
Solyc02g068780.4	0.18616361500611975	0
Solyc02g081960.3	0.18616361500611975	0
Solyc02g090920.2	0.18616361500611975	0
Solyc02g086470.3	0.18616361500611975	0
Solyc01g067640.3	0.18616361500611975	0
Solyc01g109470.3	0.18616361500611975	0
Solyc02g030130.4	0.18616361500611975	0
Solyc02g091220.1	0.18616361500611975	0
Solyc02g063020.4	0.18616361500611975	0
Solyc01g068050.3	0.18616361500611975	0
Solyc02g063150.3	0.18616361500611975	0
Solyc01g109880.3	0.18616361500611975	0
Solyc01g099840.3	0.18616361500611975	0
Solyc01g056850.3	0.18616361500611975	0
Solyc02g063290.3	0.18616361500611975	0
Solyc02g091780.1	0.18616361500611975	0
Solyc02g082850.3	0.18616361500611975	0
Solyc01g095770.3	0.18616361500611975	0
Solyc01g106020.3	0.18616361500611975	0
Solyc01g073820.5	0.18616361500611975	0
Solyc03g025530.3	0.18616361500611975	0
Solyc02g070630.3	0.18616361500611975	0
Solyc01g096390.4	0.18616361500611975	0
Solyc01g079180.4	0.18616361500611975	0
Solyc02g070760.4	0.18616361500611975	0
Solyc02g070780.5	0.18616361500611975	0
Solyc02g088160.4	0.18616361500611975	0
Solyc01g111550.3	0.18616361500611975	0
Solyc03g026080.3	0.18616361500611975	0
Solyc02g088480.3	0.18616361500611975	0
Solyc03g026200.4	0.18616361500611975	0
Solyc02g071150.3	0.18616361500611975	0
Solyc04g008840.3	0.18616361500611975	0
Solyc03g062930.3	0.18616361500611975	0
Solyc03g033420.4	0.18616361500611975	0
Solyc03g093110.3	0.18616361500611975	0
Solyc04g009200.3	0.18616361500611975	0
Solyc05g009660.4	0.18616361500611975	0
Solyc04g082130.5	0.18616361500611975	0
Solyc03g034010.3	0.18616361500611975	0
Solyc05g150123.1	0.18616361500611975	0
Solyc03g093490.3	0.18616361500611975	0
Solyc06g007770.3	0.18616361500611975	0
Solyc03g111670.3	0.18616361500611975	0
Solyc03g115920.3	0.18616361500611975	0
Solyc05g052600.4	0.18616361500611975	0
Solyc05g052780.4	0.18616361500611975	0
Solyc05g010610.3	0.18616361500611975	0
Solyc03g120750.3	0.18616361500611975	0
Solyc04g053010.1	0.18616361500611975	0
Solyc03g077920.1	0.18616361500611975	0
Solyc03g095360.3	0.18616361500611975	0
Solyc04g072110.4	0.18616361500611975	0
Solyc03g095760.3	0.18616361500611975	0
Solyc03g112340.1	0.18616361500611975	0
Solyc06g008590.3	0.18616361500611975	0
Solyc04g054370.1	0.18616361500611975	0
Solyc04g005800.3	0.18616361500611975	0
Solyc03g044660.3	0.18616361500611975	0
Solyc04g079000.4	0.18616361500611975	0
Solyc04g011670.3	0.18616361500611975	0
Solyc06g008870.2	0.18616361500611975	0
Solyc03g121340.1	0.18616361500611975	0
Solyc04g072630.4	0.18616361500611975	0
Solyc04g054700.3	0.18616361500611975	0
Solyc04g072700.4	0.18616361500611975	0
Solyc05g006710.3	0.18616361500611975	0
Solyc05g018520.3	0.18616361500611975	0
Solyc03g113020.3	0.18616361500611975	0
Solyc04g079450.4	0.18616361500611975	0
Solyc05g007020.4	0.18616361500611975	0
Solyc03g096780.1	0.18616361500611975	0
Solyc05g054100.3	0.18616361500611975	0
Solyc03g117580.3	0.18616361500611975	0
Solyc04g079770.3	0.18616361500611975	0
Solyc03g113430.3	0.18616361500611975	0
Solyc04g079960.1	0.18616361500611975	0
Solyc03g082600.4	0.18616361500611975	0
Solyc05g013460.4	0.18616361500611975	0
Solyc05g054770.3	0.18616361500611975	0
Solyc03g082850.3	0.18616361500611975	0
Solyc03g113870.1	0.18616361500611975	0
Solyc04g015200.3	0.18616361500611975	0
Solyc04g057880.3	0.18616361500611975	0
Solyc03g082990.3	0.18616361500611975	0
Solyc03g118300.1	0.18616361500611975	0
Solyc05g050940.4	0.18616361500611975	0
Solyc06g005670.4	0.18616361500611975	0
Solyc06g035580.3	0.18616361500611975	0
Solyc03g097990.3	0.18616361500611975	0
Solyc03g098070.3	0.18616361500611975	0
Solyc03g150103.1	0.18616361500611975	0
Solyc06g076440.3	0.18616361500611975	0
Solyc06g076470.3	0.18616361500611975	0
Solyc03g114560.3	0.18616361500611975	0
Solyc04g064630.3	0.18616361500611975	0
Solyc05g055740.5	0.18616361500611975	0
Solyc04g081230.3	0.18616361500611975	0
Solyc07g039190.4	0.18616361500611975	0
Solyc04g077030.3	0.18616361500611975	0
Solyc06g054580.5	0.18616361500611975	0
Solyc07g065710.3	0.18616361500611975	0
Solyc08g062650.2	0.18616361500611975	0
Solyc07g049720.4	0.18616361500611975	0
Solyc07g005410.3	0.18616361500611975	0
Solyc06g082180.3	0.18616361500611975	0
Solyc07g005650.4	0.18616361500611975	0
Solyc06g048410.4	0.18616361500611975	0
Solyc07g066160.1	0.18616361500611975	0
Solyc06g073150.3	0.18616361500611975	0
Solyc06g060420.3	0.18616361500611975	0
Solyc07g066420.4	0.18616361500611975	0
Solyc08g006470.5	0.18616361500611975	0
Solyc06g048630.3	0.18616361500611975	0
Solyc08g079750.3	0.18616361500611975	0
Solyc07g006070.1	0.18616361500611975	0
Solyc07g006150.3	0.18616361500611975	0
Solyc07g052510.4	0.18616361500611975	0
Solyc08g075490.5	0.18616361500611975	0
Solyc06g068130.3	0.18616361500611975	0
Solyc06g073580.5	0.18616361500611975	0
Solyc06g060920.3	0.18616361500611975	0
Solyc08g065980.3	0.18616361500611975	0
Solyc09g015830.3	0.18616361500611975	0
Solyc08g080130.3	0.18616361500611975	0
Solyc09g009290.3	0.18616361500611975	0
Solyc06g050500.2	0.18616361500611975	0
Solyc07g042570.3	0.18616361500611975	0
Solyc08g080750.5	0.18616361500611975	0
Solyc09g061280.4	0.18616361500611975	0
Solyc08g076200.4	0.18616361500611975	0
Solyc08g076220.3	0.18616361500611975	0
Solyc07g042970.5	0.18616361500611975	0
Solyc09g020140.3	0.18616361500611975	0
Solyc07g062950.4	0.18616361500611975	0
Solyc07g007500.3	0.18616361500611975	0
Solyc07g007510.4	0.18616361500611975	0
Solyc07g063145.1	0.18616361500611975	0
Solyc07g053870.5	0.18616361500611975	0
Solyc08g076970.3	0.18616361500611975	0
Solyc09g010140.3	0.18616361500611975	0
Solyc09g005580.5	0.18616361500611975	0
Solyc08g008085.2	0.18616361500611975	0
Solyc07g044760.3	0.18616361500611975	0
Solyc08g077140.1	0.18616361500611975	0
Solyc08g081710.3	0.18616361500611975	0
Solyc07g063870.3	0.18616361500611975	0
Solyc08g081990.3	0.18616361500611975	0
Solyc09g010740.4	0.18616361500611975	0
Solyc06g053340.3	0.18616361500611975	0
Solyc09g010800.5	0.18616361500611975	0
Solyc07g064050.3	0.18616361500611975	0
Solyc08g005260.2	0.18616361500611975	0
Solyc08g077750.5	0.18616361500611975	0
Solyc06g071320.3	0.18616361500611975	0
Solyc08g082640.2	0.18616361500611975	0
Solyc09g011210.4	0.18616361500611975	0
Solyc08g005470.4	0.18616361500611975	0
Solyc06g053870.5	0.18616361500611975	0
Solyc08g068680.4	0.18616361500611975	0
Solyc10g008120.5	0.18616361500611975	0
Solyc07g048060.4	0.18616361500611975	0
Solyc09g011630.3	0.18616361500611975	0
Solyc09g007940.3	0.18616361500611975	0
Solyc07g064970.4	0.18616361500611975	0
Solyc07g065090.2	0.18616361500611975	0
Solyc08g015780.3	0.18616361500611975	0
Solyc10g044740.2	0.18616361500611975	0
Solyc07g055980.3	0.18616361500611975	0
Solyc07g056030.3	0.18616361500611975	0
Solyc09g014170.3	0.18616361500611975	0
Solyc11g065030.3	0.18616361500611975	0
Solyc09g091280.4	0.18616361500611975	0
Solyc11g013220.2	0.18616361500611975	0
Solyc10g054400.1	0.18616361500611975	0
Solyc09g072660.5	0.18616361500611975	0
Solyc11g007780.2	0.18616361500611975	0
Solyc09g072710.4	0.18616361500611975	0
Solyc12g010270.1	0.18616361500611975	0
Solyc10g079170.2	0.18616361500611975	0
Solyc11g072000.2	0.18616361500611975	0
Solyc09g075490.4	0.18616361500611975	0
Solyc10g085070.3	0.18616361500611975	0
Solyc12g043090.3	0.18616361500611975	0
Solyc10g085290.3	0.18616361500611975	0
Solyc10g055450.2	0.18616361500611975	0
Solyc11g017010.2	0.18616361500611975	0
Solyc10g011880.1	0.18616361500611975	0
Solyc11g072540.3	0.18616361500611975	0
Solyc10g055630.2	0.18616361500611975	0
Solyc10g005510.3	0.18616361500611975	0
Solyc10g005520.3	0.18616361500611975	0
Solyc11g066130.1	0.18616361500611975	0
Solyc09g092380.3	0.18616361500611975	0
Solyc10g061950.3	0.18616361500611975	0
Solyc10g005860.3	0.18616361500611975	0
Solyc09g092720.3	0.18616361500611975	0
Solyc10g085910.2	0.18616361500611975	0
Solyc12g099910.2	0.18616361500611975	0
Solyc11g073160.3	0.18616361500611975	0
Solyc10g006260.3	0.18616361500611975	0
Solyc09g082650.4	0.18616361500611975	0
Solyc12g089150.2	0.18616361500611975	0
Solyc11g073250.2	0.18616361500611975	0
Solyc11g073260.2	0.18616361500611975	0
Solyc10g006490.3	0.18616361500611975	0
Solyc10g080710.2	0.18616361500611975	0
Solyc09g098170.5	0.18616361500611975	0
Solyc12g089320.3	0.18616361500611975	0
Solyc10g049710.2	0.18616361500611975	0
Solyc11g010790.1	0.18616361500611975	0
Solyc11g045510.3	0.18616361500611975	0
Solyc10g081120.3	0.18616361500611975	0
Solyc11g045670.3	0.18616361500611975	0
Solyc11g006230.3	0.18616361500611975	0
Solyc11g020670.1	0.18616361500611975	0
Solyc09g083380.5	0.18616361500611975	0
Solyc12g056210.3	0.18616361500611975	0
Solyc09g089530.3	0.18616361500611975	0
Solyc10g150129.1	0.18616361500611975	0
Solyc11g006880.3	0.18616361500611975	0
Solyc12g056600.3	0.18616361500611975	0
Solyc11g061960.2	0.18616361500611975	0
Solyc11g027820.1	0.18616361500611975	0
Solyc11g069130.2	0.18616361500611975	0
Solyc12g096430.1	0.18616361500611975	0
Solyc11g011930.3	0.18616361500611975	0
Solyc12g008830.3	0.18616361500611975	0
Solyc12g009060.2	0.18616361500611975	0
Solyc10g078320.2	0.18616361500611975	0
Solyc12g017920.3	0.18616361500611975	0
Solyc12g057160.1	0.18616361500611975	0
Solyc11g069580.2	0.18616361500611975	0
Solyc11g031970.2	0.18616361500611975	0
Solyc11g012450.2	0.18616361500611975	0
Solyc12g019450.1	0.18616361500611975	0
Solyc12g098570.2	0.18616361500611975	0
Solyc10g051220.3	0.18633428970900845	0
Solyc04g009780.1	0.18711614169606916	0
Solyc02g084170.2	0.18778878252029751	0
Solyc03g117910.3	0.18778878252029751	0
Solyc05g006290.2	0.18779566933183478	0
Solyc00g047200.1	0.18787415278510788	0
Solyc09g014720.3	0.18790260489752275	0
Solyc00g049210.1	0.18793105468880766	0
Solyc06g074270.1	0.18798794730830326	0
Solyc02g093540.4	0.18801639013667237	0
Solyc05g006460.3	0.18807326883104902	0
Solyc02g089780.3	0.18810170469721577	0
Solyc00g500046.1	0.18810170469721577	0
Solyc00g500128.1	0.18810170469721577	0
Solyc02g065030.1	0.1881301382428079	0
Solyc02g079710.5	0.1881301382428079	0
Solyc08g075150.3	0.1881301382428079	0
Solyc06g074365.1	0.1881301382428079	0
Solyc07g053750.1	0.1881301382428079	0
Solyc06g075020.3	0.1881301382428079	0
Solyc07g063920.3	0.1881301382428079	0
Solyc11g072230.1	0.1881301382428079	0
Solyc02g080900.3	0.18815856946790488	0
Solyc01g098860.3	0.18815856946790488	0
Solyc06g054640.2	0.18815856946790488	0
Solyc08g042010.5	0.18815856946790488	0
Solyc06g069700.4	0.18815856946790488	0
Solyc10g006500.4	0.18815856946790488	0
Solyc12g009070.1	0.18815856946790488	0
Solyc12g099020.2	0.18815856946790488	0
Solyc02g067850.2	0.188186998372587	0
Solyc01g103950.4	0.188186998372587	0
Solyc01g104750.4	0.188186998372587	0
Solyc01g096020.4	0.188186998372587	0
Solyc01g006700.3	0.188186998372587	0
Solyc02g065280.3	0.188186998372587	0
Solyc04g079920.4	0.188186998372587	0
Solyc03g082730.1	0.188186998372587	0
Solyc09g007440.3	0.188186998372587	0
Solyc09g065390.1	0.188186998372587	0
Solyc07g047640.2	0.188186998372587	0
Solyc10g075040.3	0.188186998372587	0
Solyc10g081620.2	0.188186998372587	0
Solyc11g069340.2	0.188186998372587	0
Solyc11g012820.2	0.188186998372587	0
Solyc12g035280.1	0.1881878814818736	0
Solyc06g005310.3	0.18819071660707332	0
Solyc12g044180.3	0.18819071660707332	0
Solyc09g010590.1	0.18825567789810205	0
Solyc02g072280.1	0.18911650453438633	0
Solyc03g093170.1	0.1895423850997735	0
Solyc08g074400.2	0.1895916575190637	0
Solyc11g020472.2	0.1895916575190637	0
Solyc11g051100.3	0.1897733570308051	0
Solyc10g076460.2	0.1898358494479323	0
Solyc01g106520.1	0.1906218559719498	0
Solyc02g038802.1	0.19077634009874234	0
Solyc12g055730.3	0.19077634009874234	0
Solyc10g018340.1	0.19081495030383044	0
Solyc04g150105.2	0.19092752258837498	0
Solyc10g044550.1	0.19092752258837498	0
Solyc07g052630.3	0.1912982405026431	0
Solyc12g019180.2	0.19133238179461998	0
Solyc10g012270.2	0.19158236373931825	0
Solyc06g034010.1	0.1916145233282498	0
Solyc07g150119.1	0.1916145233282498	0
Solyc10g047763.1	0.1916145233282498	0
Solyc11g021230.1	0.19165136705105323	0
Solyc05g054290.2	0.19168586350187067	0
Solyc07g041820.3	0.19193490152366222	0
Solyc05g011880.4	0.19194297100793312	0
Solyc01g006780.4	0.19197201957736265	0
Solyc04g018085.1	0.19197201957736265	0
Solyc02g077340.1	0.19200903400603364	0
Solyc12g005490.1	0.19208315044378188	0
Solyc11g044220.1	0.19208315044378188	0
Solyc03g020050.3	0.19208500314916932	0
Solyc02g086540.3	0.1921472574073081	0
Solyc10g005940.1	0.19232577254250616	0
Solyc08g081680.2	0.19281335692017654	0
Solyc10g079100.1	0.19301612824973613	0
Solyc03g058900.3	0.19315735455031535	0
Solyc12g160410.1	0.19319131825306102	0
Solyc06g064720.1	0.19350294574575855	0
Solyc00g164580.1	0.19356476231494124	0
Solyc09g092145.1	0.19359566638771575	0
Solyc09g091615.1	0.19362656765280184	0
Solyc01g162850.1	0.19376822409404493	0
Solyc10g047680.3	0.19406018506364098	0
Solyc12g089020.3	0.1942590810969791	0
Solyc10g078970.1	0.19434562927011523	0
Solyc07g054590.1	0.19457631642614703	0
Solyc04g077640.4	0.19480684658037162	0
Solyc12g098100.3	0.1950372197949558	0
Solyc02g079890.2	0.19506600541507735	0
Solyc09g009650.3	0.19515234756945643	0
Solyc11g015890.2	0.19515234756945643	0
Solyc06g072320.4	0.1951811233859987	0
Solyc06g068200.1	0.19520989675195455	0
Solyc00g500271.1	0.1952962021475424	0
Solyc01g111010.4	0.1952962021475424	0
Solyc09g007055.1	0.1952962021475424	0
Solyc03g111750.3	0.19532496571239166	0
Solyc07g052590.1	0.19532496571239166	0
Solyc06g069800.2	0.19532496571239166	0
Solyc08g005320.3	0.19532496571239166	0
Solyc11g063600.3	0.19532496571239166	0
Solyc00g500327.1	0.19535372682727425	0
Solyc03g025430.1	0.19535372682727425	0
Solyc00g500198.1	0.19535372682727425	0
Solyc04g005410.3	0.19535372682727425	0
Solyc02g014180.2	0.19538248549231474	0
Solyc02g093960.3	0.19538248549231474	0
Solyc00g500042.2	0.19538248549231474	0
Solyc01g105330.3	0.19538248549231474	0
Solyc06g068940.5	0.19538248549231474	0
Solyc07g045580.1	0.19538248549231474	0
Solyc08g078330.4	0.19538248549231474	0
Solyc10g085490.3	0.19538248549231474	0
Solyc10g074460.4	0.19538248549231474	0
Solyc01g065720.4	0.1954112417076379	0
Solyc01g091180.4	0.1954112417076379	0
Solyc01g091500.3	0.1954112417076379	0
Solyc02g077390.2	0.1954112417076379	0
Solyc01g087550.3	0.1954112417076379	0
Solyc02g069440.3	0.1954112417076379	0
Solyc02g078220.1	0.1954112417076379	0
Solyc02g069930.1	0.1954112417076379	0
Solyc01g058205.1	0.1954112417076379	0
Solyc02g065500.4	0.1954112417076379	0
Solyc01g096410.4	0.1954112417076379	0
Solyc01g060050.3	0.1954112417076379	0
Solyc01g107210.4	0.1954112417076379	0
Solyc01g111910.3	0.1954112417076379	0
Solyc04g009700.3	0.1954112417076379	0
Solyc05g005860.3	0.1954112417076379	0
Solyc05g013340.3	0.1954112417076379	0
Solyc06g010250.3	0.1954112417076379	0
Solyc03g118220.4	0.1954112417076379	0
Solyc05g013810.5	0.1954112417076379	0
Solyc07g065760.3	0.1954112417076379	0
Solyc08g079730.2	0.1954112417076379	0
Solyc07g042760.1	0.1954112417076379	0
Solyc06g084370.1	0.1954112417076379	0
Solyc08g077080.1	0.1954112417076379	0
Solyc08g077090.3	0.1954112417076379	0
Solyc06g075420.1	0.1954112417076379	0
Solyc06g053220.3	0.1954112417076379	0
Solyc09g090440.1	0.1954112417076379	0
Solyc09g090770.2	0.1954112417076379	0
Solyc09g075070.3	0.1954112417076379	0
Solyc11g007910.2	0.1954112417076379	0
Solyc10g084950.3	0.1954112417076379	0
Solyc12g087790.1	0.1954112417076379	0
Solyc09g091860.4	0.1954112417076379	0
Solyc12g011360.2	0.1954112417076379	0
Solyc12g045035.1	0.1954112417076379	0
Solyc10g080350.4	0.1954112417076379	0
Solyc11g005560.3	0.1954112417076379	0
Solyc12g094380.2	0.1954112417076379	0
Solyc09g083430.3	0.1954112417076379	0
Solyc11g006750.1	0.1954112417076379	0
Solyc10g076880.2	0.1954112417076379	0
Solyc10g081930.1	0.1954112417076379	0
Solyc11g069520.2	0.1954112417076379	0
Solyc12g009940.3	0.1954112417076379	0
Solyc08g075030.3	0.19575198267297444	0
Solyc09g090260.1	0.19598638188626893	0
Solyc04g077250.4	0.19637592174693785	0
Solyc05g162450.1	0.196702540488218	0
Solyc08g067560.2	0.1967637745973312	0
Solyc04g016580.1	0.19696456745955182	0
Solyc03g062920.1	0.19738929080084222	0
Solyc08g074895.1	0.1975157468051082	0
Solyc06g062820.4	0.197592650838869	0
Solyc06g076420.1	0.19787275919332237	0
Solyc05g015380.2	0.19797630971984836	0
Solyc02g066993.1	0.1991834291115624	0
Solyc05g150111.1	0.19932060569280963	0
Solyc03g078240.3	0.1994774048123089	0
Solyc10g083400.1	0.1995077698352431	0
Solyc00g500289.1	0.19954324489433073	0
Solyc02g011990.1	0.19954324489433073	0
Solyc02g014060.1	0.19954324489433073	0
Solyc02g014340.1	0.19954324489433073	0
Solyc00g036530.1	0.19954324489433073	0
Solyc01g150140.2	0.19954324489433073	0
Solyc01g020110.2	0.19954324489433073	0
Solyc01g066145.1	0.19954324489433073	0
Solyc01g020180.1	0.19954324489433073	0
Solyc02g014640.1	0.19954324489433073	0
Solyc02g061610.1	0.19954324489433073	0
Solyc01g021740.1	0.19954324489433073	0
Solyc02g076855.2	0.19954324489433073	0
Solyc00g500389.1	0.19954324489433073	0
Solyc01g009935.2	0.19954324489433073	0
Solyc02g021785.1	0.19954324489433073	0
Solyc01g104870.3	0.19954324489433073	0
Solyc00g284510.1	0.19954324489433073	0
Solyc02g068980.1	0.19954324489433073	0
Solyc00g500009.1	0.19954324489433073	0
Solyc02g086690.3	0.19954324489433073	0
Solyc01g067870.3	0.19954324489433073	0
Solyc01g087160.2	0.19954324489433073	0
Solyc02g030525.1	0.19954324489433073	0
Solyc02g160790.1	0.19954324489433073	0
Solyc01g012690.1	0.19954324489433073	0
Solyc01g162160.1	0.19954324489433073	0
Solyc02g087390.3	0.19954324489433073	0
Solyc02g161460.1	0.19954324489433073	0
Solyc03g004007.1	0.19954324489433073	0
Solyc01g106160.3	0.19954324489433073	0
Solyc00g500166.1	0.19954324489433073	0
Solyc02g065640.3	0.19954324489433073	0
Solyc03g059080.3	0.19954324489433073	0
Solyc01g106957.1	0.19954324489433073	0
Solyc03g098540.2	0.19954324489433073	0
Solyc03g083840.3	0.19954324489433073	0
Solyc01g097080.1	0.19954324489433073	0
Solyc01g090370.3	0.19954324489433073	0
Solyc03g062725.1	0.19954324489433073	0
Solyc01g079990.3	0.19954324489433073	0
Solyc05g032650.3	0.19954324489433073	0
Solyc05g051950.1	0.19954324489433073	0
Solyc04g050850.3	0.19954324489433073	0
Solyc05g052120.5	0.19954324489433073	0
Solyc04g018255.1	0.19954324489433073	0
Solyc05g150131.2	0.19954324489433073	0
Solyc04g024643.2	0.19954324489433073	0
Solyc04g052910.3	0.19954324489433073	0
Solyc03g095537.1	0.19954324489433073	0
Solyc04g160130.1	0.19954324489433073	0
Solyc05g161620.1	0.19954324489433073	0
Solyc04g160640.1	0.19954324489433073	0
Solyc04g014350.1	0.19954324489433073	0
Solyc03g058305.1	0.19954324489433073	0
Solyc03g058310.1	0.19954324489433073	0
Solyc05g024377.2	0.19954324489433073	0
Solyc04g049897.1	0.19954324489433073	0
Solyc06g011661.1	0.19954324489433073	0
Solyc05g026200.1	0.19954324489433073	0
Solyc05g055490.3	0.19954324489433073	0
Solyc06g054280.1	0.19954324489433073	0
Solyc07g009260.3	0.19954324489433073	0
Solyc05g014530.1	0.19954324489433073	0
Solyc06g034073.2	0.19954324489433073	0
Solyc08g016792.1	0.19954324489433073	0
Solyc09g008420.3	0.19954324489433073	0
Solyc08g022137.1	0.19954324489433073	0
Solyc08g160240.1	0.19954324489433073	0
Solyc07g041362.2	0.19954324489433073	0
Solyc08g160620.1	0.19954324489433073	0
Solyc07g017805.1	0.19954324489433073	0
Solyc07g150128.1	0.19954324489433073	0
Solyc07g052817.1	0.19954324489433073	0
Solyc09g059710.2	0.19954324489433073	0
Solyc09g059744.1	0.19954324489433073	0
Solyc07g160560.1	0.19954324489433073	0
Solyc06g074520.1	0.19954324489433073	0
Solyc07g021570.1	0.19954324489433073	0
Solyc07g054010.2	0.19954324489433073	0
Solyc09g005790.1	0.19954324489433073	0
Solyc07g161850.1	0.19954324489433073	0
Solyc07g161970.1	0.19954324489433073	0
Solyc07g162000.1	0.19954324489433073	0
Solyc06g160250.1	0.19954324489433073	0
Solyc07g026870.1	0.19954324489433073	0
Solyc08g077640.3	0.19954324489433073	0
Solyc06g160290.1	0.19954324489433073	0
Solyc07g032140.3	0.19954324489433073	0
Solyc06g160670.1	0.19954324489433073	0
Solyc06g160700.1	0.19954324489433073	0
Solyc09g007600.3	0.19954324489433073	0
Solyc10g044440.2	0.19954324489433073	0
Solyc09g066070.4	0.19954324489433073	0
Solyc09g066110.3	0.19954324489433073	0
Solyc09g066200.1	0.19954324489433073	0
Solyc08g015905.2	0.19954324489433073	0
Solyc09g066390.1	0.19954324489433073	0
Solyc08g150111.1	0.19954324489433073	0
Solyc11g065400.2	0.19954324489433073	0
Solyc12g082793.1	0.19954324489433073	0
Solyc09g162110.1	0.19954324489433073	0
Solyc12g005460.3	0.19954324489433073	0
Solyc10g162530.1	0.19954324489433073	0
Solyc11g042857.1	0.19954324489433073	0
Solyc11g066203.2	0.19954324489433073	0
Solyc10g012390.2	0.19954324489433073	0
Solyc11g044457.1	0.19954324489433073	0
Solyc11g044805.1	0.19954324489433073	0
Solyc10g049260.2	0.19954324489433073	0
Solyc10g017965.1	0.19954324489433073	0
Solyc12g150108.1	0.19954324489433073	0
Solyc12g089370.2	0.19954324489433073	0
Solyc10g075173.1	0.19954324489433073	0
Solyc10g018717.1	0.19954324489433073	0
Solyc10g050055.1	0.19954324489433073	0
Solyc11g051127.1	0.19954324489433073	0
Solyc12g038457.1	0.19954324489433073	0
Solyc10g150125.1	0.19954324489433073	0
Solyc10g007160.2	0.19954324489433073	0
Solyc10g150139.2	0.19954324489433073	0
Solyc12g016100.1	0.19954324489433073	0
Solyc12g161050.1	0.19954324489433073	0
Solyc09g160470.1	0.19954324489433073	0
Solyc12g161800.1	0.19954324489433073	0
Solyc12g162100.1	0.19954324489433073	0
Solyc12g042330.1	0.19954324489433073	0
Solyc12g019420.3	0.19954324489433073	0
Solyc12g099130.2	0.19954324489433073	0
Solyc03g118580.3	0.19966980683834512	0
Solyc02g094340.1	0.20002990271440657	0
Solyc11g068570.1	0.20036986612240482	0
Solyc08g067793.1	0.2003861807602182	0
Solyc01g105940.3	0.20041546169285485	0
Solyc08g076640.1	0.20044491721771962	0
Solyc06g073480.3	0.2004638960641404	0
Solyc07g052550.2	0.20048243638037866	0
Solyc03g096190.2	0.20073738093546478	0
Solyc07g043630.2	0.20073738093546478	0
Solyc01g060240.5	0.20096807051266255	0
Solyc01g060250.2	0.20096807051266255	0
Solyc01g008670.5	0.20096807051266255	0
Solyc01g103040.4	0.20096807051266255	0
Solyc01g108100.3	0.20096807051266255	0
Solyc01g080670.3	0.20096807051266255	0
Solyc03g006660.3	0.20096807051266255	0
Solyc01g020130.3	0.20096807051266255	0
Solyc01g080840.3	0.20096807051266255	0
Solyc01g097920.3	0.20096807051266255	0
Solyc02g085580.4	0.20096807051266255	0
Solyc01g103875.1	0.20096807051266255	0
Solyc02g085725.1	0.20096807051266255	0
Solyc01g066680.3	0.20096807051266255	0
Solyc02g021020.4	0.20096807051266255	0
Solyc02g068230.3	0.20096807051266255	0
Solyc01g028830.3	0.20096807051266255	0
Solyc02g081480.4	0.20096807051266255	0
Solyc02g068560.3	0.20096807051266255	0
Solyc03g007680.3	0.20096807051266255	0
Solyc01g067380.4	0.20096807051266255	0
Solyc02g086500.3	0.20096807051266255	0
Solyc01g099230.3	0.20096807051266255	0
Solyc01g067790.3	0.20096807051266255	0
Solyc02g069080.5	0.20096807051266255	0
Solyc02g069180.4	0.20096807051266255	0
Solyc02g082340.3	0.20096807051266255	0
Solyc02g086940.3	0.20096807051266255	0
Solyc02g087030.1	0.20096807051266255	0
Solyc03g019700.1	0.20096807051266255	0
Solyc01g095110.5	0.20096807051266255	0
Solyc02g091640.3	0.20096807051266255	0
Solyc00g500069.1	0.20096807051266255	0
Solyc02g078140.3	0.20096807051266255	0
Solyc02g087220.4	0.20096807051266255	0
Solyc01g099990.3	0.20096807051266255	0
Solyc01g105690.3	0.20096807051266255	0
Solyc01g006110.3	0.20096807051266255	0
Solyc01g006190.3	0.20096807051266255	0
Solyc02g087470.4	0.20096807051266255	0
Solyc01g057445.2	0.20096807051266255	0
Solyc02g078630.2	0.20096807051266255	0
Solyc03g025230.3	0.20096807051266255	0
Solyc01g106000.5	0.20096807051266255	0
Solyc01g088030.4	0.20096807051266255	0
Solyc03g025260.1	0.20096807051266255	0
Solyc01g100500.3	0.20096807051266255	0
Solyc01g106050.4	0.20096807051266255	0
Solyc00g500125.1	0.20096807051266255	0
Solyc02g087750.3	0.20096807051266255	0
Solyc02g087860.3	0.20096807051266255	0
Solyc02g083310.3	0.20096807051266255	0
Solyc01g074010.5	0.20096807051266255	0
Solyc01g058390.3	0.20096807051266255	0
Solyc02g079060.3	0.20096807051266255	0
Solyc03g005340.4	0.20096807051266255	0
Solyc01g101140.4	0.20096807051266255	0
Solyc02g079270.4	0.20096807051266255	0
Solyc02g065690.3	0.20096807051266255	0
Solyc03g031650.5	0.20096807051266255	0
Solyc03g005820.3	0.20096807051266255	0
Solyc01g079450.3	0.20096807051266255	0
Solyc01g107030.3	0.20096807051266255	0
Solyc01g102640.2	0.20096807051266255	0
Solyc03g062680.3	0.20096807051266255	0
Solyc03g115020.3	0.20096807051266255	0
Solyc02g084390.3	0.20096807051266255	0
Solyc03g098730.1	0.20096807051266255	0
Solyc04g016520.3	0.20096807051266255	0
Solyc03g033500.4	0.20096807051266255	0
Solyc03g110960.3	0.20096807051266255	0
Solyc03g093260.3	0.20096807051266255	0
Solyc04g009220.2	0.20096807051266255	0
Solyc03g115400.2	0.20096807051266255	0
Solyc03g111260.3	0.20096807051266255	0
Solyc03g111270.2	0.20096807051266255	0
Solyc05g052150.4	0.20096807051266255	0
Solyc04g071350.3	0.20096807051266255	0
Solyc06g007540.3	0.20096807051266255	0
Solyc04g071470.3	0.20096807051266255	0
Solyc04g009630.3	0.20096807051266255	0
Solyc03g120490.3	0.20096807051266255	0
Solyc05g005730.4	0.20096807051266255	0
Solyc04g009920.3	0.20096807051266255	0
Solyc05g010660.4	0.20096807051266255	0
Solyc05g052910.5	0.20096807051266255	0
Solyc05g044620.3	0.20096807051266255	0
Solyc04g010300.4	0.20096807051266255	0
Solyc04g072210.4	0.20096807051266255	0
Solyc04g078770.5	0.20096807051266255	0
Solyc05g012100.3	0.20096807051266255	0
Solyc05g053240.4	0.20096807051266255	0
Solyc05g018320.3	0.20096807051266255	0
Solyc05g012390.4	0.20096807051266255	0
Solyc04g007230.3	0.20096807051266255	0
Solyc05g053900.4	0.20096807051266255	0
Solyc05g048760.3	0.20096807051266255	0
Solyc04g007500.1	0.20096807051266255	0
Solyc05g007030.4	0.20096807051266255	0
Solyc03g081320.3	0.20096807051266255	0
Solyc03g096850.4	0.20096807051266255	0
Solyc05g007070.2	0.20096807051266255	0
Solyc04g007760.3	0.20096807051266255	0
Solyc06g009690.4	0.20096807051266255	0
Solyc03g082860.3	0.20096807051266255	0
Solyc03g058160.4	0.20096807051266255	0
Solyc05g054840.3	0.20096807051266255	0
Solyc04g049550.3	0.20096807051266255	0
Solyc04g057930.4	0.20096807051266255	0
Solyc04g015290.3	0.20096807051266255	0
Solyc04g080420.5	0.20096807051266255	0
Solyc05g050770.4	0.20096807051266255	0
Solyc04g049690.3	0.20096807051266255	0
Solyc06g005450.1	0.20096807051266255	0
Solyc03g118310.4	0.20096807051266255	0
Solyc05g008030.1	0.20096807051266255	0
Solyc04g080610.3	0.20096807051266255	0
Solyc05g050960.4	0.20096807051266255	0
Solyc06g035620.3	0.20096807051266255	0
Solyc04g080770.3	0.20096807051266255	0
Solyc06g076410.5	0.20096807051266255	0
Solyc06g076490.3	0.20096807051266255	0
Solyc03g118810.1	0.20096807051266255	0
Solyc06g065680.3	0.20096807051266255	0
Solyc04g016180.3	0.20096807051266255	0
Solyc06g054420.3	0.20096807051266255	0
Solyc05g008810.4	0.20096807051266255	0
Solyc06g072360.3	0.20096807051266255	0
Solyc03g119170.3	0.20096807051266255	0
Solyc05g055880.4	0.20096807051266255	0
Solyc04g081310.3	0.20096807051266255	0
Solyc07g056320.4	0.20096807051266255	0
Solyc07g039510.4	0.20096807051266255	0
Solyc06g034120.5	0.20096807051266255	0
Solyc05g056130.4	0.20096807051266255	0
Solyc06g072700.3	0.20096807051266255	0
Solyc07g056520.3	0.20096807051266255	0
Solyc05g009270.4	0.20096807051266255	0
Solyc08g079430.3	0.20096807051266255	0
Solyc06g060230.3	0.20096807051266255	0
Solyc07g005810.3	0.20096807051266255	0
Solyc08g065220.3	0.20096807051266255	0
Solyc06g082520.3	0.20096807051266255	0
Solyc07g052220.2	0.20096807051266255	0
Solyc07g061740.4	0.20096807051266255	0
Solyc07g066320.3	0.20096807051266255	0
Solyc08g006430.4	0.20096807051266255	0
Solyc07g005970.3	0.20096807051266255	0
Solyc06g066810.3	0.20096807051266255	0
Solyc08g079740.3	0.20096807051266255	0
Solyc08g023493.2	0.20096807051266255	0
Solyc08g079850.4	0.20096807051266255	0
Solyc07g066650.4	0.20096807051266255	0
Solyc07g052610.3	0.20096807051266255	0
Solyc06g083080.3	0.20096807051266255	0
Solyc06g068180.3	0.20096807051266255	0
Solyc06g073825.1	0.20096807051266255	0
Solyc07g006760.4	0.20096807051266255	0
Solyc06g061190.1	0.20096807051266255	0
Solyc08g066530.4	0.20096807051266255	0
Solyc08g066540.3	0.20096807051266255	0
Solyc07g042630.4	0.20096807051266255	0
Solyc08g007300.3	0.20096807051266255	0
Solyc06g074300.4	0.20096807051266255	0
Solyc06g074310.4	0.20096807051266255	0
Solyc08g042120.1	0.20096807051266255	0
Solyc06g068950.4	0.20096807051266255	0
Solyc07g043070.3	0.20096807051266255	0
Solyc07g043310.3	0.20096807051266255	0
Solyc07g007600.3	0.20096807051266255	0
Solyc07g053910.3	0.20096807051266255	0
Solyc07g043580.4	0.20096807051266255	0
Solyc09g064270.3	0.20096807051266255	0
Solyc09g031655.1	0.20096807051266255	0
Solyc07g008040.4	0.20096807051266255	0
Solyc06g075410.5	0.20096807051266255	0
Solyc06g075460.4	0.20096807051266255	0
Solyc08g061090.3	0.20096807051266255	0
Solyc07g025400.4	0.20096807051266255	0
Solyc08g008550.4	0.20096807051266255	0
Solyc07g008490.4	0.20096807051266255	0
Solyc08g061450.3	0.20096807051266255	0
Solyc08g061455.2	0.20096807051266255	0
Solyc09g065040.1	0.20096807051266255	0
Solyc08g013840.3	0.20096807051266255	0
Solyc07g032090.4	0.20096807051266255	0
Solyc06g053770.5	0.20096807051266255	0
Solyc07g008900.4	0.20096807051266255	0
Solyc06g071390.3	0.20096807051266255	0
Solyc07g064600.3	0.20096807051266255	0
Solyc07g047790.3	0.20096807051266255	0
Solyc08g014280.3	0.20096807051266255	0
Solyc08g077960.3	0.20096807051266255	0
Solyc10g008200.4	0.20096807051266255	0
Solyc07g055530.3	0.20096807051266255	0
Solyc08g078230.4	0.20096807051266255	0
Solyc06g071860.3	0.20096807051266255	0
Solyc10g008400.1	0.20096807051266255	0
Solyc07g049360.3	0.20096807051266255	0
Solyc10g054030.2	0.20096807051266255	0
Solyc10g008640.3	0.20096807051266255	0
Solyc10g078830.2	0.20096807051266255	0
Solyc10g078900.3	0.20096807051266255	0
Solyc09g008330.3	0.20096807051266255	0
Solyc09g075010.3	0.20096807051266255	0
Solyc10g084630.2	0.20096807051266255	0
Solyc11g065620.2	0.20096807051266255	0
Solyc11g065670.1	0.20096807051266255	0
Solyc12g005310.2	0.20096807051266255	0
Solyc12g021230.2	0.20096807051266255	0
Solyc12g099170.3	0.20096807051266255	0
Solyc10g011750.4	0.20096807051266255	0
Solyc11g065950.3	0.20096807051266255	0
Solyc12g027850.3	0.20096807051266255	0
Solyc11g072440.2	0.20096807051266255	0
Solyc10g079820.2	0.20096807051266255	0
Solyc11g072590.3	0.20096807051266255	0
Solyc10g005850.4	0.20096807051266255	0
Solyc12g011330.5	0.20096807051266255	0
Solyc09g082370.4	0.20096807051266255	0
Solyc11g066470.1	0.20096807051266255	0
Solyc09g097770.3	0.20096807051266255	0
Solyc10g017570.3	0.20096807051266255	0
Solyc12g049230.2	0.20096807051266255	0
Solyc10g074740.2	0.20096807051266255	0
Solyc10g080760.2	0.20096807051266255	0
Solyc11g010600.2	0.20096807051266255	0
Solyc11g067160.2	0.20096807051266255	0
Solyc11g067170.3	0.20096807051266255	0
Solyc12g014410.2	0.20096807051266255	0
Solyc12g014460.2	0.20096807051266255	0
Solyc10g006900.3	0.20096807051266255	0
Solyc11g068430.3	0.20096807051266255	0
Solyc09g084480.3	0.20096807051266255	0
Solyc10g019040.2	0.20096807051266255	0
Solyc11g056670.2	0.20096807051266255	0
Solyc12g096020.3	0.20096807051266255	0
Solyc11g021360.3	0.20096807051266255	0
Solyc10g007400.4	0.20096807051266255	0
Solyc11g022590.1	0.20096807051266255	0
Solyc10g076890.3	0.20096807051266255	0
Solyc10g081980.2	0.20096807051266255	0
Solyc12g056830.1	0.20096807051266255	0
Solyc11g069160.3	0.20096807051266255	0
Solyc12g008980.3	0.20096807051266255	0
Solyc12g009080.2	0.20096807051266255	0
Solyc12g042060.3	0.20096807051266255	0
Solyc10g083510.2	0.20096807051266255	0
Solyc12g042470.2	0.20096807051266255	0
Solyc12g009650.2	0.20096807051266255	0
Solyc11g070020.3	0.20096807051266255	0
Solyc12g009800.3	0.20096807051266255	0
Solyc11g012760.2	0.20096807051266255	0
Solyc12g009860.3	0.20096807051266255	0
Solyc12g042700.4	0.20096807051266255	0
Solyc09g059340.2	0.20097899930183827	0
Solyc03g045080.3	0.20108820816215278	0
Solyc05g040040.1	0.2011174269386714	0
Solyc12g013680.3	0.20113097579027683	0
Solyc02g014730.3	0.20171692677666853	0
Solyc06g048710.2	0.20216095757369967	0
Solyc09g015880.5	0.2021967038254482	0
Solyc01g056530.2	0.2022582158118983	0
Solyc03g033710.3	0.2022582158118983	0
Solyc05g052900.3	0.2022582158118983	0
Solyc03g093060.1	0.20232712312169743	0
Solyc07g014583.1	0.20232712312169743	0
Solyc09g031540.1	0.20232712312169743	0
Solyc09g160730.1	0.20232712312169743	0
Solyc11g069900.3	0.20232712312169743	0
Solyc12g009710.1	0.20232712312169743	0
Solyc02g086310.2	0.20233558845348476	0
Solyc06g150125.1	0.20245869590429433	0
Solyc10g007940.1	0.20257506973629336	0
Solyc01g094430.1	0.20269140229623783	0
Solyc02g091400.1	0.2027204789887337	0
Solyc05g051583.1	0.2027204789887337	0
Solyc10g085240.1	0.2027204789887337	0
Solyc02g079260.2	0.20277862463792362	0
Solyc03g116290.3	0.20277862463792362	0
Solyc08g041850.4	0.20277862463792362	0
Solyc01g090710.4	0.20280769359495687	0
Solyc05g005290.4	0.20280769359495687	0
Solyc08g066150.1	0.20280769359495687	0
Solyc07g007410.4	0.20280769359495687	0
Solyc11g008970.1	0.20280769359495687	0
Solyc01g104140.3	0.2028367599738421	0
Solyc01g067400.3	0.2028367599738421	0
Solyc02g091090.5	0.2028367599738421	0
Solyc02g082730.3	0.2028367599738421	0
Solyc02g091960.4	0.2028367599738421	0
Solyc03g025890.2	0.2028367599738421	0
Solyc04g077060.3	0.2028367599738421	0
Solyc04g008910.3	0.2028367599738421	0
Solyc05g015150.3	0.2028367599738421	0
Solyc04g005550.2	0.2028367599738421	0
Solyc04g150128.2	0.2028367599738421	0
Solyc03g119120.3	0.2028367599738421	0
Solyc08g065480.3	0.2028367599738421	0
Solyc07g017670.3	0.2028367599738421	0
Solyc08g029150.3	0.2028367599738421	0
Solyc07g053530.1	0.2028367599738421	0
Solyc08g048290.4	0.2028367599738421	0
Solyc07g064830.3	0.2028367599738421	0
Solyc10g081110.3	0.2028367599738421	0
Solyc12g038125.1	0.2028367599738421	0
Solyc11g068640.2	0.2028367599738421	0
Solyc03g005940.5	0.20388069491627003	0
Solyc05g013535.1	0.20397126852336056	0
Solyc12g017840.2	0.20433015720996284	0
Solyc11g045640.1	0.2055251934006317	0
Solyc03g122230.2	0.2056911216184717	0
Solyc03g025750.5	0.20630772282881904	0
Solyc01g105550.1	0.20641017424217045	0
Solyc01g020343.1	0.206953009329504	0
Solyc02g087100.1	0.20767498642599047	0
Solyc03g110950.1	0.20767498642599047	0
Solyc06g083600.3	0.20767498642599047	0
Solyc09g066035.1	0.20767498642599047	0
Solyc01g080550.4	0.20770396168801764	0
Solyc02g014773.1	0.2077976124453268	0
Solyc01g098280.4	0.2077976124453268	0
Solyc01g067965.1	0.2077976124453268	0
Solyc01g111850.3	0.2077976124453268	0
Solyc04g150126.1	0.2077976124453268	0
Solyc06g005280.1	0.2077976124453268	0
Solyc08g013807.1	0.2077976124453268	0
Solyc08g082350.4	0.2078421985412765	0
Solyc02g050170.1	0.2078589079304326	0
Solyc02g082035.1	0.2078589079304326	0
Solyc01g162770.1	0.2078589079304326	0
Solyc03g033900.1	0.2078589079304326	0
Solyc03g093530.3	0.2078589079304326	0
Solyc03g116650.3	0.2078589079304326	0
Solyc03g112370.1	0.2078589079304326	0
Solyc05g018360.1	0.2078589079304326	0
Solyc05g055920.5	0.2078589079304326	0
Solyc06g072860.3	0.2078589079304326	0
Solyc06g072940.3	0.2078589079304326	0
Solyc06g082420.4	0.2078589079304326	0
Solyc07g066400.1	0.2078589079304326	0
Solyc06g051525.1	0.2078589079304326	0
Solyc07g043670.1	0.2078589079304326	0
Solyc08g081800.1	0.2078589079304326	0
Solyc08g014090.1	0.2078589079304326	0
Solyc09g091210.5	0.2078589079304326	0
Solyc10g079220.2	0.2078589079304326	0
Solyc09g091720.1	0.2078589079304326	0
Solyc10g085260.1	0.2078589079304326	0
Solyc10g087015.1	0.2078589079304326	0
Solyc10g050895.1	0.2078589079304326	0
Solyc12g062600.1	0.2078589079304326	0
Solyc02g067150.5	0.20792019173495013	0
Solyc00g020000.1	0.20792019173495013	0
Solyc02g050290.1	0.20792019173495013	0
Solyc00g500365.1	0.20792019173495013	0
Solyc01g104330.1	0.20792019173495013	0
Solyc01g099420.3	0.20792019173495013	0
Solyc02g087680.1	0.20792019173495013	0
Solyc03g005217.1	0.20792019173495013	0
Solyc01g058597.1	0.20792019173495013	0
Solyc01g090050.4	0.20792019173495013	0
Solyc03g083640.1	0.20792019173495013	0
Solyc05g041110.3	0.20792019173495013	0
Solyc05g052265.1	0.20792019173495013	0
Solyc06g008000.2	0.20792019173495013	0
Solyc03g121390.1	0.20792019173495013	0
Solyc04g056505.2	0.20792019173495013	0
Solyc03g114233.1	0.20792019173495013	0
Solyc04g063313.1	0.20792019173495013	0
Solyc06g035930.1	0.20792019173495013	0
Solyc04g016120.2	0.20792019173495013	0
Solyc03g160110.1	0.20792019173495013	0
Solyc07g065927.2	0.20792019173495013	0
Solyc06g048440.3	0.20792019173495013	0
Solyc07g041250.1	0.20792019173495013	0
Solyc08g160290.1	0.20792019173495013	0
Solyc08g006810.1	0.20792019173495013	0
Solyc09g018260.3	0.20792019173495013	0
Solyc09g019990.1	0.20792019173495013	0
Solyc09g020195.1	0.20792019173495013	0
Solyc09g005547.2	0.20792019173495013	0
Solyc07g054250.2	0.20792019173495013	0
Solyc09g008207.1	0.20792019173495013	0
Solyc09g066405.1	0.20792019173495013	0
Solyc12g010470.4	0.20792019173495013	0
Solyc09g082290.3	0.20792019173495013	0
Solyc09g082330.2	0.20792019173495013	0
Solyc10g085940.1	0.20792019173495013	0
Solyc12g100210.1	0.20792019173495013	0
Solyc09g098400.3	0.20792019173495013	0
Solyc11g160060.1	0.20792019173495013	0
Solyc10g049940.1	0.20792019173495013	0
Solyc11g021280.3	0.20792019173495013	0
Solyc10g076630.1	0.20792019173495013	0
Solyc12g056585.1	0.20792019173495013	0
Solyc10g082062.1	0.20792019173495013	0
Solyc10g160780.1	0.20792019173495013	0
Solyc12g096620.1	0.20792019173495013	0
Solyc07g005260.1	0.2081395960848864	0
Solyc08g007050.2	0.20856062651369367	0
Solyc10g017960.2	0.20858131655237033	0
Solyc01g094130.2	0.20863381363831557	0
Solyc04g078240.3	0.2087655029735883	0
Solyc03g059110.1	0.20884698288819947	0
Solyc05g043320.3	0.20896294909862123	0
Solyc12g055890.3	0.20899338948803992	0
Solyc01g011490.1	0.20899949884460112	0
Solyc10g076320.3	0.20899949884460112	0
Solyc07g045127.1	0.20906931564720932	0
Solyc02g077350.1	0.20910727197651324	0
Solyc11g021160.1	0.2091667149983646	0
Solyc01g010890.4	0.2091785052631968	0
Solyc06g050530.3	0.20943656484316076	0
Solyc12g077660.3	0.20946601544366983	0
Solyc08g160710.1	0.20970914184742528	0
Solyc08g083500.2	0.20981921113842972	0
Solyc04g051640.3	0.20987803913892378	0
Solyc07g026873.2	0.2099074490748497	0
Solyc11g070180.1	0.2099074490748497	0
Solyc04g008070.3	0.21020139946011462	0
Solyc01g080570.5	0.21028953177719056	0
Solyc07g052960.1	0.21034827312254345	0
Solyc01g109950.5	0.21034827312254345	0
Solyc05g012910.4	0.21034827312254345	0
Solyc09g057900.3	0.21034827312254345	0
Solyc11g011790.3	0.21034827312254345	0
Solyc01g112200.3	0.21037763973605728	0
Solyc03g078060.4	0.21037763973605728	0
Solyc05g008390.3	0.21037763973605728	0
Solyc12g005640.2	0.21037763973605728	0
Solyc02g068140.3	0.21040700364375053	0
Solyc07g065920.4	0.21040700364375053	0
Solyc01g006920.4	0.21043636484583872	0
Solyc04g074163.1	0.21043636484583872	0
Solyc06g009800.3	0.21043636484583872	0
Solyc03g053085.1	0.21043636484583872	0
Solyc07g063280.3	0.21043636484583872	0
Solyc09g065070.2	0.21043636484583872	0
Solyc10g054860.2	0.21043636484583872	0
Solyc12g062480.3	0.21043636484583872	0
Solyc00g500344.1	0.2104657233425382	0
Solyc01g081330.3	0.2104657233425382	0
Solyc01g067590.3	0.2104657233425382	0
Solyc02g078330.3	0.2104657233425382	0
Solyc02g087730.3	0.2104657233425382	0
Solyc01g096030.4	0.2104657233425382	0
Solyc02g036290.4	0.2104657233425382	0
Solyc03g098700.1	0.2104657233425382	0
Solyc04g071040.4	0.2104657233425382	0
Solyc03g115660.3	0.2104657233425382	0
Solyc03g111380.3	0.2104657233425382	0
Solyc05g010300.4	0.2104657233425382	0
Solyc04g072603.1	0.2104657233425382	0
Solyc05g053680.1	0.2104657233425382	0
Solyc04g079540.3	0.2104657233425382	0
Solyc04g008450.4	0.2104657233425382	0
Solyc09g018060.5	0.2104657233425382	0
Solyc09g009370.4	0.2104657233425382	0
Solyc08g081240.3	0.2104657233425382	0
Solyc07g063170.1	0.2104657233425382	0
Solyc06g084380.4	0.2104657233425382	0
Solyc08g048390.3	0.2104657233425382	0
Solyc06g069630.4	0.2104657233425382	0
Solyc07g054460.4	0.2104657233425382	0
Solyc08g077385.1	0.2104657233425382	0
Solyc07g045220.3	0.2104657233425382	0
Solyc06g053360.5	0.2104657233425382	0
Solyc06g076030.3	0.2104657233425382	0
Solyc09g011550.4	0.2104657233425382	0
Solyc09g014930.1	0.2104657233425382	0
Solyc12g010830.2	0.2104657233425382	0
Solyc10g079770.3	0.2104657233425382	0
Solyc10g079790.1	0.2104657233425382	0
Solyc11g009000.2	0.2104657233425382	0
Solyc12g014150.3	0.2104657233425382	0
Solyc11g011450.2	0.2104657233425382	0
Solyc10g007510.2	0.2104657233425382	0
Solyc12g009450.3	0.2104657233425382	0
Solyc10g007890.5	0.21107647085999148	0
Solyc12g099410.2	0.21187183119837005	0
Solyc05g050007.1	0.212371879565867	0
Solyc05g047470.1	0.21500327124518637	0
Solyc02g065340.3	0.21514227913217987	0
Solyc07g056180.2	0.2152042557200976	0
Solyc06g084035.2	0.2152662200534381	0
Solyc08g022133.1	0.2152971976253485	0
Solyc02g091070.3	0.21541268271104674	0
Solyc07g053330.2	0.2154724891608577	0
Solyc12g082720.1	0.21565183998707804	0
Solyc00g500106.1	0.21574147686853218	0
Solyc08g079440.1	0.21583108807142692	0
Solyc09g005380.2	0.2160117636391059	0
Solyc05g025670.1	0.21632475928783668	0
Solyc12g099680.1	0.21647612126513505	0
Solyc02g066970.1	0.21658164732168528	0
Solyc01g008510.3	0.21658164732168528	0
Solyc01g102950.3	0.21658164732168528	0
Solyc01g097340.3	0.21658164732168528	0
Solyc02g067060.3	0.21658164732168528	0
Solyc02g067085.1	0.21658164732168528	0
Solyc02g067180.3	0.21658164732168528	0
Solyc01g008730.3	0.21658164732168528	0
Solyc01g107890.3	0.21658164732168528	0
Solyc02g093720.3	0.21658164732168528	0
Solyc01g080360.3	0.21658164732168528	0
Solyc02g071820.5	0.21658164732168528	0
Solyc03g006540.3	0.21658164732168528	0
Solyc01g103360.5	0.21658164732168528	0
Solyc02g072010.4	0.21658164732168528	0
Solyc01g009050.3	0.21658164732168528	0
Solyc02g067560.1	0.21658164732168528	0
Solyc01g097770.4	0.21658164732168528	0
Solyc02g050260.2	0.21658164732168528	0
Solyc01g103710.4	0.21658164732168528	0
Solyc01g108400.3	0.21658164732168528	0
Solyc01g020220.3	0.21658164732168528	0
Solyc02g094430.4	0.21658164732168528	0
Solyc01g108510.3	0.21658164732168528	0
Solyc01g066740.3	0.21658164732168528	0
Solyc01g028930.4	0.21658164732168528	0
Solyc02g021290.1	0.21658164732168528	0
Solyc01g067100.4	0.21658164732168528	0
Solyc02g062130.5	0.21658164732168528	0
Solyc02g062240.3	0.21658164732168528	0
Solyc01g086670.3	0.21658164732168528	0
Solyc02g068793.1	0.21658164732168528	0
Solyc01g010520.3	0.21658164732168528	0
Solyc01g109350.3	0.21658164732168528	0
Solyc02g062560.3	0.21658164732168528	0
Solyc02g024000.5	0.21658164732168528	0
Solyc01g067760.1	0.21658164732168528	0
Solyc01g099380.4	0.21658164732168528	0
Solyc01g099400.4	0.21658164732168528	0
Solyc02g091240.1	0.21658164732168528	0
Solyc02g091300.3	0.21658164732168528	0
Solyc02g091460.3	0.21658164732168528	0
Solyc01g099750.2	0.21658164732168528	0
Solyc01g087430.3	0.21658164732168528	0
Solyc01g095000.3	0.21658164732168528	0
Solyc01g087690.3	0.21658164732168528	0
Solyc01g105700.3	0.21658164732168528	0
Solyc02g032120.3	0.21658164732168528	0
Solyc02g091970.4	0.21658164732168528	0
Solyc01g110290.3	0.21658164732168528	0
Solyc01g095580.3	0.21658164732168528	0
Solyc01g006280.3	0.21658164732168528	0
Solyc02g064800.3	0.21658164732168528	0
Solyc01g100420.3	0.21658164732168528	0
Solyc01g088080.3	0.21658164732168528	0
Solyc02g083090.1	0.21658164732168528	0
Solyc01g088170.4	0.21658164732168528	0
Solyc02g092320.3	0.21658164732168528	0
Solyc00g500141.1	0.21658164732168528	0
Solyc00g500144.1	0.21658164732168528	0
Solyc02g070390.3	0.21658164732168528	0
Solyc02g092470.3	0.21658164732168528	0
Solyc01g088600.5	0.21658164732168528	0
Solyc01g111070.3	0.21658164732168528	0
Solyc02g079190.3	0.21658164732168528	0
Solyc02g088190.5	0.21658164732168528	0
Solyc02g036370.3	0.21658164732168528	0
Solyc01g079400.3	0.21658164732168528	0
Solyc03g031720.3	0.21658164732168528	0
Solyc01g102540.3	0.21658164732168528	0
Solyc02g084210.1	0.21658164732168528	0
Solyc01g107200.4	0.21658164732168528	0
Solyc01g102770.1	0.21658164732168528	0
Solyc03g114920.1	0.21658164732168528	0
Solyc03g114960.4	0.21658164732168528	0
Solyc02g071450.3	0.21658164732168528	0
Solyc01g107410.3	0.21658164732168528	0
Solyc02g079970.4	0.21658164732168528	0
Solyc04g064700.4	0.21658164732168528	0
Solyc04g077150.3	0.21658164732168528	0
Solyc03g033360.4	0.21658164732168528	0
Solyc01g107550.3	0.21658164732168528	0
Solyc01g008440.3	0.21658164732168528	0
Solyc05g015070.4	0.21658164732168528	0
Solyc04g017690.3	0.21658164732168528	0
Solyc03g119920.1	0.21658164732168528	0
Solyc04g082030.1	0.21658164732168528	0
Solyc03g033950.5	0.21658164732168528	0
Solyc04g009480.1	0.21658164732168528	0
Solyc04g077830.2	0.21658164732168528	0
Solyc03g064010.4	0.21658164732168528	0
Solyc04g071600.3	0.21658164732168528	0
Solyc03g111710.3	0.21658164732168528	0
Solyc04g082600.3	0.21658164732168528	0
Solyc04g009810.3	0.21658164732168528	0
Solyc04g005230.3	0.21658164732168528	0
Solyc04g082810.5	0.21658164732168528	0
Solyc03g116510.1	0.21658164732168528	0
Solyc04g005450.3	0.21658164732168528	0
Solyc04g011370.5	0.21658164732168528	0
Solyc04g072440.4	0.21658164732168528	0
Solyc03g095870.3	0.21658164732168528	0
Solyc04g054500.3	0.21658164732168528	0
Solyc04g150158.1	0.21658164732168528	0
Solyc03g112560.4	0.21658164732168528	0
Solyc04g079190.5	0.21658164732168528	0
Solyc03g112810.3	0.21658164732168528	0
Solyc03g045060.3	0.21658164732168528	0
Solyc03g117480.4	0.21658164732168528	0
Solyc04g014360.3	0.21658164732168528	0
Solyc04g045620.3	0.21658164732168528	0
Solyc04g045630.3	0.21658164732168528	0
Solyc04g045660.5	0.21658164732168528	0
Solyc03g113460.1	0.21658164732168528	0
Solyc05g013170.2	0.21658164732168528	0
Solyc03g122040.4	0.21658164732168528	0
Solyc03g082580.3	0.21658164732168528	0
Solyc04g048900.3	0.21658164732168528	0
Solyc05g054600.3	0.21658164732168528	0
Solyc03g097240.3	0.21658164732168528	0
Solyc04g056590.3	0.21658164732168528	0
Solyc03g123440.3	0.21658164732168528	0
Solyc04g080270.4	0.21658164732168528	0
Solyc03g118130.3	0.21658164732168528	0
Solyc04g008300.1	0.21658164732168528	0
Solyc03g097530.3	0.21658164732168528	0
Solyc05g054920.5	0.21658164732168528	0
Solyc04g015370.3	0.21658164732168528	0
Solyc05g013740.3	0.21658164732168528	0
Solyc03g083090.4	0.21658164732168528	0
Solyc05g055040.3	0.21658164732168528	0
Solyc04g015590.4	0.21658164732168528	0
Solyc04g076190.1	0.21658164732168528	0
Solyc03g118510.3	0.21658164732168528	0
Solyc06g005770.1	0.21658164732168528	0
Solyc04g080700.4	0.21658164732168528	0
Solyc06g053920.5	0.21658164732168528	0
Solyc04g050180.3	0.21658164732168528	0
Solyc05g008400.4	0.21658164732168528	0
Solyc03g118780.3	0.21658164732168528	0
Solyc06g065710.3	0.21658164732168528	0
Solyc06g007140.5	0.21658164732168528	0
Solyc06g054250.4	0.21658164732168528	0
Solyc06g076820.1	0.21658164732168528	0
Solyc04g076820.1	0.21658164732168528	0
Solyc06g076950.3	0.21658164732168528	0
Solyc07g049550.3	0.21658164732168528	0
Solyc04g077050.3	0.21658164732168528	0
Solyc06g054610.2	0.21658164732168528	0
Solyc07g005340.2	0.21658164732168528	0
Solyc06g059800.3	0.21658164732168528	0
Solyc06g034220.3	0.21658164732168528	0
Solyc04g081550.3	0.21658164732168528	0
Solyc07g051930.3	0.21658164732168528	0
Solyc07g065970.1	0.21658164732168528	0
Solyc09g008430.4	0.21658164732168528	0
Solyc06g073020.3	0.21658164732168528	0
Solyc06g060270.4	0.21658164732168528	0
Solyc08g074960.3	0.21658164732168528	0
Solyc08g079530.3	0.21658164732168528	0
Solyc08g079550.1	0.21658164732168528	0
Solyc07g066410.5	0.21658164732168528	0
Solyc07g017290.4	0.21658164732168528	0
Solyc07g066560.1	0.21658164732168528	0
Solyc06g048960.5	0.21658164732168528	0
Solyc07g006620.4	0.21658164732168528	0
Solyc06g061090.3	0.21658164732168528	0
Solyc07g062440.1	0.21658164732168528	0
Solyc06g073960.4	0.21658164732168528	0
Solyc06g083550.1	0.21658164732168528	0
Solyc09g009420.1	0.21658164732168528	0
Solyc06g062510.3	0.21658164732168528	0
Solyc08g080920.3	0.21658164732168528	0
Solyc09g018960.4	0.21658164732168528	0
Solyc08g042100.3	0.21658164732168528	0
Solyc09g020110.3	0.21658164732168528	0
Solyc06g069010.3	0.21658164732168528	0
Solyc08g081070.3	0.21658164732168528	0
Solyc06g084200.2	0.21658164732168528	0
Solyc07g043320.3	0.21658164732168528	0
Solyc06g074820.3	0.21658164732168528	0
Solyc06g084290.3	0.21658164732168528	0
Solyc08g045750.1	0.21658164732168528	0
Solyc06g084300.1	0.21658164732168528	0
Solyc07g063240.4	0.21658164732168528	0
Solyc09g009970.3	0.21658164732168528	0
Solyc09g064490.3	0.21658164732168528	0
Solyc09g010390.2	0.21658164732168528	0
Solyc06g052030.3	0.21658164732168528	0
Solyc06g150118.1	0.21658164732168528	0
Solyc08g060840.1	0.21658164732168528	0
Solyc06g150119.1	0.21658164732168528	0
Solyc09g010470.3	0.21658164732168528	0
Solyc07g008310.3	0.21658164732168528	0
Solyc08g081910.3	0.21658164732168528	0
Solyc07g063850.3	0.21658164732168528	0
Solyc07g064060.3	0.21658164732168528	0
Solyc08g005050.4	0.21658164732168528	0
Solyc06g053610.3	0.21658164732168528	0
Solyc07g008730.2	0.21658164732168528	0
Solyc07g054950.2	0.21658164732168528	0
Solyc06g076080.3	0.21658164732168528	0
Solyc08g077800.5	0.21658164732168528	0
Solyc06g065500.4	0.21658164732168528	0
Solyc08g082570.4	0.21658164732168528	0
Solyc07g064560.4	0.21658164732168528	0
Solyc08g068640.4	0.21658164732168528	0
Solyc08g077980.4	0.21658164732168528	0
Solyc07g055300.3	0.21658164732168528	0
Solyc09g011340.3	0.21658164732168528	0
Solyc08g082880.4	0.21658164732168528	0
Solyc10g008160.3	0.21658164732168528	0
Solyc08g078130.4	0.21658164732168528	0
Solyc08g005700.1	0.21658164732168528	0
Solyc06g071790.3	0.21658164732168528	0
Solyc08g069030.4	0.21658164732168528	0
Solyc08g078270.3	0.21658164732168528	0
Solyc10g084080.3	0.21658164732168528	0
Solyc10g078680.3	0.21658164732168528	0
Solyc08g078560.3	0.21658164732168528	0
Solyc10g008730.3	0.21658164732168528	0
Solyc07g065380.4	0.21658164732168528	0
Solyc09g066500.4	0.21658164732168528	0
Solyc09g072580.3	0.21658164732168528	0
Solyc09g072597.1	0.21658164732168528	0
Solyc09g072620.4	0.21658164732168528	0
Solyc10g079110.2	0.21658164732168528	0
Solyc08g016580.1	0.21658164732168528	0
Solyc09g075370.3	0.21658164732168528	0
Solyc10g005000.4	0.21658164732168528	0
Solyc09g091750.3	0.21658164732168528	0
Solyc11g065820.3	0.21658164732168528	0
Solyc11g065830.2	0.21658164732168528	0
Solyc10g011730.3	0.21658164732168528	0
Solyc11g042420.2	0.21658164732168528	0
Solyc12g027870.1	0.21658164732168528	0
Solyc12g010960.2	0.21658164732168528	0
Solyc12g088400.1	0.21658164732168528	0
Solyc11g072640.3	0.21658164732168528	0
Solyc11g017430.3	0.21658164732168528	0
Solyc10g005830.3	0.21658164732168528	0
Solyc12g088660.2	0.21658164732168528	0
Solyc10g047900.2	0.21658164732168528	0
Solyc11g009080.2	0.21658164732168528	0
Solyc10g049210.3	0.21658164732168528	0
Solyc10g006350.3	0.21658164732168528	0
Solyc12g006380.2	0.21658164732168528	0
Solyc09g098130.3	0.21658164732168528	0
Solyc12g089260.3	0.21658164732168528	0
Solyc09g098140.5	0.21658164732168528	0
Solyc10g086390.2	0.21658164732168528	0
Solyc10g086580.2	0.21658164732168528	0
Solyc11g150145.1	0.21658164732168528	0
Solyc10g018590.2	0.21658164732168528	0
Solyc12g056200.2	0.21658164732168528	0
Solyc12g038550.1	0.21658164732168528	0
Solyc11g011260.1	0.21658164732168528	0
Solyc11g068910.3	0.21658164732168528	0
Solyc11g006890.2	0.21658164732168528	0
Solyc12g096295.1	0.21658164732168528	0
Solyc12g096340.2	0.21658164732168528	0
Solyc12g056850.2	0.21658164732168528	0
Solyc11g062350.2	0.21658164732168528	0
Solyc11g069290.2	0.21658164732168528	0
Solyc09g090410.3	0.21658164732168528	0
Solyc11g062410.3	0.21658164732168528	0
Solyc12g057040.2	0.21658164732168528	0
Solyc12g009100.2	0.21658164732168528	0
Solyc11g012195.1	0.21658164732168528	0
Solyc10g078370.2	0.21658164732168528	0
Solyc12g042070.3	0.21658164732168528	0
Solyc11g069590.2	0.21658164732168528	0
Solyc11g069720.2	0.21658164732168528	0
Solyc11g069790.2	0.21658164732168528	0
Solyc11g069890.4	0.21658164732168528	0
Solyc12g042530.2	0.21658164732168528	0
Solyc11g070030.2	0.21658164732168528	0
Solyc12g042600.2	0.21658164732168528	0
Solyc12g099160.2	0.21658164732168528	0
Solyc10g055190.1	0.2167437787386951	0
Solyc10g055570.3	0.2167437787386951	0
Solyc11g056590.2	0.2167437787386951	0
Solyc09g090490.3	0.2170364016713927	0
Solyc03g097085.2	0.2170423569276475	0
Solyc12g033020.1	0.21710851878027804	0
Solyc06g054060.1	0.2171746665774481	0
Solyc06g064530.1	0.21724080032201665	0
Solyc01g009810.3	0.21726138069832934	0
Solyc04g081140.1	0.21768170748979254	0
Solyc03g150112.1	0.21770403427264562	0
Solyc09g082530.3	0.21770403427264562	0
Solyc12g017380.3	0.2177960519301113	0
Solyc09g160070.1	0.21791474295202928	0
Solyc07g064750.1	0.21794440862119135	0
Solyc12g006760.1	0.21803338862570487	0
Solyc09g090850.3	0.21806304296042578	0
Solyc03g122050.1	0.21815198896790777	0
Solyc04g054150.3	0.21818163197238294	0
Solyc01g098240.3	0.2182112721449525	0
Solyc00g500171.1	0.2182112721449525	0
Solyc08g078570.3	0.2182112721449525	0
Solyc05g018820.1	0.2182409094858795	0
Solyc00g500335.1	0.21827054399542645	0
Solyc03g033490.3	0.21827054399542645	0
Solyc05g010620.3	0.21827054399542645	0
Solyc06g083705.1	0.21827054399542645	0
Solyc09g011780.3	0.21827054399542645	0
Solyc09g089610.3	0.21827054399542645	0
Solyc10g050690.2	0.21827054399542645	0
Solyc01g097650.3	0.21830017567385607	0
Solyc02g072250.1	0.21830017567385607	0
Solyc01g011200.3	0.21830017567385607	0
Solyc02g091430.4	0.21830017567385607	0
Solyc01g006500.5	0.21830017567385607	0
Solyc03g005090.4	0.21830017567385607	0
Solyc03g005320.3	0.21830017567385607	0
Solyc03g025960.1	0.21830017567385607	0
Solyc03g111350.4	0.21830017567385607	0
Solyc04g051670.3	0.21830017567385607	0
Solyc04g025170.4	0.21830017567385607	0
Solyc05g010540.2	0.21830017567385607	0
Solyc04g072010.3	0.21830017567385607	0
Solyc04g007470.3	0.21830017567385607	0
Solyc04g056450.4	0.21830017567385607	0
Solyc05g007430.4	0.21830017567385607	0
Solyc03g122310.4	0.21830017567385607	0
Solyc04g016260.3	0.21830017567385607	0
Solyc06g074585.2	0.21830017567385607	0
Solyc08g081120.4	0.21830017567385607	0
Solyc08g076690.3	0.21830017567385607	0
Solyc06g064660.4	0.21830017567385607	0
Solyc10g084560.3	0.21830017567385607	0
Solyc10g079840.2	0.21830017567385607	0
Solyc11g068690.2	0.21830017567385607	0
Solyc10g081700.3	0.21830017567385607	0
Solyc00g007350.1	0.2187331247680112	0
Solyc02g022860.1	0.2187331247680112	0
Solyc05g024340.1	0.2187331247680112	0
Solyc05g051320.2	0.2187331247680112	0
Solyc12g099670.1	0.2187331247680112	0
Solyc11g044490.1	0.2187331247680112	0
Solyc12g019130.3	0.2187331247680112	0
Solyc10g054015.2	0.21954285257176787	0
Solyc06g054100.2	0.2196650528262727	0
Solyc06g068890.1	0.2196955953348878	0
Solyc08g161860.1	0.22047153439539124	0
Solyc03g034150.2	0.220534651838443	0
Solyc06g075900.1	0.2213274020677537	0
Solyc02g085060.2	0.22134041178090713	0
Solyc10g019270.3	0.22167249508646458	0
Solyc03g082805.1	0.2217050858421915	0
Solyc06g048813.1	0.2226136523007579	0
Solyc07g006800.1	0.22314264834844133	0
Solyc07g150110.1	0.22328941914388778	0
Solyc02g068540.3	0.22333884666330728	0
Solyc11g018490.3	0.22351987640232907	0
Solyc07g052050.3	0.22376108231793468	0
Solyc03g113360.4	0.2244835559274473	0
Solyc00g052540.1	0.22463819901306648	0
Solyc01g110860.1	0.2246639065212186	0
Solyc10g078325.1	0.2246639065212186	0
Solyc01g103910.1	0.2248741803271318	0
Solyc07g007990.5	0.2248741803271318	0
Solyc11g061700.2	0.22498179377344585	0
Solyc02g005110.3	0.22532427716844994	0
Solyc07g026730.1	0.22532427716844994	0
Solyc03g120370.1	0.22537828606504118	0
Solyc02g067880.3	0.22551131477864317	0
Solyc01g094450.1	0.22558421388510919	0
Solyc10g017980.1	0.22559094492078346	0
Solyc01g095080.3	0.22565392410206753	0
Solyc12g150127.1	0.22568359981303332	0
Solyc01g091250.3	0.22579059521899658	0
Solyc08g016763.1	0.2258526225767329	0
Solyc12g088160.3	0.22589344220521212	0
Solyc04g025400.3	0.22590182190743124	0
Solyc05g053620.3	0.2260131302226951	0
Solyc07g052710.1	0.2260430448310321	0
Solyc01g112270.1	0.22607295648157488	0
Solyc01g108710.3	0.22607295648157488	0
Solyc01g111220.3	0.22616267368953247	0
Solyc06g069620.1	0.22617384767158077	0
Solyc04g079370.4	0.2262224703782093	0
Solyc06g069540.1	0.2262224703782093	0
Solyc01g088230.3	0.22625236428848883	0
Solyc08g061830.1	0.22625236428848883	0
Solyc09g066140.3	0.22625236428848883	0
Solyc09g092420.3	0.22625236428848883	0
Solyc11g021020.1	0.22625236428848883	0
Solyc11g070040.3	0.22625236428848883	0
Solyc02g064710.3	0.22628225524314216	0
Solyc05g052680.1	0.22628225524314216	0
Solyc03g097850.1	0.22628225524314216	0
Solyc02g084730.3	0.22631214324247906	0
Solyc01g103640.5	0.22631214324247906	0
Solyc01g097950.3	0.22631214324247906	0
Solyc02g069570.3	0.22631214324247906	0
Solyc04g080620.3	0.22631214324247906	0
Solyc09g005600.3	0.22631214324247906	0
Solyc11g044990.1	0.22631214324247906	0
Solyc11g005790.4	0.22631214324247906	0
Solyc01g008530.3	0.22634202828681027	0
Solyc01g103270.4	0.22634202828681027	0
Solyc01g150149.1	0.22634202828681027	0
Solyc01g081040.4	0.22634202828681027	0
Solyc01g066610.4	0.22634202828681027	0
Solyc02g090430.3	0.22634202828681027	0
Solyc02g076970.2	0.22634202828681027	0
Solyc01g104580.3	0.22634202828681027	0
Solyc01g005040.3	0.22634202828681027	0
Solyc02g069500.1	0.22634202828681027	0
Solyc01g057270.4	0.22634202828681027	0
Solyc02g082910.5	0.22634202828681027	0
Solyc01g100990.3	0.22634202828681027	0
Solyc01g096890.5	0.22634202828681027	0
Solyc02g093090.1	0.22634202828681027	0
Solyc05g015520.3	0.22634202828681027	0
Solyc04g009470.4	0.22634202828681027	0
Solyc04g005460.1	0.22634202828681027	0
Solyc04g005630.3	0.22634202828681027	0
Solyc03g112500.4	0.22634202828681027	0
Solyc05g006690.3	0.22634202828681027	0
Solyc03g113180.3	0.22634202828681027	0
Solyc03g046450.3	0.22634202828681027	0
Solyc04g008090.5	0.22634202828681027	0
Solyc05g008540.3	0.22634202828681027	0
Solyc05g026360.4	0.22634202828681027	0
Solyc07g009340.2	0.22634202828681027	0
Solyc05g055980.4	0.22634202828681027	0
Solyc06g072980.4	0.22634202828681027	0
Solyc07g066220.3	0.22634202828681027	0
Solyc08g075230.1	0.22634202828681027	0
Solyc09g008730.3	0.22634202828681027	0
Solyc09g009400.4	0.22634202828681027	0
Solyc09g018900.3	0.22634202828681027	0
Solyc09g009800.3	0.22634202828681027	0
Solyc06g084250.4	0.22634202828681027	0
Solyc07g007550.3	0.22634202828681027	0
Solyc08g081850.1	0.22634202828681027	0
Solyc08g077730.3	0.22634202828681027	0
Solyc08g016060.1	0.22634202828681027	0
Solyc07g065470.4	0.22634202828681027	0
Solyc10g079480.1	0.22634202828681027	0
Solyc11g008530.3	0.22634202828681027	0
Solyc12g088470.3	0.22634202828681027	0
Solyc02g021010.2	0.22644491152777946	0
Solyc02g079460.1	0.22644491152777946	0
Solyc03g115480.1	0.22644491152777946	0
Solyc05g007620.1	0.22644491152777946	0
Solyc09g014600.1	0.22644491152777946	0
Solyc10g085890.1	0.22644491152777946	0
Solyc11g028060.1	0.22644491152777946	0
Solyc12g062733.2	0.22644491152777946	0
Solyc04g049190.1	0.22665900002493378	0
Solyc10g161100.1	0.22665900002493378	0
Solyc03g063500.1	0.2266962871834921	0
Solyc05g010760.3	0.2266962871834921	0
Solyc04g161780.1	0.22673356973747094	0
Solyc11g011570.1	0.22673356973747094	0
Solyc08g067380.1	0.22700179375954466	0
Solyc04g057850.1	0.2270405431824456	0
Solyc06g004000.1	0.22707928762726437	0
Solyc03g095900.5	0.2287597036729807	0
Solyc03g078550.2	0.2287597036729807	0
Solyc07g045270.2	0.22920165464112485	0
Solyc06g160330.1	0.22920165464112485	0
Solyc06g043140.4	0.22942855647706595	0
Solyc01g009960.4	0.22958173882690824	0
Solyc06g005740.3	0.23022152429283438	0
Solyc01g009930.3	0.2307738748607432	0
Solyc08g076235.2	0.23080437993927405	0
Solyc03g093270.3	0.23083975470175722	0
Solyc00g022080.1	0.23096549764773755	0
Solyc07g053770.2	0.23096549764773755	0
Solyc11g038350.2	0.23096549764773755	0
Solyc11g007050.1	0.23096549764773755	0
Solyc11g062380.1	0.2313125306177487	0
Solyc11g069055.2	0.2317062401511648	0
Solyc02g082750.4	0.23177889660196827	0
Solyc05g050590.3	0.2321104551840939	0
Solyc01g097230.4	0.23298483616320428	0
Solyc01g080080.3	0.23298483616320428	0
Solyc02g080130.5	0.23298483616320428	0
Solyc02g093600.3	0.23298483616320428	0
Solyc02g071810.4	0.23298483616320428	0
Solyc02g093790.3	0.23298483616320428	0
Solyc01g097640.3	0.23298483616320428	0
Solyc02g067470.4	0.23298483616320428	0
Solyc02g094560.3	0.23298483616320428	0
Solyc02g090170.3	0.23298483616320428	0
Solyc01g104170.3	0.23298483616320428	0
Solyc01g091840.4	0.23298483616320428	0
Solyc02g085840.2	0.23298483616320428	0
Solyc02g068240.4	0.23298483616320428	0
Solyc02g068300.3	0.23298483616320428	0
Solyc02g081430.3	0.23298483616320428	0
Solyc02g077030.3	0.23298483616320428	0
Solyc01g104480.4	0.23298483616320428	0
Solyc01g098750.4	0.23298483616320428	0
Solyc02g021400.2	0.23298483616320428	0
Solyc01g067330.3	0.23298483616320428	0
Solyc02g086300.4	0.23298483616320428	0
Solyc01g099150.5	0.23298483616320428	0
Solyc02g077660.3	0.23298483616320428	0
Solyc02g091510.3	0.23298483616320428	0
Solyc02g069290.3	0.23298483616320428	0
Solyc00g500057.1	0.23298483616320428	0
Solyc01g095190.2	0.23298483616320428	0
Solyc03g019940.4	0.23298483616320428	0
Solyc02g091760.1	0.23298483616320428	0
Solyc01g006120.4	0.23298483616320428	0
Solyc01g068390.3	0.23298483616320428	0
Solyc02g082920.5	0.23298483616320428	0
Solyc02g087440.5	0.23298483616320428	0
Solyc01g095620.3	0.23298483616320428	0
Solyc03g025280.4	0.23298483616320428	0
Solyc01g014620.1	0.23298483616320428	0
Solyc01g100630.3	0.23298483616320428	0
Solyc01g058010.3	0.23298483616320428	0
Solyc03g005050.3	0.23298483616320428	0
Solyc02g083260.3	0.23298483616320428	0
Solyc01g058190.4	0.23298483616320428	0
Solyc02g087850.1	0.23298483616320428	0
Solyc02g065250.2	0.23298483616320428	0
Solyc02g083340.4	0.23298483616320428	0
Solyc02g092420.4	0.23298483616320428	0
Solyc01g006800.4	0.23298483616320428	0
Solyc02g033060.3	0.23298483616320428	0
Solyc02g065400.3	0.23298483616320428	0
Solyc01g111200.3	0.23298483616320428	0
Solyc01g096420.3	0.23298483616320428	0
Solyc03g005680.3	0.23298483616320428	0
Solyc02g070980.1	0.23298483616320428	0
Solyc00g500209.1	0.23298483616320428	0
Solyc03g083550.1	0.23298483616320428	0
Solyc03g026240.4	0.23298483616320428	0
Solyc02g084005.1	0.23298483616320428	0
Solyc02g071190.4	0.23298483616320428	0
Solyc01g079650.3	0.23298483616320428	0
Solyc01g096910.3	0.23298483616320428	0
Solyc03g006040.3	0.23298483616320428	0
Solyc01g096950.4	0.23298483616320428	0
Solyc03g114790.3	0.23298483616320428	0
Solyc03g031970.4	0.23298483616320428	0
Solyc01g079870.4	0.23298483616320428	0
Solyc03g119380.3	0.23298483616320428	0
Solyc04g009020.4	0.23298483616320428	0
Solyc03g110880.4	0.23298483616320428	0
Solyc03g033560.3	0.23298483616320428	0
Solyc03g063200.3	0.23298483616320428	0
Solyc04g017750.4	0.23298483616320428	0
Solyc04g009180.3	0.23298483616320428	0
Solyc05g032880.3	0.23298483616320428	0
Solyc04g077430.4	0.23298483616320428	0
Solyc03g120080.4	0.23298483616320428	0
Solyc03g034080.5	0.23298483616320428	0
Solyc05g015610.3	0.23298483616320428	0
Solyc04g082400.3	0.23298483616320428	0
Solyc04g078000.3	0.23298483616320428	0
Solyc03g115930.3	0.23298483616320428	0
Solyc03g043660.3	0.23298483616320428	0
Solyc04g009850.4	0.23298483616320428	0
Solyc04g051850.3	0.23298483616320428	0
Solyc05g010630.4	0.23298483616320428	0
Solyc06g008200.3	0.23298483616320428	0
Solyc03g078080.5	0.23298483616320428	0
Solyc04g078740.2	0.23298483616320428	0
Solyc05g017860.3	0.23298483616320428	0
Solyc04g005650.3	0.23298483616320428	0
Solyc04g005653.2	0.23298483616320428	0
Solyc03g121120.4	0.23298483616320428	0
Solyc03g078400.3	0.23298483616320428	0
Solyc04g054470.4	0.23298483616320428	0
Solyc05g053360.3	0.23298483616320428	0
Solyc05g012360.3	0.23298483616320428	0
Solyc05g018300.3	0.23298483616320428	0
Solyc04g039980.3	0.23298483616320428	0
Solyc04g073960.3	0.23298483616320428	0
Solyc03g081200.3	0.23298483616320428	0
Solyc04g074070.2	0.23298483616320428	0
Solyc04g079700.3	0.23298483616320428	0
Solyc03g121860.1	0.23298483616320428	0
Solyc04g007710.3	0.23298483616320428	0
Solyc05g013040.3	0.23298483616320428	0
Solyc03g117660.4	0.23298483616320428	0
Solyc04g047670.2	0.23298483616320428	0
Solyc04g056350.1	0.23298483616320428	0
Solyc05g013260.4	0.23298483616320428	0
Solyc05g054640.4	0.23298483616320428	0
Solyc04g074870.3	0.23298483616320428	0
Solyc04g080220.3	0.23298483616320428	0
Solyc04g080230.3	0.23298483616320428	0
Solyc03g123500.4	0.23298483616320428	0
Solyc03g123530.4	0.23298483616320428	0
Solyc03g123730.5	0.23298483616320428	0
Solyc04g049800.3	0.23298483616320428	0
Solyc04g015490.4	0.23298483616320428	0
Solyc04g080710.4	0.23298483616320428	0
Solyc05g026050.4	0.23298483616320428	0
Solyc05g014140.3	0.23298483616320428	0
Solyc03g118830.3	0.23298483616320428	0
Solyc06g036050.4	0.23298483616320428	0
Solyc06g036110.1	0.23298483616320428	0
Solyc06g072230.1	0.23298483616320428	0
Solyc06g007220.4	0.23298483616320428	0
Solyc03g119040.3	0.23298483616320428	0
Solyc03g119140.4	0.23298483616320428	0
Solyc06g082030.3	0.23298483616320428	0
Solyc07g049590.3	0.23298483616320428	0
Solyc07g039320.2	0.23298483616320428	0
Solyc07g049655.1	0.23298483616320428	0
Solyc08g016750.3	0.23298483616320428	0
Solyc06g082150.4	0.23298483616320428	0
Solyc06g043030.4	0.23298483616320428	0
Solyc08g074730.2	0.23298483616320428	0
Solyc09g008380.3	0.23298483616320428	0
Solyc08g150138.1	0.23298483616320428	0
Solyc08g063040.4	0.23298483616320428	0
Solyc07g005750.3	0.23298483616320428	0
Solyc09g008410.3	0.23298483616320428	0
Solyc06g060410.3	0.23298483616320428	0
Solyc06g082595.1	0.23298483616320428	0
Solyc07g041190.3	0.23298483616320428	0
Solyc07g066390.1	0.23298483616320428	0
Solyc06g073290.1	0.23298483616320428	0
Solyc06g073320.3	0.23298483616320428	0
Solyc06g060800.4	0.23298483616320428	0
Solyc08g065860.3	0.23298483616320428	0
Solyc07g062220.3	0.23298483616320428	0
Solyc08g066040.1	0.23298483616320428	0
Solyc08g075770.3	0.23298483616320428	0
Solyc08g007030.3	0.23298483616320428	0
Solyc07g053020.3	0.23298483616320428	0
Solyc07g053060.3	0.23298483616320428	0
Solyc06g062330.3	0.23298483616320428	0
Solyc06g083690.3	0.23298483616320428	0
Solyc06g062500.4	0.23298483616320428	0
Solyc06g083700.4	0.23298483616320428	0
Solyc06g062550.4	0.23298483616320428	0
Solyc08g041870.3	0.23298483616320428	0
Solyc08g007360.3	0.23298483616320428	0
Solyc06g068870.3	0.23298483616320428	0
Solyc07g007190.3	0.23298483616320428	0
Solyc07g007210.3	0.23298483616320428	0
Solyc06g068980.4	0.23298483616320428	0
Solyc08g007510.3	0.23298483616320428	0
Solyc07g053550.3	0.23298483616320428	0
Solyc06g074630.4	0.23298483616320428	0
Solyc07g053640.1	0.23298483616320428	0
Solyc09g009890.4	0.23298483616320428	0
Solyc07g043330.3	0.23298483616320428	0
Solyc06g084350.3	0.23298483616320428	0
Solyc06g063170.3	0.23298483616320428	0
Solyc08g081330.4	0.23298483616320428	0
Solyc07g007750.3	0.23298483616320428	0
Solyc08g007950.3	0.23298483616320428	0
Solyc08g076870.1	0.23298483616320428	0
Solyc07g063390.3	0.23298483616320428	0
Solyc08g081500.3	0.23298483616320428	0
Solyc07g044780.3	0.23298483616320428	0
Solyc08g059710.4	0.23298483616320428	0
Solyc07g022830.3	0.23298483616320428	0
Solyc08g081660.2	0.23298483616320428	0
Solyc09g005740.3	0.23298483616320428	0
Solyc09g010430.1	0.23298483616320428	0
Solyc08g060810.3	0.23298483616320428	0
Solyc09g064610.3	0.23298483616320428	0
Solyc09g064660.4	0.23298483616320428	0
Solyc06g150127.1	0.23298483616320428	0
Solyc07g054500.4	0.23298483616320428	0
Solyc07g045160.3	0.23298483616320428	0
Solyc06g064940.3	0.23298483616320428	0
Solyc07g026770.3	0.23298483616320428	0
Solyc06g071260.5	0.23298483616320428	0
Solyc07g032110.3	0.23298483616320428	0
Solyc09g065400.2	0.23298483616320428	0
Solyc06g076220.3	0.23298483616320428	0
Solyc08g082610.4	0.23298483616320428	0
Solyc07g008940.3	0.23298483616320428	0
Solyc09g065510.3	0.23298483616320428	0
Solyc09g065580.4	0.23298483616320428	0
Solyc07g047940.4	0.23298483616320428	0
Solyc06g071730.3	0.23298483616320428	0
Solyc10g083920.2	0.23298483616320428	0
Solyc08g078340.3	0.23298483616320428	0
Solyc10g008560.3	0.23298483616320428	0
Solyc07g049450.3	0.23298483616320428	0
Solyc07g065270.1	0.23298483616320428	0
Solyc10g009030.5	0.23298483616320428	0
Solyc09g075030.3	0.23298483616320428	0
Solyc09g091450.3	0.23298483616320428	0
Solyc11g071970.2	0.23298483616320428	0
Solyc12g042920.2	0.23298483616320428	0
Solyc09g091710.3	0.23298483616320428	0
Solyc12g021170.2	0.23298483616320428	0
Solyc09g091820.5	0.23298483616320428	0
Solyc11g013750.3	0.23298483616320428	0
Solyc11g008290.1	0.23298483616320428	0
Solyc12g099240.2	0.23298483616320428	0
Solyc09g075790.3	0.23298483616320428	0
Solyc12g088230.3	0.23298483616320428	0
Solyc10g079830.3	0.23298483616320428	0
Solyc12g011037.2	0.23298483616320428	0
Solyc10g005580.3	0.23298483616320428	0
Solyc11g008710.2	0.23298483616320428	0
Solyc10g080090.3	0.23298483616320428	0
Solyc11g066360.2	0.23298483616320428	0
Solyc11g005220.2	0.23298483616320428	0
Solyc10g062160.3	0.23298483616320428	0
Solyc10g017530.3	0.23298483616320428	0
Solyc09g082560.4	0.23298483616320428	0
Solyc12g013690.2	0.23298483616320428	0
Solyc11g044880.3	0.23298483616320428	0
Solyc11g010330.3	0.23298483616320428	0
Solyc12g036390.2	0.23298483616320428	0
Solyc12g013990.3	0.23298483616320428	0
Solyc12g049560.2	0.23298483616320428	0
Solyc12g036500.2	0.23298483616320428	0
Solyc11g010500.1	0.23298483616320428	0
Solyc10g086500.1	0.23298483616320428	0
Solyc11g005900.2	0.23298483616320428	0
Solyc12g014230.2	0.23298483616320428	0
Solyc12g055855.3	0.23298483616320428	0
Solyc09g083080.4	0.23298483616320428	0
Solyc10g006740.4	0.23298483616320428	0
Solyc10g006800.4	0.23298483616320428	0
Solyc10g049917.1	0.23298483616320428	0
Solyc10g081360.2	0.23298483616320428	0
Solyc11g011210.2	0.23298483616320428	0
Solyc10g007100.3	0.23298483616320428	0
Solyc11g006485.1	0.23298483616320428	0
Solyc09g089580.4	0.23298483616320428	0
Solyc12g007190.2	0.23298483616320428	0
Solyc11g011340.2	0.23298483616320428	0
Solyc11g068760.2	0.23298483616320428	0
Solyc09g089750.1	0.23298483616320428	0
Solyc12g096030.1	0.23298483616320428	0
Solyc11g011630.3	0.23298483616320428	0
Solyc12g096190.2	0.23298483616320428	0
Solyc09g090110.3	0.23298483616320428	0
Solyc11g007040.2	0.23298483616320428	0
Solyc11g028000.1	0.23298483616320428	0
Solyc12g096370.2	0.23298483616320428	0
Solyc10g052490.2	0.23298483616320428	0
Solyc11g069490.3	0.23298483616320428	0
Solyc12g009490.4	0.23298483616320428	0
Solyc12g098150.2	0.23298483616320428	0
Solyc12g009970.2	0.23298483616320428	0
Solyc12g098690.2	0.23298483616320428	0
Solyc12g010120.2	0.23298483616320428	0
Solyc01g108320.3	0.23350687472379794	0
Solyc03g032110.3	0.2338391867754669	0
Solyc10g007040.3	0.23411080075574653	0
Solyc02g067103.1	0.23421775158038283	0
Solyc08g007560.3	0.23422623166582746	0
Solyc01g081600.3	0.23424901095145523	0
Solyc02g069480.3	0.23428026701186144	0
Solyc10g053880.1	0.23429173803265013	0
Solyc02g030462.1	0.23436085654358008	0
Solyc09g005110.3	0.23438216508705467	0
Solyc09g008770.3	0.23441230128030632	0
Solyc09g009600.3	0.23441230128030632	0
Solyc03g111400.1	0.23444243439504542	0
Solyc12g099040.2	0.23444243439504542	0
Solyc04g071290.4	0.23450269139041624	0
Solyc02g082050.3	0.2345328152717635	0
Solyc06g082880.2	0.2345328152717635	0
Solyc02g080180.1	0.23456293607602852	0
Solyc02g021410.4	0.23456293607602852	0
Solyc03g034320.3	0.23456293607602852	0
Solyc05g005610.5	0.23456293607602852	0
Solyc03g082900.3	0.23456293607602852	0
Solyc06g033860.2	0.23456293607602852	0
Solyc07g052970.3	0.23456293607602852	0
Solyc02g089310.1	0.23459305380356943	0
Solyc02g081420.3	0.23459305380356943	0
Solyc03g013630.4	0.23459305380356943	0
Solyc03g025740.4	0.23459305380356943	0
Solyc03g093410.3	0.23459305380356943	0
Solyc04g071280.3	0.23459305380356943	0
Solyc05g015920.3	0.23459305380356943	0
Solyc05g053950.4	0.23459305380356943	0
Solyc04g008170.1	0.23459305380356943	0
Solyc06g060860.2	0.23459305380356943	0
Solyc06g074710.1	0.23459305380356943	0
Solyc08g061250.3	0.23459305380356943	0
Solyc12g021160.1	0.23459305380356943	0
Solyc12g099700.4	0.23459305380356943	0
Solyc11g068360.1	0.23459305380356943	0
Solyc11g007030.3	0.23459305380356943	0
Solyc08g080930.1	0.23570441665062847	0
Solyc10g055685.2	0.2362741360342191	0
Solyc01g080370.3	0.23630482866503133	0
Solyc04g081860.3	0.23630482866503133	0
Solyc08g066335.1	0.23633586710373666	0
Solyc12g038200.3	0.23639144627161524	0
Solyc01g068297.2	0.23643284106073947	0
Solyc09g064330.2	0.2364696270377643	0
Solyc04g024810.2	0.23658685911484456	0
Solyc03g117955.1	0.2375263291304721	0
Solyc08g059750.4	0.23772743342913238	0
Solyc12g005440.1	0.23823839695935145	0
Solyc06g048550.2	0.23896803109792208	0
Solyc10g011830.1	0.23936176684493826	0
Solyc00g500248.1	0.23961507091772782	0
Solyc00g011560.1	0.23961507091772782	0
Solyc01g090830.2	0.23961507091772782	0
Solyc02g014290.1	0.23961507091772782	0
Solyc00g028760.2	0.23961507091772782	0
Solyc02g080690.1	0.23961507091772782	0
Solyc00g076250.1	0.23961507091772782	0
Solyc01g009710.1	0.23961507091772782	0
Solyc01g160240.1	0.23961507091772782	0
Solyc00g500375.1	0.23961507091772782	0
Solyc01g009740.4	0.23961507091772782	0
Solyc00g500402.1	0.23961507091772782	0
Solyc02g021780.4	0.23961507091772782	0
Solyc01g104940.3	0.23961507091772782	0
Solyc00g500007.1	0.23961507091772782	0
Solyc00g500018.1	0.23961507091772782	0
Solyc02g160400.1	0.23961507091772782	0
Solyc01g056660.3	0.23961507091772782	0
Solyc01g161990.1	0.23961507091772782	0
Solyc02g078090.1	0.23961507091772782	0
Solyc01g012580.1	0.23961507091772782	0
Solyc02g161160.1	0.23961507091772782	0
Solyc01g162320.1	0.23961507091772782	0
Solyc02g161420.1	0.23961507091772782	0
Solyc01g057745.2	0.23961507091772782	0
Solyc01g162780.1	0.23961507091772782	0
Solyc02g070130.1	0.23961507091772782	0
Solyc01g014980.4	0.23961507091772782	0
Solyc01g163050.1	0.23961507091772782	0
Solyc03g025660.1	0.23961507091772782	0
Solyc01g016430.1	0.23961507091772782	0
Solyc01g059765.1	0.23961507091772782	0
Solyc03g098175.1	0.23961507091772782	0
Solyc02g066890.3	0.23961507091772782	0
Solyc03g026414.1	0.23961507091772782	0
Solyc03g083920.1	0.23961507091772782	0
Solyc03g031510.5	0.23961507091772782	0
Solyc04g162570.1	0.23961507091772782	0
Solyc05g004003.1	0.23961507091772782	0
Solyc04g051220.1	0.23961507091772782	0
Solyc05g005390.3	0.23961507091772782	0
Solyc05g010360.2	0.23961507091772782	0
Solyc03g095907.1	0.23961507091772782	0
Solyc04g054525.1	0.23961507091772782	0
Solyc04g160210.1	0.23961507091772782	0
Solyc03g079915.2	0.23961507091772782	0
Solyc05g049860.3	0.23961507091772782	0
Solyc05g049930.1	0.23961507091772782	0
Solyc05g024315.1	0.23961507091772782	0
Solyc04g162150.1	0.23961507091772782	0
Solyc06g019140.3	0.23961507091772782	0
Solyc06g036234.2	0.23961507091772782	0
Solyc07g009190.1	0.23961507091772782	0
Solyc06g033870.1	0.23961507091772782	0
Solyc06g034090.1	0.23961507091772782	0
Solyc07g009560.3	0.23961507091772782	0
Solyc07g049790.1	0.23961507091772782	0
Solyc07g005630.3	0.23961507091772782	0
Solyc08g006295.1	0.23961507091772782	0
Solyc08g065680.3	0.23961507091772782	0
Solyc07g150111.1	0.23961507091772782	0
Solyc07g150114.1	0.23961507091772782	0
Solyc09g059560.3	0.23961507091772782	0
Solyc08g066130.1	0.23961507091772782	0
Solyc08g044470.1	0.23961507091772782	0
Solyc08g045730.1	0.23961507091772782	0
Solyc09g031850.1	0.23961507091772782	0
Solyc06g064700.1	0.23961507091772782	0
Solyc07g161800.1	0.23961507091772782	0
Solyc06g064930.3	0.23961507091772782	0
Solyc08g061323.2	0.23961507091772782	0
Solyc06g160180.1	0.23961507091772782	0
Solyc06g160270.1	0.23961507091772782	0
Solyc07g032027.1	0.23961507091772782	0
Solyc08g061900.1	0.23961507091772782	0
Solyc07g047910.2	0.23961507091772782	0
Solyc10g039235.1	0.23961507091772782	0
Solyc09g161020.1	0.23961507091772782	0
Solyc11g039370.3	0.23961507091772782	0
Solyc10g054410.1	0.23961507091772782	0
Solyc09g091640.1	0.23961507091772782	0
Solyc12g082797.1	0.23961507091772782	0
Solyc11g013700.3	0.23961507091772782	0
Solyc10g046830.3	0.23961507091772782	0
Solyc11g072210.1	0.23961507091772782	0
Solyc10g085170.3	0.23961507091772782	0
Solyc10g079650.2	0.23961507091772782	0
Solyc12g011390.1	0.23961507091772782	0
Solyc12g013490.1	0.23961507091772782	0
Solyc10g017620.3	0.23961507091772782	0
Solyc11g020140.1	0.23961507091772782	0
Solyc12g094435.1	0.23961507091772782	0
Solyc10g050420.3	0.23961507091772782	0
Solyc12g038700.1	0.23961507091772782	0
Solyc10g160130.1	0.23961507091772782	0
Solyc12g161530.1	0.23961507091772782	0
Solyc10g051170.2	0.23961507091772782	0
Solyc11g033250.3	0.23961507091772782	0
Solyc12g098140.2	0.23961507091772782	0
Solyc12g098260.1	0.23961507091772782	0
Solyc06g063150.4	0.23997545654276475	0
Solyc03g079860.2	0.24008041783158163	0
Solyc06g030590.4	0.24110737209221655	0
Solyc07g005235.1	0.24121294335085497	0
Solyc10g054600.1	0.24121294335085497	0
Solyc09g010200.5	0.24122947681595985	0
Solyc07g053070.3	0.24124843809383656	0
Solyc11g028170.3	0.2412839284819891	0
Solyc04g077300.3	0.24129050985714284	0
Solyc08g078260.1	0.24129050985714284	0
Solyc08g082357.1	0.2413515300221838	0
Solyc04g080860.1	0.24138203527716284	0
Solyc07g018250.1	0.24138203527716284	0
Solyc08g077070.3	0.24138203527716284	0
Solyc08g079160.3	0.24143136412628252	0
Solyc00g500282.1	0.24161354431375637	0
Solyc02g089580.3	0.24165907142282228	0
Solyc11g065770.1	0.2418696820084586	0
Solyc11g008650.1	0.2419914651727968	0
Solyc02g092030.3	0.24205233749501498	0
Solyc03g116520.1	0.24244769486544315	0
Solyc09g050065.1	0.24244769486544315	0
Solyc11g020160.2	0.24244769486544315	0
Solyc01g034080.1	0.24250847099934336	0
Solyc10g084860.1	0.24250847099934336	0
Solyc05g052370.3	0.2426907225460484	0
Solyc01g108790.3	0.24278180510853575	0
Solyc09g010910.3	0.24278180510853575	0
Solyc11g011640.1	0.24278180510853575	0
Solyc07g054980.4	0.24278515516985932	0
Solyc06g005550.3	0.24287285887837784	0
Solyc08g060830.4	0.2429032037385186	0
Solyc07g007730.5	0.24291588519252627	0
Solyc04g050990.3	0.24293354540109868	0
Solyc11g162250.1	0.24293354540109868	0
Solyc10g054900.2	0.24293354540109868	0
Solyc11g073200.2	0.24293354540109868	0
Solyc10g086720.2	0.24293354540109868	0
Solyc02g071680.1	0.24296388386652412	0
Solyc07g005420.2	0.24296388386652412	0
Solyc10g079795.1	0.24296388386652412	0
Solyc07g005280.3	0.24299421913519992	0
Solyc01g080900.5	0.24302455120753197	0
Solyc01g108775.2	0.24302455120753197	0
Solyc01g086700.4	0.24302455120753197	0
Solyc01g006040.3	0.24302455120753197	0
Solyc01g110510.3	0.24302455120753197	0
Solyc04g064850.3	0.24302455120753197	0
Solyc05g018390.3	0.24302455120753197	0
Solyc08g082010.3	0.24302455120753197	0
Solyc11g008550.3	0.24302455120753197	0
Solyc12g049520.2	0.24302455120753197	0
Solyc01g080190.3	0.24305488008392584	0
Solyc02g093740.3	0.24305488008392584	0
Solyc01g080620.3	0.24305488008392584	0
Solyc00g500316.1	0.24305488008392584	0
Solyc02g094590.3	0.24305488008392584	0
Solyc03g007340.5	0.24305488008392584	0
Solyc02g087170.4	0.24305488008392584	0
Solyc02g078210.3	0.24305488008392584	0
Solyc03g006010.3	0.24305488008392584	0
Solyc02g088770.3	0.24305488008392584	0
Solyc04g009790.4	0.24305488008392584	0
Solyc03g116600.3	0.24305488008392584	0
Solyc03g095980.3	0.24305488008392584	0
Solyc03g117120.4	0.24305488008392584	0
Solyc05g053690.2	0.24305488008392584	0
Solyc04g072850.5	0.24305488008392584	0
Solyc05g007960.4	0.24305488008392584	0
Solyc07g005520.1	0.24305488008392584	0
Solyc05g056200.1	0.24305488008392584	0
Solyc07g052340.4	0.24305488008392584	0
Solyc09g059250.1	0.24305488008392584	0
Solyc08g007540.3	0.24305488008392584	0
Solyc07g007680.4	0.24305488008392584	0
Solyc08g077000.1	0.24305488008392584	0
Solyc07g054490.3	0.24305488008392584	0
Solyc08g077500.4	0.24305488008392584	0
Solyc08g077540.2	0.24305488008392584	0
Solyc06g071150.4	0.24305488008392584	0
Solyc08g082960.3	0.24305488008392584	0
Solyc07g049160.4	0.24305488008392584	0
Solyc08g078730.3	0.24305488008392584	0
Solyc10g078950.2	0.24305488008392584	0
Solyc11g007800.3	0.24305488008392584	0
Solyc11g008610.3	0.24305488008392584	0
Solyc10g085600.2	0.24305488008392584	0
Solyc11g066330.3	0.24305488008392584	0
Solyc12g099620.1	0.24305488008392584	0
Solyc11g008730.2	0.24305488008392584	0
Solyc12g036380.1	0.24305488008392584	0
Solyc11g011470.2	0.24305488008392584	0
Solyc12g096140.3	0.24305488008392584	0
Solyc10g083300.2	0.24305488008392584	0
Solyc03g042550.2	0.24365382641198463	0
Solyc01g104390.2	0.2437270564001356	0
Solyc03g119560.1	0.24376366439575814	0
Solyc08g160450.1	0.2442469504254945	0
Solyc00g500347.1	0.244505888952379	0
Solyc06g062450.3	0.24454902264827594	0
Solyc12g005320.4	0.24454902264827594	0
Solyc07g161650.1	0.24459214985440858	0
Solyc10g008900.3	0.24459214985440858	0
Solyc11g006440.1	0.24459214985440858	0
Solyc10g085640.1	0.24484072942784874	0
Solyc10g079540.1	0.24536095432914284	0
Solyc05g014175.1	0.24547464135198704	0
Solyc06g161080.1	0.24547464135198704	0
Solyc01g106300.3	0.2460174062243191	0
Solyc06g069135.1	0.2460585063784888	0
Solyc01g106720.1	0.24621167005646516	0
Solyc05g015460.3	0.24625104884904936	0
Solyc10g073353.1	0.2462618423714742	0
Solyc02g005310.3	0.24629042220739406	0
Solyc12g011027.1	0.2473001169357908	0
Solyc05g055590.2	0.24757927941054458	0
Solyc01g090345.1	0.24769486546269803	0
Solyc04g080395.1	0.24905780185171256	0
Solyc04g071760.3	0.24908977976636537	0
Solyc10g017540.4	0.24915372476293773	0
Solyc04g150167.2	0.2491539111384229	0
Solyc11g161470.1	0.2491539111384229	0
Solyc01g008400.3	0.24998417810368667	0
Solyc01g112190.3	0.25021665557718686	0
Solyc02g005520.2	0.25021665557718686	0
Solyc03g006310.4	0.25021665557718686	0
Solyc02g071640.4	0.25021665557718686	0
Solyc02g071750.3	0.25021665557718686	0
Solyc01g008780.3	0.25021665557718686	0
Solyc02g080320.4	0.25021665557718686	0
Solyc02g093770.3	0.25021665557718686	0
Solyc01g090990.3	0.25021665557718686	0
Solyc02g093840.3	0.25021665557718686	0
Solyc02g089540.3	0.25021665557718686	0
Solyc01g009160.2	0.25021665557718686	0
Solyc00g500322.1	0.25021665557718686	0
Solyc02g094130.3	0.25021665557718686	0
Solyc01g108340.3	0.25021665557718686	0
Solyc02g085440.5	0.25021665557718686	0
Solyc02g085450.1	0.25021665557718686	0
Solyc01g009520.4	0.25021665557718686	0
Solyc00g160130.1	0.25021665557718686	0
Solyc01g091820.3	0.25021665557718686	0
Solyc02g081340.3	0.25021665557718686	0
Solyc02g021050.3	0.25021665557718686	0
Solyc02g090540.4	0.25021665557718686	0
Solyc02g090647.1	0.25021665557718686	0
Solyc01g098920.4	0.25021665557718686	0
Solyc02g062550.3	0.25021665557718686	0
Solyc02g024010.1	0.25021665557718686	0
Solyc01g005460.4	0.25021665557718686	0
Solyc02g082200.4	0.25021665557718686	0
Solyc01g109590.3	0.25021665557718686	0
Solyc02g030200.1	0.25021665557718686	0
Solyc01g005550.3	0.25021665557718686	0
Solyc01g067890.4	0.25021665557718686	0
Solyc01g011090.4	0.25021665557718686	0
Solyc01g094830.4	0.25021665557718686	0
Solyc02g091360.1	0.25021665557718686	0
Solyc01g099690.3	0.25021665557718686	0
Solyc02g063070.3	0.25021665557718686	0
Solyc01g056690.4	0.25021665557718686	0
Solyc02g063120.1	0.25021665557718686	0
Solyc03g019720.5	0.25021665557718686	0
Solyc00g500063.1	0.25021665557718686	0
Solyc01g068210.3	0.25021665557718686	0
Solyc01g068290.4	0.25021665557718686	0
Solyc02g091790.3	0.25021665557718686	0
Solyc01g105820.3	0.25021665557718686	0
Solyc01g006250.2	0.25021665557718686	0
Solyc01g105920.3	0.25021665557718686	0
Solyc02g078570.3	0.25021665557718686	0
Solyc03g025200.3	0.25021665557718686	0
Solyc01g100540.4	0.25021665557718686	0
Solyc02g065010.1	0.25021665557718686	0
Solyc01g088330.1	0.25021665557718686	0
Solyc02g092310.4	0.25021665557718686	0
Solyc02g078950.4	0.25021665557718686	0
Solyc01g100840.3	0.25021665557718686	0
Solyc01g015020.4	0.25021665557718686	0
Solyc01g100860.3	0.25021665557718686	0
Solyc02g070540.3	0.25021665557718686	0
Solyc02g092490.3	0.25021665557718686	0
Solyc01g016470.3	0.25021665557718686	0
Solyc01g096360.3	0.25021665557718686	0
Solyc01g111210.3	0.25021665557718686	0
Solyc01g111280.3	0.25021665557718686	0
Solyc01g079220.4	0.25021665557718686	0
Solyc03g026020.3	0.25021665557718686	0
Solyc02g092730.4	0.25021665557718686	0
Solyc02g088340.4	0.25021665557718686	0
Solyc01g096730.2	0.25021665557718686	0
Solyc02g092950.3	0.25021665557718686	0
Solyc02g071180.3	0.25021665557718686	0
Solyc01g107100.4	0.25021665557718686	0
Solyc01g090310.4	0.25021665557718686	0
Solyc02g093250.3	0.25021665557718686	0
Solyc03g160270.1	0.25021665557718686	0
Solyc03g115060.3	0.25021665557718686	0
Solyc04g016460.3	0.25021665557718686	0
Solyc04g008850.1	0.25021665557718686	0
Solyc02g088983.2	0.25021665557718686	0
Solyc03g119610.1	0.25021665557718686	0
Solyc01g107560.3	0.25021665557718686	0
Solyc05g015050.3	0.25021665557718686	0
Solyc03g115290.3	0.25021665557718686	0
Solyc05g032690.2	0.25021665557718686	0
Solyc04g077320.3	0.25021665557718686	0
Solyc02g084640.4	0.25021665557718686	0
Solyc05g056540.4	0.25021665557718686	0
Solyc05g015420.5	0.25021665557718686	0
Solyc04g077590.4	0.25021665557718686	0
Solyc06g007470.3	0.25021665557718686	0
Solyc03g034400.3	0.25021665557718686	0
Solyc03g111640.4	0.25021665557718686	0
Solyc03g065250.4	0.25021665557718686	0
Solyc03g115950.3	0.25021665557718686	0
Solyc05g015930.4	0.25021665557718686	0
Solyc05g052640.3	0.25021665557718686	0
Solyc04g005050.1	0.25021665557718686	0
Solyc04g005090.4	0.25021665557718686	0
Solyc04g025160.3	0.25021665557718686	0
Solyc05g052710.3	0.25021665557718686	0
Solyc05g005790.4	0.25021665557718686	0
Solyc04g071900.5	0.25021665557718686	0
Solyc04g005290.3	0.25021665557718686	0
Solyc04g082960.1	0.25021665557718686	0
Solyc03g078000.3	0.25021665557718686	0
Solyc05g052970.4	0.25021665557718686	0
Solyc05g053050.1	0.25021665557718686	0
Solyc04g150108.1	0.25021665557718686	0
Solyc05g011930.4	0.25021665557718686	0
Solyc03g116730.5	0.25021665557718686	0
Solyc03g112330.3	0.25021665557718686	0
Solyc04g054330.3	0.25021665557718686	0
Solyc04g078870.4	0.25021665557718686	0
Solyc04g007130.1	0.25021665557718686	0
Solyc05g012590.4	0.25021665557718686	0
Solyc04g079350.1	0.25021665557718686	0
Solyc04g039870.3	0.25021665557718686	0
Solyc05g053800.3	0.25021665557718686	0
Solyc04g012170.4	0.25021665557718686	0
Solyc03g080100.4	0.25021665557718686	0
Solyc03g117420.4	0.25021665557718686	0
Solyc05g048770.3	0.25021665557718686	0
Solyc03g113270.3	0.25021665557718686	0
Solyc04g014370.4	0.25021665557718686	0
Solyc03g113350.3	0.25021665557718686	0
Solyc03g117610.2	0.25021665557718686	0
Solyc06g009680.4	0.25021665557718686	0
Solyc03g117780.3	0.25021665557718686	0
Solyc04g007890.3	0.25021665557718686	0
Solyc04g015150.4	0.25021665557718686	0
Solyc03g123570.3	0.25021665557718686	0
Solyc04g015580.3	0.25021665557718686	0
Solyc05g055110.4	0.25021665557718686	0
Solyc04g080680.5	0.25021665557718686	0
Solyc05g014050.3	0.25021665557718686	0
Solyc05g008260.3	0.25021665557718686	0
Solyc06g076480.5	0.25021665557718686	0
Solyc05g026215.1	0.25021665557718686	0
Solyc06g076870.5	0.25021665557718686	0
Solyc04g076850.3	0.25021665557718686	0
Solyc07g056150.4	0.25021665557718686	0
Solyc07g065620.5	0.25021665557718686	0
Solyc05g055910.4	0.25021665557718686	0
Solyc07g005360.3	0.25021665557718686	0
Solyc07g039450.3	0.25021665557718686	0
Solyc07g056360.1	0.25021665557718686	0
Solyc07g005510.3	0.25021665557718686	0
Solyc05g056150.4	0.25021665557718686	0
Solyc06g066340.5	0.25021665557718686	0
Solyc07g065900.3	0.25021665557718686	0
Solyc05g056220.3	0.25021665557718686	0
Solyc08g074780.3	0.25021665557718686	0
Solyc07g066010.3	0.25021665557718686	0
Solyc06g072970.3	0.25021665557718686	0
Solyc07g052320.3	0.25021665557718686	0
Solyc09g008680.4	0.25021665557718686	0
Solyc07g052400.3	0.25021665557718686	0
Solyc08g065840.3	0.25021665557718686	0
Solyc07g052620.1	0.25021665557718686	0
Solyc07g017675.1	0.25021665557718686	0
Solyc08g080070.1	0.25021665557718686	0
Solyc08g080090.3	0.25021665557718686	0
Solyc07g052880.4	0.25021665557718686	0
Solyc07g018010.3	0.25021665557718686	0
Solyc09g009190.5	0.25021665557718686	0
Solyc06g050300.3	0.25021665557718686	0
Solyc08g080360.3	0.25021665557718686	0
Solyc06g061140.3	0.25021665557718686	0
Solyc07g018340.3	0.25021665557718686	0
Solyc07g062580.4	0.25021665557718686	0
Solyc08g041770.3	0.25021665557718686	0
Solyc06g068840.3	0.25021665557718686	0
Solyc06g068960.1	0.25021665557718686	0
Solyc06g083980.3	0.25021665557718686	0
Solyc08g081050.4	0.25021665557718686	0
Solyc07g063080.4	0.25021665557718686	0
Solyc09g009820.5	0.25021665557718686	0
Solyc06g074790.3	0.25021665557718686	0
Solyc07g063160.2	0.25021665557718686	0
Solyc08g045780.4	0.25021665557718686	0
Solyc06g084440.3	0.25021665557718686	0
Solyc07g053960.3	0.25021665557718686	0
Solyc06g084480.3	0.25021665557718686	0
Solyc07g007830.5	0.25021665557718686	0
Solyc08g076980.4	0.25021665557718686	0
Solyc08g008110.3	0.25021665557718686	0
Solyc06g064500.3	0.25021665557718686	0
Solyc07g063600.3	0.25021665557718686	0
Solyc08g008290.3	0.25021665557718686	0
Solyc09g010440.3	0.25021665557718686	0
Solyc07g054400.3	0.25021665557718686	0
Solyc06g069780.4	0.25021665557718686	0
Solyc09g010570.1	0.25021665557718686	0
Solyc09g064850.3	0.25021665557718686	0
Solyc06g069890.4	0.25021665557718686	0
Solyc09g010640.2	0.25021665557718686	0
Solyc07g045170.3	0.25021665557718686	0
Solyc09g010770.3	0.25021665557718686	0
Solyc08g005010.4	0.25021665557718686	0
Solyc07g064130.2	0.25021665557718686	0
Solyc06g053500.4	0.25021665557718686	0
Solyc07g054790.1	0.25021665557718686	0
Solyc09g010920.1	0.25021665557718686	0
Solyc08g005140.3	0.25021665557718686	0
Solyc08g013990.3	0.25021665557718686	0
Solyc07g055040.1	0.25021665557718686	0
Solyc09g055470.1	0.25021665557718686	0
Solyc09g065550.4	0.25021665557718686	0
Solyc06g076360.5	0.25021665557718686	0
Solyc07g055250.3	0.25021665557718686	0
Solyc08g082790.3	0.25021665557718686	0
Solyc08g062190.3	0.25021665557718686	0
Solyc10g008150.1	0.25021665557718686	0
Solyc08g082910.2	0.25021665557718686	0
Solyc08g068920.4	0.25021665557718686	0
Solyc08g005673.1	0.25021665557718686	0
Solyc08g082970.5	0.25021665557718686	0
Solyc09g066080.3	0.25021665557718686	0
Solyc09g057640.4	0.25021665557718686	0
Solyc10g008490.3	0.25021665557718686	0
Solyc10g078620.1	0.25021665557718686	0
Solyc08g078480.4	0.25021665557718686	0
Solyc09g066210.4	0.25021665557718686	0
Solyc09g066290.3	0.25021665557718686	0
Solyc07g065275.1	0.25021665557718686	0
Solyc09g074675.1	0.25021665557718686	0
Solyc08g074390.3	0.25021665557718686	0
Solyc09g008310.3	0.25021665557718686	0
Solyc11g007590.3	0.25021665557718686	0
Solyc10g084290.2	0.25021665557718686	0
Solyc09g014160.3	0.25021665557718686	0
Solyc11g013240.3	0.25021665557718686	0
Solyc11g039740.3	0.25021665557718686	0
Solyc09g091570.2	0.25021665557718686	0
Solyc11g013550.2	0.25021665557718686	0
Solyc08g079050.2	0.25021665557718686	0
Solyc12g005070.2	0.25021665557718686	0
Solyc12g010430.1	0.25021665557718686	0
Solyc10g009380.3	0.25021665557718686	0
Solyc11g072030.3	0.25021665557718686	0
Solyc11g065660.2	0.25021665557718686	0
Solyc09g014760.4	0.25021665557718686	0
Solyc09g014770.3	0.25021665557718686	0
Solyc11g013810.3	0.25021665557718686	0
Solyc10g005280.1	0.25021665557718686	0
Solyc10g079750.2	0.25021665557718686	0
Solyc10g085330.2	0.25021665557718686	0
Solyc12g010950.2	0.25021665557718686	0
Solyc12g088320.2	0.25021665557718686	0
Solyc11g066070.2	0.25021665557718686	0
Solyc10g005490.4	0.25021665557718686	0
Solyc11g017170.1	0.25021665557718686	0
Solyc10g005540.4	0.25021665557718686	0
Solyc12g044640.2	0.25021665557718686	0
Solyc11g042990.2	0.25021665557718686	0
Solyc10g055810.2	0.25021665557718686	0
Solyc11g066280.3	0.25021665557718686	0
Solyc11g005050.2	0.25021665557718686	0
Solyc09g092620.4	0.25021665557718686	0
Solyc09g097780.2	0.25021665557718686	0
Solyc12g049210.1	0.25021665557718686	0
Solyc12g099960.1	0.25021665557718686	0
Solyc11g009010.2	0.25021665557718686	0
Solyc11g010190.1	0.25021665557718686	0
Solyc12g089090.2	0.25021665557718686	0
Solyc11g010220.2	0.25021665557718686	0
Solyc09g098440.4	0.25021665557718686	0
Solyc11g150146.1	0.25021665557718686	0
Solyc10g086730.2	0.25021665557718686	0
Solyc12g006870.2	0.25021665557718686	0
Solyc11g068510.2	0.25021665557718686	0
Solyc11g068520.3	0.25021665557718686	0
Solyc09g084490.5	0.25021665557718686	0
Solyc11g006505.2	0.25021665557718686	0
Solyc09g089740.3	0.25021665557718686	0
Solyc09g089860.5	0.25021665557718686	0
Solyc10g024410.2	0.25021665557718686	0
Solyc12g096300.2	0.25021665557718686	0
Solyc09g090200.4	0.25021665557718686	0
Solyc12g040510.2	0.25021665557718686	0
Solyc12g056940.2	0.25021665557718686	0
Solyc11g012040.2	0.25021665557718686	0
Solyc10g039190.2	0.25021665557718686	0
Solyc11g069270.2	0.25021665557718686	0
Solyc11g062400.2	0.25021665557718686	0
Solyc11g062440.2	0.25021665557718686	0
Solyc12g096760.2	0.25021665557718686	0
Solyc12g042000.3	0.25021665557718686	0
Solyc10g083480.2	0.25021665557718686	0
Solyc12g019290.1	0.25021665557718686	0
Solyc12g019570.2	0.25021665557718686	0
Solyc11g012670.1	0.25021665557718686	0
Solyc11g070130.2	0.25021665557718686	0
Solyc12g042650.2	0.25021665557718686	0
Solyc12g019960.2	0.25021665557718686	0
Solyc12g010010.2	0.25021665557718686	0
Solyc12g010130.1	0.25021665557718686	0
Solyc12g010150.3	0.25021665557718686	0
Solyc01g009260.1	0.25047503940626914	0
Solyc02g077520.3	0.250566980926217	0
Solyc00g500149.1	0.2507813946420282	0
Solyc03g116620.3	0.25090384358501017	0
Solyc06g062730.2	0.25096504811002696	0
Solyc04g079530.3	0.25097010249961227	0
Solyc01g017740.3	0.25105682997467094	0
Solyc10g024370.3	0.25120973331831375	0
Solyc01g107475.1	0.251331996238213	0
Solyc06g076200.3	0.25136255367266136	0
Solyc03g119240.3	0.25148475024196204	0
Solyc06g006028.2	0.2515152910944324	0
Solyc07g008630.1	0.2515763628547233	0
Solyc07g064540.3	0.2515763628547233	0
Solyc06g059850.2	0.2516046657387414	0
Solyc00g500362.1	0.251606893763451	0
Solyc02g032650.3	0.251606893763451	0
Solyc05g015497.1	0.251606893763451	0
Solyc04g081670.4	0.251606893763451	0
Solyc06g074760.2	0.251606893763451	0
Solyc03g006365.1	0.2516374213585054	0
Solyc04g007190.4	0.25166794564034	0
Solyc10g055540.2	0.25166794564034	0
Solyc02g014190.4	0.2516984666094081	0
Solyc01g091090.5	0.2516984666094081	0
Solyc02g079090.4	0.2516984666094081	0
Solyc03g044350.3	0.2516984666094081	0
Solyc05g013930.2	0.2516984666094081	0
Solyc03g114480.4	0.2516984666094081	0
Solyc07g006510.3	0.2516984666094081	0
Solyc06g061080.3	0.2516984666094081	0
Solyc07g062510.2	0.2516984666094081	0
Solyc07g045030.4	0.2516984666094081	0
Solyc08g005460.3	0.2516984666094081	0
Solyc10g039393.2	0.2516984666094081	0
Solyc07g055990.3	0.2516984666094081	0
Solyc11g160070.1	0.2516984666094081	0
Solyc01g090920.3	0.2517289842661642	0
Solyc02g083070.2	0.2517289842661642	0
Solyc03g119910.5	0.2517289842661642	0
Solyc04g011580.4	0.2517289842661642	0
Solyc03g121710.2	0.2517289842661642	0
Solyc03g123380.1	0.2517289842661642	0
Solyc03g058950.3	0.2517289842661642	0
Solyc09g008600.3	0.2517289842661642	0
Solyc08g080260.4	0.2517289842661642	0
Solyc06g068770.3	0.2517289842661642	0
Solyc06g062790.3	0.2517289842661642	0
Solyc06g074690.3	0.2517289842661642	0
Solyc09g010090.6	0.2517289842661642	0
Solyc06g075140.3	0.2517289842661642	0
Solyc06g053640.1	0.2517289842661642	0
Solyc09g057960.1	0.2517289842661642	0
Solyc09g092250.3	0.2517289842661642	0
Solyc11g071340.3	0.2517289842661642	0
Solyc01g094390.2	0.25182151348180826	0
Solyc09g014820.3	0.25188770391413773	0
Solyc12g150115.1	0.2521414671128379	0
Solyc04g064920.5	0.2521843623006572	0
Solyc05g009590.3	0.2521843623006572	0
Solyc07g161780.1	0.2521843623006572	0
Solyc11g011290.3	0.2521843623006572	0
Solyc12g005580.2	0.2522158679913993	0
Solyc02g150144.1	0.2522568758567214	0
Solyc02g070410.2	0.2522568758567214	0
Solyc06g082730.2	0.2522568758567214	0
Solyc04g009880.1	0.25240184681007993	0
Solyc05g010740.2	0.25240184681007993	0
Solyc08g005830.1	0.25240184681007993	0
Solyc08g036537.1	0.25240184681007993	0
Solyc10g044820.1	0.25240184681007993	0
Solyc01g081630.5	0.252420708151995	0
Solyc11g021290.3	0.252420708151995	0
Solyc01g150111.1	0.2524743042196065	0
Solyc02g067640.3	0.2524743042196065	0
Solyc01g009660.3	0.2524743042196065	0
Solyc02g020920.1	0.2524743042196065	0
Solyc03g007910.3	0.2524743042196065	0
Solyc01g067650.2	0.2524743042196065	0
Solyc01g074050.4	0.2524743042196065	0
Solyc03g005840.3	0.2524743042196065	0
Solyc02g079470.1	0.2524743042196065	0
Solyc03g083820.3	0.2524743042196065	0
Solyc04g050680.2	0.2524743042196065	0
Solyc05g009640.4	0.2524743042196065	0
Solyc03g034205.1	0.2524743042196065	0
Solyc06g007650.2	0.2524743042196065	0
Solyc05g005530.3	0.2524743042196065	0
Solyc03g044860.1	0.2524743042196065	0
Solyc04g011920.3	0.2524743042196065	0
Solyc04g039900.1	0.2524743042196065	0
Solyc06g066140.3	0.2524743042196065	0
Solyc08g022025.1	0.2524743042196065	0
Solyc08g008190.4	0.2524743042196065	0
Solyc09g010485.1	0.2524743042196065	0
Solyc06g160080.1	0.2524743042196065	0
Solyc10g054510.1	0.2524743042196065	0
Solyc09g091870.3	0.2524743042196065	0
Solyc10g005350.3	0.2524743042196065	0
Solyc12g100090.1	0.2524743042196065	0
Solyc12g049430.1	0.2524743042196065	0
Solyc09g089590.1	0.2524743042196065	0
Solyc10g007250.1	0.2524743042196065	0
Solyc12g161880.1	0.2524743042196065	0
Solyc12g098110.1	0.2524743042196065	0
Solyc12g062900.1	0.2524743042196065	0
Solyc01g098260.1	0.25254674292585266	0
Solyc01g021720.1	0.25254674292585266	0
Solyc00g500382.1	0.25254674292585266	0
Solyc02g068903.2	0.25254674292585266	0
Solyc02g160200.1	0.25254674292585266	0
Solyc02g077820.1	0.25254674292585266	0
Solyc01g005650.3	0.25254674292585266	0
Solyc01g006460.3	0.25254674292585266	0
Solyc01g014700.2	0.25254674292585266	0
Solyc01g058210.3	0.25254674292585266	0
Solyc02g087920.3	0.25254674292585266	0
Solyc03g025870.3	0.25254674292585266	0
Solyc03g005550.3	0.25254674292585266	0
Solyc02g066855.2	0.25254674292585266	0
Solyc01g106963.1	0.25254674292585266	0
Solyc01g111825.1	0.25254674292585266	0
Solyc03g160230.1	0.25254674292585266	0
Solyc02g088870.1	0.25254674292585266	0
Solyc05g032670.3	0.25254674292585266	0
Solyc03g033760.3	0.25254674292585266	0
Solyc05g015847.2	0.25254674292585266	0
Solyc04g004000.1	0.25254674292585266	0
Solyc04g005000.1	0.25254674292585266	0
Solyc05g160880.1	0.25254674292585266	0
Solyc06g008460.3	0.25254674292585266	0
Solyc04g072300.1	0.25254674292585266	0
Solyc06g008667.2	0.25254674292585266	0
Solyc05g018170.1	0.25254674292585266	0
Solyc04g011730.3	0.25254674292585266	0
Solyc03g122010.1	0.25254674292585266	0
Solyc05g162460.1	0.25254674292585266	0
Solyc03g123850.2	0.25254674292585266	0
Solyc05g055100.2	0.25254674292585266	0
Solyc06g054230.4	0.25254674292585266	0
Solyc07g049525.1	0.25254674292585266	0
Solyc06g066040.2	0.25254674292585266	0
Solyc06g066210.1	0.25254674292585266	0
Solyc07g051990.2	0.25254674292585266	0
Solyc06g035420.1	0.25254674292585266	0
Solyc08g075050.3	0.25254674292585266	0
Solyc07g150113.1	0.25254674292585266	0
Solyc08g160690.1	0.25254674292585266	0
Solyc07g160050.1	0.25254674292585266	0
Solyc06g061110.2	0.25254674292585266	0
Solyc07g053025.1	0.25254674292585266	0
Solyc06g083610.3	0.25254674292585266	0
Solyc07g019498.1	0.25254674292585266	0
Solyc07g043340.1	0.25254674292585266	0
Solyc09g005500.3	0.25254674292585266	0
Solyc07g161290.1	0.25254674292585266	0
Solyc06g069720.4	0.25254674292585266	0
Solyc08g061060.4	0.25254674292585266	0
Solyc06g160140.1	0.25254674292585266	0
Solyc06g160600.1	0.25254674292585266	0
Solyc07g032610.1	0.25254674292585266	0
Solyc09g007610.3	0.25254674292585266	0
Solyc07g055430.1	0.25254674292585266	0
Solyc11g039680.1	0.25254674292585266	0
Solyc09g014565.1	0.25254674292585266	0
Solyc11g013740.3	0.25254674292585266	0
Solyc10g085760.1	0.25254674292585266	0
Solyc10g006095.1	0.25254674292585266	0
Solyc12g013740.4	0.25254674292585266	0
Solyc09g082640.1	0.25254674292585266	0
Solyc11g073210.2	0.25254674292585266	0
Solyc09g098120.3	0.25254674292585266	0
Solyc12g036740.1	0.25254674292585266	0
Solyc11g050770.1	0.25254674292585266	0
Solyc10g087040.3	0.25254674292585266	0
Solyc11g021210.2	0.25254674292585266	0
Solyc12g009245.1	0.25254674292585266	0
Solyc12g098095.1	0.25254674292585266	0
Solyc12g019760.1	0.25254674292585266	0
Solyc12g062940.3	0.25254674292585266	0
Solyc11g071380.1	0.25254674292585266	0
Solyc02g088420.3	0.2525571852569989	0
Solyc07g042840.1	0.2525571852569989	0
Solyc02g094753.2	0.25313738055521073	0
Solyc03g007940.5	0.2532111228180747	0
Solyc01g067005.1	0.25328484567129783	0
Solyc03g081210.1	0.2536571524964516	0
Solyc06g161090.1	0.25372006817581816	0
Solyc04g011720.3	0.2549560244022885	0
Solyc01g080230.3	0.2552038247831032	0
Solyc02g065760.3	0.2553200421863647	0
Solyc12g017610.1	0.25570589266612787	0
Solyc02g062770.2	0.2557699674630841	0
Solyc06g008910.2	0.2557958536144428	0
Solyc06g150117.1	0.256435113753942	0
Solyc06g009200.3	0.25650555233612904	0
Solyc07g032470.1	0.2566100560517739	0
Solyc10g006340.3	0.2568167929743834	0
Solyc11g032190.1	0.25687899924293434	0
Solyc11g012120.2	0.25691009714810376	0
Solyc08g023600.1	0.25694119156787576	0
Solyc06g069260.1	0.25694119156787576	0
Solyc10g078840.1	0.2570575166648511	0
Solyc01g079290.1	0.2571246386520437	0
Solyc10g081500.1	0.2581441852678963	0
Solyc03g078280.3	0.2581966195603945	0
Solyc06g150100.1	0.2588622596267979	0
Solyc10g009540.1	0.25892400788623793	0
Solyc05g024200.2	0.25896091372786845	0
Solyc05g011900.1	0.25957153156720325	0
Solyc09g074530.3	0.25957153156720325	0
Solyc10g078220.2	0.25975625932112256	0
Solyc07g007580.2	0.26000237042411944	0
Solyc02g021150.1	0.2600331188490096	0
Solyc06g072640.1	0.2600331188490096	0
Solyc09g014230.2	0.26008721591197037	0
Solyc01g162140.1	0.26020096440002505	0
Solyc11g068370.3	0.26037112495329284	0
Solyc03g098760.3	0.26046323639868485	0
Solyc11g160230.1	0.26046323639868485	0
Solyc04g074535.1	0.2604701616778128	0
Solyc07g015870.4	0.26049393335811044	0
Solyc02g160260.1	0.2605246268905197	0
Solyc09g011350.3	0.2605246268905197	0
Solyc01g091610.1	0.26055531699641454	0
Solyc04g051360.3	0.26055531699641454	0
Solyc08g061240.3	0.26055531699641454	0
Solyc02g082590.3	0.26058600367629603	0
Solyc01g079080.3	0.26058600367629603	0
Solyc06g007960.5	0.26058600367629603	0
Solyc03g118080.4	0.26058600367629603	0
Solyc03g114230.2	0.26058600367629603	0
Solyc03g114420.1	0.26058600367629603	0
Solyc06g036100.3	0.26058600367629603	0
Solyc09g009950.4	0.26058600367629603	0
Solyc10g011940.1	0.26058600367629603	0
Solyc01g086810.2	0.2606166869306662	0
Solyc02g082220.3	0.2606166869306662	0
Solyc02g078160.3	0.2606166869306662	0
Solyc01g096320.3	0.2606166869306662	0
Solyc02g071260.3	0.2606166869306662	0
Solyc01g079770.2	0.2606166869306662	0
Solyc03g115010.3	0.2606166869306662	0
Solyc03g063220.2	0.2606166869306662	0
Solyc04g005560.3	0.2606166869306662	0
Solyc04g007480.1	0.2606166869306662	0
Solyc03g122170.4	0.2606166869306662	0
Solyc04g057970.3	0.2606166869306662	0
Solyc03g118420.4	0.2606166869306662	0
Solyc07g056190.3	0.2606166869306662	0
Solyc08g062630.3	0.2606166869306662	0
Solyc09g008700.2	0.2606166869306662	0
Solyc07g062040.3	0.2606166869306662	0
Solyc07g017500.3	0.2606166869306662	0
Solyc06g083000.1	0.2606166869306662	0
Solyc08g076080.3	0.2606166869306662	0
Solyc07g063150.3	0.2606166869306662	0
Solyc08g076883.1	0.2606166869306662	0
Solyc07g045570.3	0.2606166869306662	0
Solyc08g014100.1	0.2606166869306662	0
Solyc09g074920.3	0.2606166869306662	0
Solyc11g071610.2	0.2606166869306662	0
Solyc08g078910.1	0.2606166869306662	0
Solyc12g005950.2	0.2606166869306662	0
Solyc11g019970.3	0.2606166869306662	0
Solyc11g020590.2	0.2606166869306662	0
Solyc12g056170.2	0.2606166869306662	0
Solyc10g037880.3	0.2606166869306662	0
Solyc12g056760.2	0.2606166869306662	0
Solyc12g070270.2	0.2606166869306662	0
Solyc02g064560.1	0.2606295651607241	0
Solyc06g007490.4	0.2606295651607241	0
Solyc07g045500.1	0.2607570214167084	0
Solyc11g162060.1	0.2607570214167084	0
Solyc12g013860.2	0.260791472477364	0
Solyc08g069233.1	0.2611224135314	0
Solyc12g035620.2	0.2611554857085706	0
Solyc11g011750.1	0.2611554857085706	0
Solyc01g105080.2	0.2620917508695202	0
Solyc09g091490.3	0.2621234510698547	0
Solyc03g026250.3	0.26303550734189685	0
Solyc03g120085.1	0.26310061116283934	0
Solyc06g051100.1	0.2632202518487968	0
Solyc10g006720.4	0.2641380480097115	0
Solyc06g083240.1	0.264244380385956	0
Solyc11g069880.1	0.26455338939953665	0
Solyc05g047680.4	0.26458480505454285	0
Solyc00g500109.1	0.26460601249675186	0
Solyc12g077670.1	0.26460601249675186	0
Solyc05g023840.1	0.265276252972624	0
Solyc06g084325.1	0.2657107726327751	0
Solyc03g019980.2	0.26599033151011986	0
Solyc01g104210.3	0.2660873215075895	0
Solyc01g109320.5	0.266246961663099	0
Solyc08g067460.1	0.2662803272753894	0
Solyc04g056660.1	0.26628257786549425	0
Solyc04g162390.1	0.26628257786549425	0
Solyc02g078060.1	0.26628685701672783	0
Solyc08g062785.2	0.2664463797249844	0
Solyc01g010490.5	0.26652573190244133	0
Solyc08g023540.1	0.2665261058715618	0
Solyc11g073150.1	0.2665261058715618	0
Solyc04g055060.3	0.26665064822886164	0
Solyc01g065770.3	0.26669227420288155	0
Solyc11g005510.1	0.2667338937783744	0
Solyc12g042695.1	0.2667338937783744	0
Solyc04g014613.1	0.2671174805683739	0
Solyc03g083690.1	0.26756149817823693	0
Solyc05g013980.3	0.26756149817823693	0
Solyc06g073530.3	0.2678012981485125	0
Solyc01g080070.4	0.26825656948996607	0
Solyc01g112210.3	0.26825656948996607	0
Solyc02g080200.5	0.26825656948996607	0
Solyc02g038760.5	0.26825656948996607	0
Solyc01g103150.3	0.26825656948996607	0
Solyc00g500297.1	0.26825656948996607	0
Solyc02g067420.3	0.26825656948996607	0
Solyc00g500301.1	0.26825656948996607	0
Solyc02g089550.3	0.26825656948996607	0
Solyc02g085110.4	0.26825656948996607	0
Solyc01g009010.3	0.26825656948996607	0
Solyc03g006710.1	0.26825656948996607	0
Solyc03g006830.3	0.26825656948996607	0
Solyc02g094320.3	0.26825656948996607	0
Solyc01g150176.2	0.26825656948996607	0
Solyc01g091630.3	0.26825656948996607	0
Solyc02g061760.4	0.26825656948996607	0
Solyc02g085780.3	0.26825656948996607	0
Solyc01g066730.4	0.26825656948996607	0
Solyc02g061780.3	0.26825656948996607	0
Solyc01g009820.5	0.26825656948996607	0
Solyc03g007430.3	0.26825656948996607	0
Solyc00g160530.1	0.26825656948996607	0
Solyc02g150133.1	0.26825656948996607	0
Solyc00g160560.1	0.26825656948996607	0
Solyc02g068530.5	0.26825656948996607	0
Solyc02g150146.1	0.26825656948996607	0
Solyc02g086240.3	0.26825656948996607	0
Solyc02g021560.4	0.26825656948996607	0
Solyc01g098910.3	0.26825656948996607	0
Solyc02g081920.3	0.26825656948996607	0
Solyc01g005330.3	0.26825656948996607	0
Solyc01g109400.3	0.26825656948996607	0
Solyc01g099260.3	0.26825656948996607	0
Solyc01g094640.4	0.26825656948996607	0
Solyc02g077680.4	0.26825656948996607	0
Solyc02g086770.3	0.26825656948996607	0
Solyc00g500035.1	0.26825656948996607	0
Solyc03g013340.3	0.26825656948996607	0
Solyc01g011105.1	0.26825656948996607	0
Solyc02g063140.4	0.26825656948996607	0
Solyc02g091520.3	0.26825656948996607	0
Solyc03g019680.3	0.26825656948996607	0
Solyc01g109810.2	0.26825656948996607	0
Solyc01g109850.3	0.26825656948996607	0
Solyc02g078000.2	0.26825656948996607	0
Solyc02g078010.5	0.26825656948996607	0
Solyc03g019850.3	0.26825656948996607	0
Solyc02g069510.1	0.26825656948996607	0
Solyc01g110030.3	0.26825656948996607	0
Solyc01g005960.3	0.26825656948996607	0
Solyc01g087740.1	0.26825656948996607	0
Solyc01g006100.4	0.26825656948996607	0
Solyc02g078360.4	0.26825656948996607	0
Solyc02g161350.1	0.26825656948996607	0
Solyc02g064640.4	0.26825656948996607	0
Solyc02g087430.4	0.26825656948996607	0
Solyc01g068540.3	0.26825656948996607	0
Solyc01g057830.3	0.26825656948996607	0
Solyc03g025330.4	0.26825656948996607	0
Solyc01g106190.4	0.26825656948996607	0
Solyc01g088320.2	0.26825656948996607	0
Solyc01g096040.5	0.26825656948996607	0
Solyc01g088460.3	0.26825656948996607	0
Solyc02g079020.4	0.26825656948996607	0
Solyc01g006900.3	0.26825656948996607	0
Solyc03g005430.5	0.26825656948996607	0
Solyc02g088180.3	0.26825656948996607	0
Solyc01g007110.3	0.26825656948996607	0
Solyc02g083750.1	0.26825656948996607	0
Solyc02g079365.1	0.26825656948996607	0
Solyc02g088350.5	0.26825656948996607	0
Solyc01g102350.3	0.26825656948996607	0
Solyc03g031800.3	0.26825656948996607	0
Solyc01g102480.3	0.26825656948996607	0
Solyc02g088540.3	0.26825656948996607	0
Solyc03g026220.3	0.26825656948996607	0
Solyc00g500225.1	0.26825656948996607	0
Solyc02g092940.3	0.26825656948996607	0
Solyc01g090200.5	0.26825656948996607	0
Solyc02g093030.3	0.26825656948996607	0
Solyc03g059400.1	0.26825656948996607	0
Solyc03g119490.4	0.26825656948996607	0
Solyc03g160280.1	0.26825656948996607	0
Solyc04g064760.3	0.26825656948996607	0
Solyc03g098780.2	0.26825656948996607	0
Solyc01g107580.4	0.26825656948996607	0
Solyc04g009030.3	0.26825656948996607	0
Solyc01g107670.3	0.26825656948996607	0
Solyc02g084570.5	0.26825656948996607	0
Solyc04g017720.3	0.26825656948996607	0
Solyc05g051870.3	0.26825656948996607	0
Solyc05g009720.3	0.26825656948996607	0
Solyc03g063560.3	0.26825656948996607	0
Solyc03g111390.4	0.26825656948996607	0
Solyc03g111570.4	0.26825656948996607	0
Solyc05g041920.3	0.26825656948996607	0
Solyc05g010450.1	0.26825656948996607	0
Solyc05g010470.5	0.26825656948996607	0
Solyc03g071700.1	0.26825656948996607	0
Solyc04g005270.1	0.26825656948996607	0
Solyc05g005940.3	0.26825656948996607	0
Solyc03g112070.4	0.26825656948996607	0
Solyc06g008260.3	0.26825656948996607	0
Solyc03g112140.4	0.26825656948996607	0
Solyc03g112150.1	0.26825656948996607	0
Solyc05g010810.1	0.26825656948996607	0
Solyc05g010813.2	0.26825656948996607	0
Solyc04g083010.4	0.26825656948996607	0
Solyc03g120850.5	0.26825656948996607	0
Solyc04g072070.4	0.26825656948996607	0
Solyc03g044270.3	0.26825656948996607	0
Solyc03g095650.3	0.26825656948996607	0
Solyc05g006160.5	0.26825656948996607	0
Solyc04g078760.5	0.26825656948996607	0
Solyc03g078210.4	0.26825656948996607	0
Solyc03g112350.4	0.26825656948996607	0
Solyc03g044470.5	0.26825656948996607	0
Solyc06g008620.1	0.26825656948996607	0
Solyc05g006330.2	0.26825656948996607	0
Solyc05g012325.1	0.26825656948996607	0
Solyc03g078570.3	0.26825656948996607	0
Solyc03g044810.2	0.26825656948996607	0
Solyc05g006520.5	0.26825656948996607	0
Solyc04g079200.3	0.26825656948996607	0
Solyc05g047420.4	0.26825656948996607	0
Solyc03g113000.3	0.26825656948996607	0
Solyc03g121580.3	0.26825656948996607	0
Solyc03g096380.3	0.26825656948996607	0
Solyc05g018750.4	0.26825656948996607	0
Solyc03g081220.1	0.26825656948996607	0
Solyc03g081310.3	0.26825656948996607	0
Solyc05g049880.3	0.26825656948996607	0
Solyc03g121850.3	0.26825656948996607	0
Solyc03g082410.4	0.26825656948996607	0
Solyc04g014570.3	0.26825656948996607	0
Solyc04g014730.4	0.26825656948996607	0
Solyc04g007940.5	0.26825656948996607	0
Solyc04g014740.3	0.26825656948996607	0
Solyc04g014760.3	0.26825656948996607	0
Solyc04g080020.4	0.26825656948996607	0
Solyc03g122250.3	0.26825656948996607	0
Solyc03g113700.3	0.26825656948996607	0
Solyc04g056560.4	0.26825656948996607	0
Solyc06g005220.2	0.26825656948996607	0
Solyc05g050580.3	0.26825656948996607	0
Solyc04g075000.1	0.26825656948996607	0
Solyc03g058350.4	0.26825656948996607	0
Solyc05g013760.4	0.26825656948996607	0
Solyc05g025510.3	0.26825656948996607	0
Solyc04g076130.3	0.26825656948996607	0
Solyc03g114130.1	0.26825656948996607	0
Solyc03g118500.3	0.26825656948996607	0
Solyc06g005850.3	0.26825656948996607	0
Solyc06g036000.4	0.26825656948996607	0
Solyc04g064545.1	0.26825656948996607	0
Solyc06g072240.1	0.26825656948996607	0
Solyc05g051545.1	0.26825656948996607	0
Solyc06g072310.3	0.26825656948996607	0
Solyc03g119270.1	0.26825656948996607	0
Solyc07g005380.5	0.26825656948996607	0
Solyc04g081440.3	0.26825656948996607	0
Solyc06g072710.3	0.26825656948996607	0
Solyc06g072750.3	0.26825656948996607	0
Solyc08g006250.2	0.26825656948996607	0
Solyc09g008400.3	0.26825656948996607	0
Solyc05g009350.4	0.26825656948996607	0
Solyc09g015000.4	0.26825656948996607	0
Solyc07g016160.3	0.26825656948996607	0
Solyc06g060750.3	0.26825656948996607	0
Solyc09g015475.2	0.26825656948996607	0
Solyc08g006700.3	0.26825656948996607	0
Solyc07g006320.4	0.26825656948996607	0
Solyc07g052640.3	0.26825656948996607	0
Solyc08g065970.3	0.26825656948996607	0
Solyc09g059550.1	0.26825656948996607	0
Solyc06g073700.3	0.26825656948996607	0
Solyc06g073780.4	0.26825656948996607	0
Solyc06g083310.3	0.26825656948996607	0
Solyc08g076030.3	0.26825656948996607	0
Solyc06g062430.3	0.26825656948996607	0
Solyc06g062440.4	0.26825656948996607	0
Solyc08g066580.4	0.26825656948996607	0
Solyc08g076130.3	0.26825656948996607	0
Solyc08g076150.5	0.26825656948996607	0
Solyc07g007160.3	0.26825656948996607	0
Solyc07g053410.5	0.26825656948996607	0
Solyc07g042890.3	0.26825656948996607	0
Solyc08g066740.3	0.26825656948996607	0
Solyc08g066820.3	0.26825656948996607	0
Solyc07g020960.3	0.26825656948996607	0
Solyc08g076410.5	0.26825656948996607	0
Solyc06g051200.3	0.26825656948996607	0
Solyc09g061840.5	0.26825656948996607	0
Solyc06g051650.4	0.26825656948996607	0
Solyc06g063320.3	0.26825656948996607	0
Solyc08g081505.1	0.26825656948996607	0
Solyc06g075160.3	0.26825656948996607	0
Solyc06g069560.3	0.26825656948996607	0
Solyc09g031930.3	0.26825656948996607	0
Solyc09g064500.3	0.26825656948996607	0
Solyc09g010400.3	0.26825656948996607	0
Solyc07g054290.1	0.26825656948996607	0
Solyc07g063820.3	0.26825656948996607	0
Solyc07g025510.5	0.26825656948996607	0
Solyc09g010820.3	0.26825656948996607	0
Solyc06g065040.4	0.26825656948996607	0
Solyc08g068040.3	0.26825656948996607	0
Solyc08g061610.5	0.26825656948996607	0
Solyc06g053560.4	0.26825656948996607	0
Solyc09g050067.1	0.26825656948996607	0
Solyc07g045420.4	0.26825656948996607	0
Solyc08g068330.4	0.26825656948996607	0
Solyc09g011170.3	0.26825656948996607	0
Solyc07g032250.4	0.26825656948996607	0
Solyc06g071410.3	0.26825656948996607	0
Solyc09g007560.4	0.26825656948996607	0
Solyc09g055850.3	0.26825656948996607	0
Solyc09g065755.1	0.26825656948996607	0
Solyc06g071820.3	0.26825656948996607	0
Solyc10g078590.2	0.26825656948996607	0
Solyc11g033260.2	0.26825656948996607	0
Solyc07g065400.3	0.26825656948996607	0
Solyc10g008870.3	0.26825656948996607	0
Solyc10g008910.1	0.26825656948996607	0
Solyc10g008950.3	0.26825656948996607	0
Solyc07g065490.3	0.26825656948996607	0
Solyc07g065500.2	0.26825656948996607	0
Solyc11g013260.3	0.26825656948996607	0
Solyc09g014450.4	0.26825656948996607	0
Solyc11g039880.2	0.26825656948996607	0
Solyc10g084890.3	0.26825656948996607	0
Solyc11g040370.2	0.26825656948996607	0
Solyc10g047210.1	0.26825656948996607	0
Solyc10g079920.2	0.26825656948996607	0
Solyc09g092500.1	0.26825656948996607	0
Solyc12g088640.2	0.26825656948996607	0
Solyc09g092510.3	0.26825656948996607	0
Solyc09g082230.1	0.26825656948996607	0
Solyc12g088720.2	0.26825656948996607	0
Solyc12g045037.1	0.26825656948996607	0
Solyc10g047950.2	0.26825656948996607	0
Solyc11g044540.2	0.26825656948996607	0
Solyc11g009030.1	0.26825656948996607	0
Solyc09g097890.2	0.26825656948996607	0
Solyc11g066840.3	0.26825656948996607	0
Solyc12g013840.3	0.26825656948996607	0
Solyc12g089110.1	0.26825656948996607	0
Solyc12g013890.2	0.26825656948996607	0
Solyc11g010350.2	0.26825656948996607	0
Solyc12g006420.2	0.26825656948996607	0
Solyc10g080670.2	0.26825656948996607	0
Solyc11g020280.2	0.26825656948996607	0
Solyc10g006540.4	0.26825656948996607	0
Solyc11g005820.1	0.26825656948996607	0
Solyc10g006550.3	0.26825656948996607	0
Solyc10g049600.3	0.26825656948996607	0
Solyc09g083070.3	0.26825656948996607	0
Solyc09g098530.5	0.26825656948996607	0
Solyc10g006780.4	0.26825656948996607	0
Solyc12g006930.2	0.26825656948996607	0
Solyc11g020780.2	0.26825656948996607	0
Solyc10g018810.1	0.26825656948996607	0
Solyc09g084450.3	0.26825656948996607	0
Solyc12g095840.2	0.26825656948996607	0
Solyc11g068900.1	0.26825656948996607	0
Solyc12g096090.2	0.26825656948996607	0
Solyc12g056550.1	0.26825656948996607	0
Solyc11g068950.3	0.26825656948996607	0
Solyc10g082000.4	0.26825656948996607	0
Solyc11g011860.1	0.26825656948996607	0
Solyc10g038000.3	0.26825656948996607	0
Solyc10g007770.3	0.26825656948996607	0
Solyc12g057110.2	0.26825656948996607	0
Solyc11g069510.3	0.26825656948996607	0
Solyc12g019000.2	0.26825656948996607	0
Solyc12g042250.3	0.26825656948996607	0
Solyc10g083490.3	0.26825656948996607	0
Solyc11g069730.1	0.26825656948996607	0
Solyc12g099080.3	0.26825656948996607	0
Solyc02g070750.2	0.26891654922637664	0
Solyc08g077700.3	0.2693181470962549	0
Solyc11g008820.2	0.2695032980037889	0
Solyc01g020340.2	0.2696574931130451	0
Solyc09g065350.1	0.2696574931130451	0
Solyc10g008590.1	0.2696574931130451	0
Solyc08g078580.3	0.2696574931130451	0
Solyc01g067040.2	0.2696883215254523	0
Solyc01g096440.4	0.2696883215254523	0
Solyc08g006230.4	0.2696883215254523	0
Solyc08g075640.4	0.2696883215254523	0
Solyc09g059670.4	0.2696883215254523	0
Solyc11g067150.2	0.2696883215254523	0
Solyc01g150170.2	0.26971914640266026	0
Solyc01g009690.3	0.26971914640266026	0
Solyc01g098570.2	0.26971914640266026	0
Solyc02g064990.3	0.26971914640266026	0
Solyc01g007810.1	0.26971914640266026	0
Solyc03g115850.3	0.26971914640266026	0
Solyc03g121380.3	0.26971914640266026	0
Solyc03g082430.1	0.26971914640266026	0
Solyc05g051590.3	0.26971914640266026	0
Solyc07g005600.4	0.26971914640266026	0
Solyc08g075530.3	0.26971914640266026	0
Solyc09g007330.5	0.26971914640266026	0
Solyc10g008230.3	0.26971914640266026	0
Solyc09g012000.1	0.26971914640266026	0
Solyc12g005260.1	0.26971914640266026	0
Solyc12g099510.3	0.26971914640266026	0
Solyc11g017400.2	0.26971914640266026	0
Solyc11g070170.2	0.26971914640266026	0
Solyc01g010280.3	0.2697811291386938	0
Solyc02g089450.1	0.27000528985413874	0
Solyc01g095910.2	0.27038916897256093	0
Solyc07g160830.1	0.27042392543657456	0
Solyc08g016760.1	0.2715721221923225	0
Solyc03g115655.1	0.2716410611021858	0
Solyc03g111880.3	0.27185545065251016	0
Solyc03g093090.2	0.27204611899164255	0
Solyc03g032220.3	0.2721096448957788	0
Solyc03g082780.3	0.2730640769174888	0
Solyc05g055620.1	0.27391380590913994	0
Solyc01g090010.2	0.2739240263084811	0
Solyc06g054570.1	0.2740880667698433	0
Solyc10g162820.1	0.27526679407111143	0
Solyc01g014730.2	0.275329556287251	0
Solyc08g006190.3	0.2753862697593763	0
Solyc12g057130.3	0.2755804567215667	0
Solyc01g090610.3	0.2760503861296696	0
Solyc02g089500.5	0.2760503861296696	0
Solyc09g008720.3	0.27624450405400036	0
Solyc02g038670.3	0.27626921049496844	0
Solyc09g150140.2	0.2763942461858465	0
Solyc10g044535.1	0.27642549587849286	0
Solyc04g039750.3	0.2766400877710423	0
Solyc03g098030.3	0.2769249894185768	0
Solyc03g083990.1	0.2772678444219493	0
Solyc07g064770.2	0.277465874688814	0
Solyc07g051950.3	0.27792115180754784	0
Solyc07g062990.2	0.27795222135738296	0
Solyc09g091520.2	0.27810751419794977	0
Solyc10g079060.2	0.2782006459969667	0
Solyc10g078880.2	0.2786967935187814	0
Solyc09g057590.3	0.27872777171388163	0
Solyc06g008765.2	0.27875874626256625	0
Solyc08g066067.1	0.27875874626256625	0
Solyc04g025770.1	0.2788826080050949	0
Solyc11g005290.1	0.2788826080050949	0
Solyc12g042400.1	0.2788826080050949	0
Solyc02g065520.1	0.27891356433066006	0
Solyc04g055000.3	0.27891356433066006	0
Solyc10g084540.3	0.27891356433066006	0
Solyc00g500324.1	0.2789445170133923	0
Solyc08g081350.2	0.2789445170133923	0
Solyc02g081570.5	0.2789754660538888	0
Solyc01g087990.3	0.2789754660538888	0
Solyc05g009130.4	0.2789754660538888	0
Solyc06g053900.5	0.2789754660538888	0
Solyc11g072900.1	0.2789754660538888	0
Solyc11g005270.1	0.2789754660538888	0
Solyc02g090410.4	0.2790064114527461	0
Solyc01g098850.3	0.2790064114527461	0
Solyc02g065420.3	0.2790064114527461	0
Solyc05g150106.1	0.2790064114527461	0
Solyc03g120440.3	0.2790064114527461	0
Solyc06g050560.3	0.2790064114527461	0
Solyc08g078380.3	0.2790064114527461	0
Solyc09g089710.3	0.2790064114527461	0
Solyc12g009390.2	0.2790064114527461	0
Solyc01g091470.3	0.2790373532105611	0
Solyc02g079110.3	0.2790373532105611	0
Solyc02g066830.4	0.2790373532105611	0
Solyc01g007950.5	0.2790373532105611	0
Solyc01g097110.2	0.2790373532105611	0
Solyc04g008830.1	0.2790373532105611	0
Solyc05g052130.3	0.2790373532105611	0
Solyc05g052500.5	0.2790373532105611	0
Solyc03g094070.4	0.2790373532105611	0
Solyc03g078610.3	0.2790373532105611	0
Solyc04g160390.1	0.2790373532105611	0
Solyc04g049010.3	0.2790373532105611	0
Solyc03g098160.3	0.2790373532105611	0
Solyc05g014130.3	0.2790373532105611	0
Solyc05g055830.3	0.2790373532105611	0
Solyc04g081390.5	0.2790373532105611	0
Solyc06g066540.1	0.2790373532105611	0
Solyc06g060670.4	0.2790373532105611	0
Solyc06g083480.4	0.2790373532105611	0
Solyc08g080890.3	0.2790373532105611	0
Solyc08g007375.1	0.2790373532105611	0
Solyc08g081270.3	0.2790373532105611	0
Solyc06g051790.4	0.2790373532105611	0
Solyc07g007930.3	0.2790373532105611	0
Solyc08g008250.3	0.2790373532105611	0
Solyc07g063640.1	0.2790373532105611	0
Solyc07g026650.3	0.2790373532105611	0
Solyc06g065180.3	0.2790373532105611	0
Solyc07g027020.4	0.2790373532105611	0
Solyc09g091260.3	0.2790373532105611	0
Solyc09g075440.4	0.2790373532105611	0
Solyc10g079450.2	0.2790373532105611	0
Solyc12g094385.1	0.2790373532105611	0
Solyc12g056410.2	0.2790373532105611	0
Solyc11g011730.1	0.2790373532105611	0
Solyc10g076915.1	0.2790373532105611	0
Solyc12g041890.2	0.2790373532105611	0
Solyc04g045525.1	0.27950946845963764	0
Solyc02g065190.3	0.27954159863168737	0
Solyc00g014800.1	0.28012349337856346	0
Solyc02g090550.1	0.28019604345938953	0
Solyc10g074437.1	0.28019604345938953	0
Solyc05g150128.1	0.2802540751183066	0
Solyc10g083420.2	0.28028743524264876	0
Solyc02g077360.1	0.2803207911230783	0
Solyc02g083005.1	0.2806753751347356	0
Solyc04g077800.1	0.2806753751347356	0
Solyc10g045170.1	0.2806753751347356	0
Solyc10g084500.1	0.2806753751347356	0
Solyc10g083063.1	0.2806753751347356	0
Solyc12g099140.2	0.2806753751347356	0
Solyc03g083500.3	0.2815897844410442	0
Solyc10g055710.2	0.2820495927446076	0
Solyc05g024385.1	0.282302489602519	0
Solyc03g025100.1	0.282367361527213	0
Solyc03g034203.1	0.282367361527213	0
Solyc05g162000.1	0.282367361527213	0
Solyc09g015460.3	0.282367361527213	0
Solyc07g054710.2	0.282367361527213	0
Solyc08g013950.1	0.282367361527213	0
Solyc10g012130.1	0.282367361527213	0
Solyc10g074360.1	0.282367361527213	0
Solyc00g500110.1	0.28333721635786346	0
Solyc12g005650.2	0.2833621762432922	0
Solyc02g082330.1	0.28343219480369597	0
Solyc08g048455.1	0.28343219480369597	0
Solyc01g067920.1	0.28347437638381145	0
Solyc07g009500.3	0.2835491496188056	0
Solyc08g074690.3	0.2835491496188056	0
Solyc09g092410.4	0.28360214121068494	0
Solyc05g005470.4	0.28363507649193653	0
Solyc12g162150.1	0.2837338573291176	0
Solyc01g087785.2	0.2837667759417979	0
Solyc01g008050.4	0.28428544414821455	0
Solyc04g055230.2	0.28478975465151757	0
Solyc01g009705.1	0.2848212415547311	0
Solyc04g051420.3	0.2848212415547311	0
Solyc11g072920.2	0.28570132632481127	0
Solyc08g005275.1	0.2859208812522779	0
Solyc07g150149.1	0.28602709339696863	0
Solyc05g014220.1	0.28607369662444593	0
Solyc01g097480.1	0.28611279083378993	0
Solyc05g023730.1	0.2861514650485385	0
Solyc05g009750.1	0.28626552031044084	0
Solyc01g006840.3	0.2866409672092798	0
Solyc00g020030.1	0.28670348871206053	0
Solyc08g081880.3	0.28682848635265557	0
Solyc01g060180.4	0.28713538201204236	0
Solyc01g102990.3	0.28713538201204236	0
Solyc03g006300.3	0.28713538201204236	0
Solyc01g090900.3	0.28713538201204236	0
Solyc02g080380.4	0.28713538201204236	0
Solyc01g065530.3	0.28713538201204236	0
Solyc01g108050.3	0.28713538201204236	0
Solyc01g091080.3	0.28713538201204236	0
Solyc01g065690.3	0.28713538201204236	0
Solyc02g085120.3	0.28713538201204236	0
Solyc01g017860.3	0.28713538201204236	0
Solyc01g009060.3	0.28713538201204236	0
Solyc01g065840.4	0.28713538201204236	0
Solyc03g006670.5	0.28713538201204236	0
Solyc01g009180.4	0.28713538201204236	0
Solyc01g108260.4	0.28713538201204236	0
Solyc01g103750.5	0.28713538201204236	0
Solyc02g094350.3	0.28713538201204236	0
Solyc02g085670.3	0.28713538201204236	0
Solyc01g150177.1	0.28713538201204236	0
Solyc01g009565.1	0.28713538201204236	0
Solyc01g104190.2	0.28713538201204236	0
Solyc01g104200.4	0.28713538201204236	0
Solyc01g081440.3	0.28713538201204236	0
Solyc01g104460.5	0.28713538201204236	0
Solyc01g104500.2	0.28713538201204236	0
Solyc02g086210.4	0.28713538201204236	0
Solyc01g067290.3	0.28713538201204236	0
Solyc01g098870.3	0.28713538201204236	0
Solyc02g077260.3	0.28713538201204236	0
Solyc01g067460.4	0.28713538201204236	0
Solyc02g082000.3	0.28713538201204236	0
Solyc02g062500.3	0.28713538201204236	0
Solyc00g244290.1	0.28713538201204236	0
Solyc02g068920.3	0.28713538201204236	0
Solyc01g104900.3	0.28713538201204236	0
Solyc02g086565.1	0.28713538201204236	0
Solyc01g067660.3	0.28713538201204236	0
Solyc02g062700.3	0.28713538201204236	0
Solyc01g099300.3	0.28713538201204236	0
Solyc01g094580.3	0.28713538201204236	0
Solyc01g010830.4	0.28713538201204236	0
Solyc02g069090.4	0.28713538201204236	0
Solyc02g062920.3	0.28713538201204236	0
Solyc00g500039.1	0.28713538201204236	0
Solyc01g068020.4	0.28713538201204236	0
Solyc02g063075.1	0.28713538201204236	0
Solyc02g063090.3	0.28713538201204236	0
Solyc01g095030.3	0.28713538201204236	0
Solyc02g082570.3	0.28713538201204236	0
Solyc01g109910.4	0.28713538201204236	0
Solyc02g082600.4	0.28713538201204236	0
Solyc01g014105.1	0.28713538201204236	0
Solyc01g006320.4	0.28713538201204236	0
Solyc02g078580.1	0.28713538201204236	0
Solyc01g105970.3	0.28713538201204236	0
Solyc01g100590.3	0.28713538201204236	0
Solyc02g083140.3	0.28713538201204236	0
Solyc01g100690.3	0.28713538201204236	0
Solyc02g065170.3	0.28713538201204236	0
Solyc01g096130.3	0.28713538201204236	0
Solyc02g079010.5	0.28713538201204236	0
Solyc01g110990.3	0.28713538201204236	0
Solyc01g096300.4	0.28713538201204236	0
Solyc01g079150.4	0.28713538201204236	0
Solyc01g101030.4	0.28713538201204236	0
Solyc02g070800.2	0.28713538201204236	0
Solyc01g101130.3	0.28713538201204236	0
Solyc01g106690.3	0.28713538201204236	0
Solyc03g005690.3	0.28713538201204236	0
Solyc01g007160.5	0.28713538201204236	0
Solyc02g083820.1	0.28713538201204236	0
Solyc03g059070.4	0.28713538201204236	0
Solyc03g098200.4	0.28713538201204236	0
Solyc01g102530.4	0.28713538201204236	0
Solyc01g102560.2	0.28713538201204236	0
Solyc03g026290.3	0.28713538201204236	0
Solyc02g071220.3	0.28713538201204236	0
Solyc01g090230.3	0.28713538201204236	0
Solyc03g006050.5	0.28713538201204236	0
Solyc02g079740.1	0.28713538201204236	0
Solyc03g032100.2	0.28713538201204236	0
Solyc02g084260.3	0.28713538201204236	0
Solyc03g032130.5	0.28713538201204236	0
Solyc02g088900.3	0.28713538201204236	0
Solyc01g090470.3	0.28713538201204236	0
Solyc04g064770.1	0.28713538201204236	0
Solyc02g089050.5	0.28713538201204236	0
Solyc03g098790.3	0.28713538201204236	0
Solyc03g093160.3	0.28713538201204236	0
Solyc04g081870.5	0.28713538201204236	0
Solyc04g081890.1	0.28713538201204236	0
Solyc03g093380.2	0.28713538201204236	0
Solyc04g009360.3	0.28713538201204236	0
Solyc03g115550.3	0.28713538201204236	0
Solyc03g093480.3	0.28713538201204236	0
Solyc03g034070.1	0.28713538201204236	0
Solyc04g077870.3	0.28713538201204236	0
Solyc03g120230.3	0.28713538201204236	0
Solyc04g051390.2	0.28713538201204236	0
Solyc05g015860.4	0.28713538201204236	0
Solyc04g078070.5	0.28713538201204236	0
Solyc04g005070.3	0.28713538201204236	0
Solyc04g025300.3	0.28713538201204236	0
Solyc03g120670.3	0.28713538201204236	0
Solyc05g052850.3	0.28713538201204236	0
Solyc04g010200.1	0.28713538201204236	0
Solyc04g053020.2	0.28713538201204236	0
Solyc04g072150.3	0.28713538201204236	0
Solyc03g116680.3	0.28713538201204236	0
Solyc04g011463.1	0.28713538201204236	0
Solyc03g078370.1	0.28713538201204236	0
Solyc05g006340.3	0.28713538201204236	0
Solyc04g026200.3	0.28713538201204236	0
Solyc04g078940.3	0.28713538201204236	0
Solyc05g046130.5	0.28713538201204236	0
Solyc03g078520.4	0.28713538201204236	0
Solyc05g053570.4	0.28713538201204236	0
Solyc06g008960.3	0.28713538201204236	0
Solyc03g112770.3	0.28713538201204236	0
Solyc04g039730.3	0.28713538201204236	0
Solyc03g121460.1	0.28713538201204236	0
Solyc03g121540.3	0.28713538201204236	0
Solyc04g079440.3	0.28713538201204236	0
Solyc04g072940.4	0.28713538201204236	0
Solyc03g096730.3	0.28713538201204236	0
Solyc04g007530.3	0.28713538201204236	0
Solyc03g113290.2	0.28713538201204236	0
Solyc04g074230.3	0.28713538201204236	0
Solyc04g045580.4	0.28713538201204236	0
Solyc04g055257.1	0.28713538201204236	0
Solyc04g047690.4	0.28713538201204236	0
Solyc04g056320.3	0.28713538201204236	0
Solyc04g047770.3	0.28713538201204236	0
Solyc04g074400.1	0.28713538201204236	0
Solyc03g097030.3	0.28713538201204236	0
Solyc05g013220.2	0.28713538201204236	0
Solyc04g079950.4	0.28713538201204236	0
Solyc03g122140.3	0.28713538201204236	0
Solyc03g113620.3	0.28713538201204236	0
Solyc05g007420.2	0.28713538201204236	0
Solyc03g117940.3	0.28713538201204236	0
Solyc04g008030.2	0.28713538201204236	0
Solyc05g054610.1	0.28713538201204236	0
Solyc03g082720.3	0.28713538201204236	0
Solyc05g050490.4	0.28713538201204236	0
Solyc05g007560.3	0.28713538201204236	0
Solyc05g013440.3	0.28713538201204236	0
Solyc05g054740.3	0.28713538201204236	0
Solyc05g013530.4	0.28713538201204236	0
Solyc04g015600.3	0.28713538201204236	0
Solyc04g049930.2	0.28713538201204236	0
Solyc04g162280.1	0.28713538201204236	0
Solyc03g098050.3	0.28713538201204236	0
Solyc03g114300.5	0.28713538201204236	0
Solyc03g058940.4	0.28713538201204236	0
Solyc05g008380.4	0.28713538201204236	0
Solyc06g160950.1	0.28713538201204236	0
Solyc06g072110.4	0.28713538201204236	0
Solyc06g019200.4	0.28713538201204236	0
Solyc04g081090.3	0.28713538201204236	0
Solyc07g005090.5	0.28713538201204236	0
Solyc06g076860.5	0.28713538201204236	0
Solyc04g081240.2	0.28713538201204236	0
Solyc07g049645.1	0.28713538201204236	0
Solyc06g072520.2	0.28713538201204236	0
Solyc06g066320.3	0.28713538201204236	0
Solyc07g005560.3	0.28713538201204236	0
Solyc06g082280.3	0.28713538201204236	0
Solyc06g072845.1	0.28713538201204236	0
Solyc08g006180.5	0.28713538201204236	0
Solyc06g066490.1	0.28713538201204236	0
Solyc06g066500.1	0.28713538201204236	0
Solyc08g079460.3	0.28713538201204236	0
Solyc07g041010.3	0.28713538201204236	0
Solyc06g073080.4	0.28713538201204236	0
Solyc09g008490.4	0.28713538201204236	0
Solyc08g065330.3	0.28713538201204236	0
Solyc06g082570.3	0.28713538201204236	0
Solyc07g066360.1	0.28713538201204236	0
Solyc09g059040.3	0.28713538201204236	0
Solyc06g048600.3	0.28713538201204236	0
Solyc08g006480.4	0.28713538201204236	0
Solyc06g060680.2	0.28713538201204236	0
Solyc08g006580.3	0.28713538201204236	0
Solyc07g006160.3	0.28713538201204236	0
Solyc07g006180.4	0.28713538201204236	0
Solyc09g008810.3	0.28713538201204236	0
Solyc06g068055.1	0.28713538201204236	0
Solyc09g059430.3	0.28713538201204236	0
Solyc09g015650.4	0.28713538201204236	0
Solyc07g150120.1	0.28713538201204236	0
Solyc07g062260.3	0.28713538201204236	0
Solyc06g083210.3	0.28713538201204236	0
Solyc08g080280.3	0.28713538201204236	0
Solyc08g080400.2	0.28713538201204236	0
Solyc06g061120.4	0.28713538201204236	0
Solyc08g066430.1	0.28713538201204236	0
Solyc08g076050.4	0.28713538201204236	0
Solyc06g074250.4	0.28713538201204236	0
Solyc08g007390.3	0.28713538201204236	0
Solyc06g083880.2	0.28713538201204236	0
Solyc09g009690.3	0.28713538201204236	0
Solyc07g007380.4	0.28713538201204236	0
Solyc06g063000.3	0.28713538201204236	0
Solyc09g009895.1	0.28713538201204236	0
Solyc06g069240.2	0.28713538201204236	0
Solyc07g007620.3	0.28713538201204236	0
Solyc08g081290.4	0.28713538201204236	0
Solyc06g051570.4	0.28713538201204236	0
Solyc09g063090.4	0.28713538201204236	0
Solyc07g043510.3	0.28713538201204236	0
Solyc08g081410.3	0.28713538201204236	0
Solyc06g069430.3	0.28713538201204236	0
Solyc09g010180.3	0.28713538201204236	0
Solyc08g067530.1	0.28713538201204236	0
Solyc08g059715.1	0.28713538201204236	0
Solyc09g005730.4	0.28713538201204236	0
Solyc07g024070.3	0.28713538201204236	0
Solyc06g069770.3	0.28713538201204236	0
Solyc06g075567.1	0.28713538201204236	0
Solyc08g067910.3	0.28713538201204236	0
Solyc08g067940.3	0.28713538201204236	0
Solyc08g082120.2	0.28713538201204236	0
Solyc09g007080.3	0.28713538201204236	0
Solyc08g005020.3	0.28713538201204236	0
Solyc08g068180.3	0.28713538201204236	0
Solyc06g053570.2	0.28713538201204236	0
Solyc09g010970.5	0.28713538201204236	0
Solyc07g064300.3	0.28713538201204236	0
Solyc09g072880.3	0.28713538201204236	0
Solyc07g047720.3	0.28713538201204236	0
Solyc08g082700.3	0.28713538201204236	0
Solyc07g064625.1	0.28713538201204236	0
Solyc07g032510.3	0.28713538201204236	0
Solyc09g090445.1	0.28713538201204236	0
Solyc08g082840.3	0.28713538201204236	0
Solyc09g007680.4	0.28713538201204236	0
Solyc07g064990.3	0.28713538201204236	0
Solyc07g055780.3	0.28713538201204236	0
Solyc07g055860.4	0.28713538201204236	0
Solyc10g078710.1	0.28713538201204236	0
Solyc10g078730.2	0.28713538201204236	0
Solyc07g049430.3	0.28713538201204236	0
Solyc09g074690.3	0.28713538201204236	0
Solyc08g015990.4	0.28713538201204236	0
Solyc09g066440.4	0.28713538201204236	0
Solyc11g033283.1	0.28713538201204236	0
Solyc10g079000.1	0.28713538201204236	0
Solyc08g078950.3	0.28713538201204236	0
Solyc11g013390.3	0.28713538201204236	0
Solyc10g009190.1	0.28713538201204236	0
Solyc10g009210.4	0.28713538201204236	0
Solyc10g084740.3	0.28713538201204236	0
Solyc10g054570.2	0.28713538201204236	0
Solyc09g075290.3	0.28713538201204236	0
Solyc12g005080.2	0.28713538201204236	0
Solyc12g005400.3	0.28713538201204236	0
Solyc10g055240.2	0.28713538201204236	0
Solyc09g092050.4	0.28713538201204236	0
Solyc10g079730.4	0.28713538201204236	0
Solyc10g005340.3	0.28713538201204236	0
Solyc12g088220.2	0.28713538201204236	0
Solyc12g099330.2	0.28713538201204236	0
Solyc11g072510.3	0.28713538201204236	0
Solyc11g008430.2	0.28713538201204236	0
Solyc09g075900.3	0.28713538201204236	0
Solyc10g005470.3	0.28713538201204236	0
Solyc11g017200.2	0.28713538201204236	0
Solyc10g055760.2	0.28713538201204236	0
Solyc11g005020.3	0.28713538201204236	0
Solyc11g043200.1	0.28713538201204236	0
Solyc11g008670.2	0.28713538201204236	0
Solyc12g044950.3	0.28713538201204236	0
Solyc12g099770.2	0.28713538201204236	0
Solyc11g018580.2	0.28713538201204236	0
Solyc10g085850.1	0.28713538201204236	0
Solyc10g062340.2	0.28713538201204236	0
Solyc12g100130.1	0.28713538201204236	0
Solyc12g089030.2	0.28713538201204236	0
Solyc12g100190.2	0.28713538201204236	0
Solyc10g086150.2	0.28713538201204236	0
Solyc12g006340.3	0.28713538201204236	0
Solyc10g074643.1	0.28713538201204236	0
Solyc12g100360.1	0.28713538201204236	0
Solyc11g020230.1	0.28713538201204236	0
Solyc11g010480.2	0.28713538201204236	0
Solyc11g005800.2	0.28713538201204236	0
Solyc09g098190.3	0.28713538201204236	0
Solyc12g014070.2	0.28713538201204236	0
Solyc10g049630.2	0.28713538201204236	0
Solyc10g080970.2	0.28713538201204236	0
Solyc09g083020.1	0.28713538201204236	0
Solyc11g006200.2	0.28713538201204236	0
Solyc12g014560.3	0.28713538201204236	0
Solyc09g084460.3	0.28713538201204236	0
Solyc09g089560.4	0.28713538201204236	0
Solyc11g068740.2	0.28713538201204236	0
Solyc12g008470.2	0.28713538201204236	0
Solyc10g050860.3	0.28713538201204236	0
Solyc12g056650.2	0.28713538201204236	0
Solyc10g076900.3	0.28713538201204236	0
Solyc10g007670.5	0.28713538201204236	0
Solyc11g069170.2	0.28713538201204236	0
Solyc12g056860.2	0.28713538201204236	0
Solyc12g096550.2	0.28713538201204236	0
Solyc11g062360.2	0.28713538201204236	0
Solyc10g078180.3	0.28713538201204236	0
Solyc12g017830.3	0.28713538201204236	0
Solyc10g083650.1	0.28713538201204236	0
Solyc12g098380.3	0.28713538201204236	0
Solyc12g068070.2	0.28713538201204236	0
Solyc11g071290.2	0.28713538201204236	0
Solyc12g077540.3	0.28713538201204236	0
Solyc12g098860.2	0.28713538201204236	0
Solyc08g016804.1	0.28748373313951714	0
Solyc01g108950.3	0.28767643175360813	0
Solyc00g094550.1	0.2877970364541472	0
Solyc03g083993.1	0.28783722548563284	0
Solyc03g083995.1	0.28783722548563284	0
Solyc04g039890.1	0.28783722548563284	0
Solyc06g075260.3	0.2879196416222747	0
Solyc03g013615.2	0.28792013543148265	0
Solyc02g083480.3	0.2880083004785762	0
Solyc12g070130.2	0.2880083004785762	0
Solyc12g088240.2	0.28807015058788343	0
Solyc06g082640.3	0.2882305540489648	0
Solyc02g069810.3	0.2882616246606762	0
Solyc06g009600.3	0.2882616246606762	0
Solyc01g005680.4	0.28829269152388315	0
Solyc09g007840.3	0.28829269152388315	0
Solyc03g025210.3	0.28832375463923	0
Solyc02g091130.3	0.28835481400736085	0
Solyc05g050350.2	0.28835481400736085	0
Solyc09g050064.1	0.28835481400736085	0
Solyc11g071420.4	0.28835481400736085	0
Solyc04g071680.2	0.28838586962891977	0
Solyc03g096610.3	0.28838586962891977	0
Solyc12g013590.2	0.28838586962891977	0
Solyc02g069430.4	0.2884169215045511	0
Solyc02g091980.2	0.2884479696348984	0
Solyc10g024490.2	0.2884479696348984	0
Solyc01g079370.5	0.28851005466231694	0
Solyc05g010490.1	0.28853216191180586	0
Solyc08g065600.1	0.28853216191180586	0
Solyc02g085910.5	0.2885410915606753	0
Solyc00g500088.2	0.2885410915606753	0
Solyc01g096560.3	0.2885410915606753	0
Solyc05g012030.1	0.2885410915606753	0
Solyc05g054340.5	0.2885410915606753	0
Solyc03g118000.1	0.2885410915606753	0
Solyc04g081060.3	0.2885410915606753	0
Solyc05g014550.1	0.2885410915606753	0
Solyc07g006860.3	0.2885410915606753	0
Solyc09g009520.3	0.2885410915606753	0
Solyc08g076190.3	0.2885410915606753	0
Solyc09g010600.1	0.2885410915606753	0
Solyc11g072220.2	0.2885410915606753	0
Solyc03g006630.3	0.28857212471632476	0
Solyc02g081320.5	0.28857212471632476	0
Solyc01g102610.3	0.28857212471632476	0
Solyc03g031430.1	0.28857212471632476	0
Solyc01g097170.3	0.28857212471632476	0
Solyc02g084540.3	0.28857212471632476	0
Solyc03g120260.4	0.28857212471632476	0
Solyc03g111580.3	0.28857212471632476	0
Solyc03g065237.1	0.28857212471632476	0
Solyc05g005650.3	0.28857212471632476	0
Solyc04g005580.1	0.28857212471632476	0
Solyc04g005590.4	0.28857212471632476	0
Solyc04g008260.3	0.28857212471632476	0
Solyc05g050830.3	0.28857212471632476	0
Solyc04g050050.3	0.28857212471632476	0
Solyc05g026080.4	0.28857212471632476	0
Solyc07g005840.2	0.28857212471632476	0
Solyc07g066510.4	0.28857212471632476	0
Solyc06g068860.3	0.28857212471632476	0
Solyc06g069270.1	0.28857212471632476	0
Solyc07g025520.3	0.28857212471632476	0
Solyc09g011190.1	0.28857212471632476	0
Solyc09g007980.1	0.28857212471632476	0
Solyc08g078470.4	0.28857212471632476	0
Solyc10g008610.1	0.28857212471632476	0
Solyc10g047540.3	0.28857212471632476	0
Solyc10g038190.2	0.28857212471632476	0
Solyc05g018405.1	0.28857412185452225	0
Solyc09g005430.3	0.28857412185452225	0
Solyc06g160660.1	0.28857412185452225	0
Solyc06g068660.3	0.28907736963879915	0
Solyc10g024330.3	0.28914185630578215	0
Solyc01g106140.2	0.2892063267958994	0
Solyc05g043405.1	0.2893030022121237	0
Solyc06g051000.2	0.28988495662570224	0
Solyc04g161450.1	0.2901528127630406	0
Solyc09g098210.3	0.29099482825207357	0
Solyc08g150103.1	0.29135677951889283	0
Solyc01g099480.4	0.2914206954418852	0
Solyc01g073800.3	0.2914206954418852	0
Solyc03g025580.1	0.29168966735480995	0
Solyc07g055570.1	0.29168966735480995	0
Solyc01g090060.1	0.294109377561211	0
Solyc12g010755.1	0.2944384054739171	0
Solyc12g161230.1	0.2944882067934077	0
Solyc09g056222.2	0.29459624560798936	0
Solyc07g043650.3	0.29532104866869957	0
Solyc06g007395.1	0.2954354023912067	0
Solyc12g056010.2	0.2954354023912067	0
Solyc04g076350.1	0.2955412303881738	0
Solyc11g056293.1	0.29560410433109474	0
Solyc10g081745.1	0.29563553545275945	0
Solyc04g007770.3	0.29569838599999765	0
Solyc02g160120.1	0.29572980542697047	0
Solyc03g118960.3	0.29605823142107324	0
Solyc04g082080.1	0.2961946104007863	0
Solyc10g076390.2	0.2961946104007863	0
Solyc12g049300.2	0.29622869366484983	0
Solyc11g150103.1	0.2962807237036692	0
Solyc00g005285.2	0.29633091591730076	0
Solyc06g075290.4	0.2965453447846188	0
Solyc04g012020.1	0.29692086248332317	0
Solyc05g056180.1	0.2969558287306461	0
Solyc02g014560.3	0.2972333681111162	0
Solyc07g025140.5	0.29726459741379996	0
Solyc09g075380.1	0.2979195215546403	0
Solyc07g007880.1	0.29794227687147135	0
Solyc01g057600.3	0.2980440764062381	0
Solyc05g051670.3	0.2981063307569184	0
Solyc02g071300.1	0.29813745216589593	0
Solyc08g160380.1	0.29819968345457726	0
Solyc01g098770.1	0.2982307933356614	0
Solyc04g082150.1	0.2982307933356614	0
Solyc07g052870.3	0.2982307933356614	0
Solyc09g065530.2	0.2982307933356614	0
Solyc10g085860.1	0.2982307933356614	0
Solyc11g007000.2	0.2982307933356614	0
Solyc03g093630.3	0.2982618993754943	0
Solyc03g115790.1	0.2982618993754943	0
Solyc08g067360.3	0.2982618993754943	0
Solyc02g084960.1	0.2982930015747659	0
Solyc02g067490.3	0.2982930015747659	0
Solyc01g020150.4	0.2982930015747659	0
Solyc01g049810.4	0.2982930015747659	0
Solyc03g114820.3	0.2982930015747659	0
Solyc05g050400.4	0.2982930015747659	0
Solyc03g118005.1	0.2982930015747659	0
Solyc07g044990.3	0.2982930015747659	0
Solyc06g071850.3	0.2982930015747659	0
Solyc10g050430.1	0.2982930015747659	0
Solyc01g008520.3	0.2983240999341661	0
Solyc02g038819.1	0.2983240999341661	0
Solyc01g098080.3	0.2983240999341661	0
Solyc02g094530.1	0.2983240999341661	0
Solyc01g098720.3	0.2983240999341661	0
Solyc03g007710.3	0.2983240999341661	0
Solyc01g010600.4	0.2983240999341661	0
Solyc01g087800.2	0.2983240999341661	0
Solyc01g088450.2	0.2983240999341661	0
Solyc02g079390.4	0.2983240999341661	0
Solyc03g115190.5	0.2983240999341661	0
Solyc04g010045.1	0.2983240999341661	0
Solyc04g010050.5	0.2983240999341661	0
Solyc04g082865.1	0.2983240999341661	0
Solyc03g095450.3	0.2983240999341661	0
Solyc05g047580.5	0.2983240999341661	0
Solyc05g162440.1	0.2983240999341661	0
Solyc04g049640.3	0.2983240999341661	0
Solyc06g005720.5	0.2983240999341661	0
Solyc05g013920.4	0.2983240999341661	0
Solyc05g008200.4	0.2983240999341661	0
Solyc06g035790.3	0.2983240999341661	0
Solyc05g051770.3	0.2983240999341661	0
Solyc08g006610.3	0.2983240999341661	0
Solyc08g007120.3	0.2983240999341661	0
Solyc07g063460.3	0.2983240999341661	0
Solyc07g063465.2	0.2983240999341661	0
Solyc06g069880.1	0.2983240999341661	0
Solyc10g078510.3	0.2983240999341661	0
Solyc09g011850.4	0.2983240999341661	0
Solyc07g065320.4	0.2983240999341661	0
Solyc08g078710.3	0.2983240999341661	0
Solyc12g044240.3	0.2983240999341661	0
Solyc09g075770.3	0.2983240999341661	0
Solyc10g012210.4	0.2983240999341661	0
Solyc12g094550.2	0.2983240999341661	0
Solyc10g150117.1	0.2983240999341661	0
Solyc10g007500.4	0.2983240999341661	0
Solyc12g008790.3	0.2983240999341661	0
Solyc12g009430.2	0.2983240999341661	0
Solyc12g042690.3	0.2983240999341661	0
Solyc02g090660.3	0.2987326469786735	0
Solyc04g162600.1	0.2989341387285128	0
Solyc05g051550.2	0.29955270729399375	0
Solyc01g106710.1	0.29964109003251893	0
Solyc10g080120.1	0.29980802548175245	0
Solyc09g160760.1	0.30028561445888935	0
Solyc06g072590.4	0.3003526784986075	0
Solyc04g080110.4	0.30038620379424485	0
Solyc11g066420.1	0.3004197246082345	0
Solyc12g056260.1	0.30095158382564	0
Solyc01g033995.1	0.30098806785824306	0
Solyc02g071460.3	0.3010610199813498	0
Solyc01g044374.2	0.3011339508558666	0
Solyc11g073310.2	0.30117040832773156	0
Solyc06g072680.4	0.3030388382509953	0
Solyc11g072760.1	0.30361698863843967	0
Solyc05g005660.1	0.30590932185007846	0
Solyc04g011960.2	0.30590932185007846	0
Solyc11g160560.1	0.30590932185007846	0
Solyc11g007370.3	0.30590932185007846	0
Solyc12g096750.2	0.30590932185007846	0
Solyc11g069750.3	0.30590932185007846	0
Solyc02g062070.2	0.3059954302052035	0
Solyc02g062300.3	0.3059954302052035	0
Solyc02g092020.3	0.3059954302052035	0
Solyc03g031450.3	0.3059954302052035	0
Solyc03g161480.1	0.3059954302052035	0
Solyc04g054380.1	0.3059954302052035	0
Solyc04g072870.2	0.3059954302052035	0
Solyc04g161250.1	0.3059954302052035	0
Solyc04g075010.1	0.3059954302052035	0
Solyc06g005920.3	0.3059954302052035	0
Solyc08g066060.2	0.3059954302052035	0
Solyc07g043350.3	0.3059954302052035	0
Solyc08g077010.1	0.3059954302052035	0
Solyc08g067450.1	0.3059954302052035	0
Solyc07g161680.1	0.3059954302052035	0
Solyc06g065430.3	0.3059954302052035	0
Solyc07g032390.2	0.3059954302052035	0
Solyc09g014560.2	0.3059954302052035	0
Solyc12g010510.2	0.3059954302052035	0
Solyc11g008240.1	0.3059954302052035	0
Solyc12g099380.3	0.3059954302052035	0
Solyc12g088380.1	0.3059954302052035	0
Solyc11g005160.1	0.3059954302052035	0
Solyc12g006190.1	0.3059954302052035	0
Solyc11g005410.2	0.3059954302052035	0
Solyc11g044860.3	0.3059954302052035	0
Solyc12g089270.1	0.3059954302052035	0
Solyc10g006615.1	0.3059954302052035	0
Solyc11g050810.1	0.3059954302052035	0
Solyc11g160220.1	0.3059954302052035	0
Solyc10g076485.2	0.3059954302052035	0
Solyc10g050470.3	0.3059954302052035	0
Solyc12g162060.1	0.3059954302052035	0
Solyc01g103260.2	0.30608150864496975	0
Solyc01g108090.2	0.30608150864496975	0
Solyc01g018025.2	0.30608150864496975	0
Solyc01g009210.2	0.30608150864496975	0
Solyc01g108730.3	0.30608150864496975	0
Solyc02g150107.1	0.30608150864496975	0
Solyc02g150111.1	0.30608150864496975	0
Solyc01g098555.1	0.30608150864496975	0
Solyc03g007640.1	0.30608150864496975	0
Solyc03g007780.1	0.30608150864496975	0
Solyc01g086780.1	0.30608150864496975	0
Solyc01g056200.1	0.30608150864496975	0
Solyc01g056290.2	0.30608150864496975	0
Solyc01g056450.3	0.30608150864496975	0
Solyc02g091440.2	0.30608150864496975	0
Solyc01g056657.1	0.30608150864496975	0
Solyc03g013600.1	0.30608150864496975	0
Solyc02g031700.3	0.30608150864496975	0
Solyc02g078190.3	0.30608150864496975	0
Solyc01g162150.1	0.30608150864496975	0
Solyc01g057300.2	0.30608150864496975	0
Solyc01g057700.1	0.30608150864496975	0
Solyc01g014390.3	0.30608150864496975	0
Solyc01g088105.1	0.30608150864496975	0
Solyc03g025570.2	0.30608150864496975	0
Solyc01g074060.1	0.30608150864496975	0
Solyc02g088060.3	0.30608150864496975	0
Solyc01g058673.2	0.30608150864496975	0
Solyc02g036240.1	0.30608150864496975	0
Solyc03g083670.3	0.30608150864496975	0
Solyc03g061620.1	0.30608150864496975	0
Solyc01g079970.2	0.30608150864496975	0
Solyc02g088890.2	0.30608150864496975	0
Solyc01g080000.1	0.30608150864496975	0
Solyc01g090523.1	0.30608150864496975	0
Solyc03g161010.1	0.30608150864496975	0
Solyc05g150148.2	0.30608150864496975	0
Solyc05g150151.1	0.30608150864496975	0
Solyc04g077960.1	0.30608150864496975	0
Solyc05g052740.1	0.30608150864496975	0
Solyc04g025240.2	0.30608150864496975	0
Solyc05g044540.3	0.30608150864496975	0
Solyc04g054157.2	0.30608150864496975	0
Solyc06g008440.1	0.30608150864496975	0
Solyc03g096140.2	0.30608150864496975	0
Solyc05g053920.1	0.30608150864496975	0
Solyc05g162050.1	0.30608150864496975	0
Solyc04g079670.1	0.30608150864496975	0
Solyc03g117710.3	0.30608150864496975	0
Solyc03g097660.3	0.30608150864496975	0
Solyc03g097770.2	0.30608150864496975	0
Solyc05g014070.1	0.30608150864496975	0
Solyc06g160910.1	0.30608150864496975	0
Solyc03g114610.1	0.30608150864496975	0
Solyc07g005347.1	0.30608150864496975	0
Solyc06g073165.2	0.30608150864496975	0
Solyc08g023410.1	0.30608150864496975	0
Solyc08g160320.1	0.30608150864496975	0
Solyc08g023630.3	0.30608150864496975	0
Solyc07g150139.2	0.30608150864496975	0
Solyc09g059640.3	0.30608150864496975	0
Solyc08g161680.1	0.30608150864496975	0
Solyc08g044610.4	0.30608150864496975	0
Solyc08g059740.1	0.30608150864496975	0
Solyc07g063760.1	0.30608150864496975	0
Solyc09g042300.2	0.30608150864496975	0
Solyc06g160190.1	0.30608150864496975	0
Solyc06g053520.4	0.30608150864496975	0
Solyc08g013803.1	0.30608150864496975	0
Solyc08g061935.2	0.30608150864496975	0
Solyc10g078940.2	0.30608150864496975	0
Solyc11g013210.3	0.30608150864496975	0
Solyc09g014460.1	0.30608150864496975	0
Solyc11g072360.1	0.30608150864496975	0
Solyc12g099610.1	0.30608150864496975	0
Solyc10g048100.3	0.30608150864496975	0
Solyc12g049255.1	0.30608150864496975	0
Solyc10g017750.2	0.30608150864496975	0
Solyc10g049305.1	0.30608150864496975	0
Solyc10g017950.3	0.30608150864496975	0
Solyc10g049472.1	0.30608150864496975	0
Solyc11g150104.1	0.30608150864496975	0
Solyc11g010770.1	0.30608150864496975	0
Solyc12g160190.1	0.30608150864496975	0
Solyc09g150135.1	0.30608150864496975	0
Solyc11g160450.1	0.30608150864496975	0
Solyc11g021237.1	0.30608150864496975	0
Solyc11g012010.2	0.30608150864496975	0
Solyc10g052480.1	0.30608150864496975	0
Solyc10g052680.1	0.30608150864496975	0
Solyc11g012380.1	0.30608150864496975	0
Solyc12g019335.1	0.30608150864496975	0
Solyc12g019770.1	0.30608150864496975	0
Solyc12g009870.2	0.30608150864496975	0
Solyc05g008490.2	0.30621463536727467	0
Solyc04g064690.5	0.3065126458990659	0
Solyc10g085210.2	0.3065221307881574	0
Solyc08g005080.3	0.30665867289797166	0
Solyc03g025810.4	0.30670836627702347	0
Solyc09g092765.1	0.30672691570741684	0
Solyc01g107690.4	0.3068263962476486	0
Solyc01g080100.3	0.3068263962476486	0
Solyc01g097320.3	0.3068263962476486	0
Solyc01g103110.3	0.3068263962476486	0
Solyc02g080370.3	0.3068263962476486	0
Solyc01g108010.3	0.3068263962476486	0
Solyc03g006570.3	0.3068263962476486	0
Solyc01g080580.5	0.3068263962476486	0
Solyc02g067600.1	0.3068263962476486	0
Solyc01g150146.1	0.3068263962476486	0
Solyc01g066050.3	0.3068263962476486	0
Solyc01g091370.4	0.3068263962476486	0
Solyc00g500333.1	0.3068263962476486	0
Solyc02g094220.2	0.3068263962476486	0
Solyc01g080910.2	0.3068263962476486	0
Solyc01g108410.3	0.3068263962476486	0
Solyc01g097980.3	0.3068263962476486	0
Solyc01g150165.2	0.3068263962476486	0
Solyc02g081030.4	0.3068263962476486	0
Solyc02g067960.3	0.3068263962476486	0
Solyc02g090130.4	0.3068263962476486	0
Solyc02g090150.1	0.3068263962476486	0
Solyc02g081190.5	0.3068263962476486	0
Solyc02g085760.2	0.3068263962476486	0
Solyc02g076780.3	0.3068263962476486	0
Solyc01g091770.4	0.3068263962476486	0
Solyc03g007190.3	0.3068263962476486	0
Solyc02g068200.1	0.3068263962476486	0
Solyc01g098460.4	0.3068263962476486	0
Solyc03g007370.3	0.3068263962476486	0
Solyc02g090530.4	0.3068263962476486	0
Solyc01g067090.4	0.3068263962476486	0
Solyc02g150130.2	0.3068263962476486	0
Solyc01g098690.2	0.3068263962476486	0
Solyc02g021420.3	0.3068263962476486	0
Solyc01g067250.3	0.3068263962476486	0
Solyc01g094200.4	0.3068263962476486	0
Solyc01g104670.3	0.3068263962476486	0
Solyc01g044350.4	0.3068263962476486	0
Solyc03g007810.3	0.3068263962476486	0
Solyc01g104840.4	0.3068263962476486	0
Solyc02g086458.2	0.3068263962476486	0
Solyc02g062670.3	0.3068263962476486	0
Solyc02g024050.3	0.3068263962476486	0
Solyc01g094560.5	0.3068263962476486	0
Solyc02g091180.1	0.3068263962476486	0
Solyc01g094650.4	0.3068263962476486	0
Solyc02g086750.3	0.3068263962476486	0
Solyc01g105180.3	0.3068263962476486	0
Solyc02g030243.1	0.3068263962476486	0
Solyc01g005560.3	0.3068263962476486	0
Solyc02g082400.4	0.3068263962476486	0
Solyc01g105475.1	0.3068263962476486	0
Solyc01g095120.3	0.3068263962476486	0
Solyc01g095200.3	0.3068263962476486	0
Solyc01g087710.2	0.3068263962476486	0
Solyc01g110130.3	0.3068263962476486	0
Solyc01g057260.4	0.3068263962476486	0
Solyc02g078480.3	0.3068263962476486	0
Solyc02g065050.1	0.3068263962476486	0
Solyc03g005120.3	0.3068263962476486	0
Solyc02g083360.1	0.3068263962476486	0
Solyc03g005230.3	0.3068263962476486	0
Solyc01g106390.3	0.3068263962476486	0
Solyc02g092430.1	0.3068263962476486	0
Solyc02g065430.1	0.3068263962476486	0
Solyc02g065490.4	0.3068263962476486	0
Solyc02g083580.4	0.3068263962476486	0
Solyc00g500180.1	0.3068263962476486	0
Solyc02g036260.5	0.3068263962476486	0
Solyc01g106810.5	0.3068263962476486	0
Solyc02g092750.3	0.3068263962476486	0
Solyc03g005780.3	0.3068263962476486	0
Solyc02g083810.4	0.3068263962476486	0
Solyc03g098250.4	0.3068263962476486	0
Solyc02g066910.3	0.3068263962476486	0
Solyc03g098320.5	0.3068263962476486	0
Solyc03g114800.1	0.3068263962476486	0
Solyc03g083720.1	0.3068263962476486	0
Solyc01g007980.4	0.3068263962476486	0
Solyc02g093080.3	0.3068263962476486	0
Solyc02g071310.3	0.3068263962476486	0
Solyc03g059490.1	0.3068263962476486	0
Solyc02g093150.3	0.3068263962476486	0
Solyc02g071400.3	0.3068263962476486	0
Solyc01g107350.3	0.3068263962476486	0
Solyc02g093320.4	0.3068263962476486	0
Solyc03g098710.1	0.3068263962476486	0
Solyc03g033310.5	0.3068263962476486	0
Solyc04g064740.4	0.3068263962476486	0
Solyc03g063040.4	0.3068263962476486	0
Solyc04g009060.4	0.3068263962476486	0
Solyc03g093180.1	0.3068263962476486	0
Solyc03g110970.3	0.3068263962476486	0
Solyc03g063240.3	0.3068263962476486	0
Solyc03g111080.3	0.3068263962476486	0
Solyc05g015470.1	0.3068263962476486	0
Solyc03g111360.3	0.3068263962476486	0
Solyc04g051190.3	0.3068263962476486	0
Solyc03g034180.3	0.3068263962476486	0
Solyc04g077820.5	0.3068263962476486	0
Solyc04g024430.3	0.3068263962476486	0
Solyc04g082340.3	0.3068263962476486	0
Solyc05g052490.3	0.3068263962476486	0
Solyc05g010180.4	0.3068263962476486	0
Solyc03g116100.3	0.3068263962476486	0
Solyc03g120540.3	0.3068263962476486	0
Solyc05g052715.1	0.3068263962476486	0
Solyc03g111940.2	0.3068263962476486	0
Solyc05g010570.3	0.3068263962476486	0
Solyc04g072031.1	0.3068263962476486	0
Solyc05g005980.4	0.3068263962476486	0
Solyc04g078610.4	0.3068263962476486	0
Solyc04g078640.3	0.3068263962476486	0
Solyc04g054490.3	0.3068263962476486	0
Solyc03g116920.3	0.3068263962476486	0
Solyc03g112600.4	0.3068263962476486	0
Solyc04g072570.3	0.3068263962476486	0
Solyc05g006650.3	0.3068263962476486	0
Solyc03g079870.1	0.3068263962476486	0
Solyc04g011900.4	0.3068263962476486	0
Solyc04g079280.4	0.3068263962476486	0
Solyc06g009130.3	0.3068263962476486	0
Solyc04g054810.3	0.3068263962476486	0
Solyc04g072880.3	0.3068263962476486	0
Solyc04g072890.4	0.3068263962476486	0
Solyc04g079590.3	0.3068263962476486	0
Solyc05g020020.4	0.3068263962476486	0
Solyc03g096840.5	0.3068263962476486	0
Solyc05g012930.4	0.3068263962476486	0
Solyc05g054260.3	0.3068263962476486	0
Solyc03g082370.1	0.3068263962476486	0
Solyc03g082480.4	0.3068263962476486	0
Solyc04g008040.4	0.3068263962476486	0
Solyc04g080130.3	0.3068263962476486	0
Solyc03g053020.4	0.3068263962476486	0
Solyc03g123390.4	0.3068263962476486	0
Solyc04g008220.4	0.3068263962476486	0
Solyc05g013630.1	0.3068263962476486	0
Solyc03g113960.4	0.3068263962476486	0
Solyc03g113980.3	0.3068263962476486	0
Solyc05g024260.3	0.3068263962476486	0
Solyc05g013680.3	0.3068263962476486	0
Solyc03g097630.3	0.3068263962476486	0
Solyc03g097740.1	0.3068263962476486	0
Solyc03g118450.1	0.3068263962476486	0
Solyc03g118470.4	0.3068263962476486	0
Solyc06g035610.3	0.3068263962476486	0
Solyc04g076320.5	0.3068263962476486	0
Solyc03g124030.5	0.3068263962476486	0
Solyc05g025900.3	0.3068263962476486	0
Solyc04g015960.3	0.3068263962476486	0
Solyc06g005970.2	0.3068263962476486	0
Solyc05g008340.3	0.3068263962476486	0
Solyc03g150104.1	0.3068263962476486	0
Solyc04g063360.3	0.3068263962476486	0
Solyc05g055360.4	0.3068263962476486	0
Solyc04g076550.3	0.3068263962476486	0
Solyc05g014200.3	0.3068263962476486	0
Solyc05g051500.4	0.3068263962476486	0
Solyc04g064530.1	0.3068263962476486	0
Solyc06g065740.5	0.3068263962476486	0
Solyc04g016270.2	0.3068263962476486	0
Solyc03g114670.4	0.3068263962476486	0
Solyc05g014360.1	0.3068263962476486	0
Solyc03g119090.3	0.3068263962476486	0
Solyc04g076860.3	0.3068263962476486	0
Solyc06g054530.3	0.3068263962476486	0
Solyc08g074560.3	0.3068263962476486	0
Solyc05g056160.3	0.3068263962476486	0
Solyc06g082275.1	0.3068263962476486	0
Solyc06g060060.4	0.3068263962476486	0
Solyc05g009300.1	0.3068263962476486	0
Solyc07g056590.3	0.3068263962476486	0
Solyc07g005775.1	0.3068263962476486	0
Solyc07g056640.1	0.3068263962476486	0
Solyc07g066170.4	0.3068263962476486	0
Solyc06g073130.4	0.3068263962476486	0
Solyc07g005890.3	0.3068263962476486	0
Solyc08g075240.3	0.3068263962476486	0
Solyc06g073370.5	0.3068263962476486	0
Solyc07g006340.4	0.3068263962476486	0
Solyc08g080050.4	0.3068263962476486	0
Solyc07g006410.1	0.3068263962476486	0
Solyc06g050225.1	0.3068263962476486	0
Solyc08g006950.4	0.3068263962476486	0
Solyc08g080340.3	0.3068263962476486	0
Solyc07g006670.1	0.3068263962476486	0
Solyc06g068520.3	0.3068263962476486	0
Solyc07g006820.4	0.3068263962476486	0
Solyc08g036625.2	0.3068263962476486	0
Solyc07g062610.4	0.3068263962476486	0
Solyc07g053250.3	0.3068263962476486	0
Solyc06g083770.5	0.3068263962476486	0
Solyc08g076250.3	0.3068263962476486	0
Solyc06g062760.3	0.3068263962476486	0
Solyc07g020800.3	0.3068263962476486	0
Solyc08g066800.4	0.3068263962476486	0
Solyc09g005130.5	0.3068263962476486	0
Solyc06g084070.3	0.3068263962476486	0
Solyc08g067000.3	0.3068263962476486	0
Solyc07g053700.4	0.3068263962476486	0
Solyc08g081210.4	0.3068263962476486	0
Solyc07g043480.1	0.3068263962476486	0
Solyc06g069310.3	0.3068263962476486	0
Solyc06g063330.3	0.3068263962476486	0
Solyc06g069470.3	0.3068263962476486	0
Solyc06g075190.1	0.3068263962476486	0
Solyc07g044850.3	0.3068263962476486	0
Solyc08g077180.3	0.3068263962476486	0
Solyc07g008160.3	0.3068263962476486	0
Solyc06g052070.3	0.3068263962476486	0
Solyc06g075360.3	0.3068263962476486	0
Solyc09g042260.3	0.3068263962476486	0
Solyc08g077350.3	0.3068263962476486	0
Solyc07g064010.3	0.3068263962476486	0
Solyc06g070980.3	0.3068263962476486	0
Solyc06g075690.3	0.3068263962476486	0
Solyc06g065100.3	0.3068263962476486	0
Solyc06g071060.1	0.3068263962476486	0
Solyc07g045350.4	0.3068263962476486	0
Solyc09g010980.1	0.3068263962476486	0
Solyc06g053660.3	0.3068263962476486	0
Solyc09g055310.3	0.3068263962476486	0
Solyc07g064410.1	0.3068263962476486	0
Solyc06g071290.3	0.3068263962476486	0
Solyc07g047670.3	0.3068263962476486	0
Solyc06g076280.3	0.3068263962476486	0
Solyc08g082690.2	0.3068263962476486	0
Solyc08g005490.3	0.3068263962476486	0
Solyc07g047800.3	0.3068263962476486	0
Solyc08g014300.5	0.3068263962476486	0
Solyc07g064700.4	0.3068263962476486	0
Solyc08g078240.4	0.3068263962476486	0
Solyc09g074470.3	0.3068263962476486	0
Solyc09g008260.3	0.3068263962476486	0
Solyc10g045180.1	0.3068263962476486	0
Solyc11g013200.2	0.3068263962476486	0
Solyc10g009000.4	0.3068263962476486	0
Solyc11g007770.2	0.3068263962476486	0
Solyc09g072680.2	0.3068263962476486	0
Solyc11g039650.2	0.3068263962476486	0
Solyc12g019990.1	0.3068263962476486	0
Solyc08g079060.4	0.3068263962476486	0
Solyc11g065490.2	0.3068263962476486	0
Solyc11g072180.3	0.3068263962476486	0
Solyc09g075760.4	0.3068263962476486	0
Solyc11g072450.2	0.3068263962476486	0
Solyc11g066040.2	0.3068263962476486	0
Solyc12g044600.3	0.3068263962476486	0
Solyc11g072620.1	0.3068263962476486	0
Solyc11g043130.2	0.3068263962476486	0
Solyc11g017410.1	0.3068263962476486	0
Solyc11g072840.1	0.3068263962476486	0
Solyc11g008890.2	0.3068263962476486	0
Solyc10g085980.2	0.3068263962476486	0
Solyc12g049340.3	0.3068263962476486	0
Solyc11g005720.1	0.3068263962476486	0
Solyc11g005730.3	0.3068263962476486	0
Solyc11g150100.1	0.3068263962476486	0
Solyc12g089280.2	0.3068263962476486	0
Solyc09g098230.3	0.3068263962476486	0
Solyc12g014090.2	0.3068263962476486	0
Solyc10g086440.2	0.3068263962476486	0
Solyc11g045330.2	0.3068263962476486	0
Solyc10g086520.2	0.3068263962476486	0
Solyc12g094420.2	0.3068263962476486	0
Solyc12g014200.3	0.3068263962476486	0
Solyc12g055760.2	0.3068263962476486	0
Solyc12g014310.2	0.3068263962476486	0
Solyc12g037970.2	0.3068263962476486	0
Solyc10g081140.3	0.3068263962476486	0
Solyc10g018530.2	0.3068263962476486	0
Solyc10g087030.1	0.3068263962476486	0
Solyc10g007140.3	0.3068263962476486	0
Solyc11g006540.2	0.3068263962476486	0
Solyc12g095880.2	0.3068263962476486	0
Solyc10g076480.2	0.3068263962476486	0
Solyc11g011415.1	0.3068263962476486	0
Solyc12g008390.3	0.3068263962476486	0
Solyc09g160240.1	0.3068263962476486	0
Solyc12g096450.2	0.3068263962476486	0
Solyc10g038080.3	0.3068263962476486	0
Solyc12g040790.2	0.3068263962476486	0
Solyc10g160950.1	0.3068263962476486	0
Solyc12g009140.3	0.3068263962476486	0
Solyc10g083370.1	0.3068263962476486	0
Solyc11g069640.2	0.3068263962476486	0
Solyc11g069840.3	0.3068263962476486	0
Solyc11g069940.1	0.3068263962476486	0
Solyc12g009570.3	0.3068263962476486	0
Solyc11g070060.2	0.3068263962476486	0
Solyc11g012910.2	0.3068263962476486	0
Solyc11g071270.2	0.3068263962476486	0
Solyc12g010060.2	0.3068263962476486	0
Solyc12g098830.2	0.3068263962476486	0
Solyc12g098990.2	0.3068263962476486	0
Solyc10g005270.1	0.30687172642133287	0
Solyc12g009065.2	0.30687172642133287	0
Solyc00g500381.1	0.3069043855064395	0
Solyc08g076710.3	0.30694314560967495	0
Solyc02g094860.3	0.3069512970433341	0
Solyc09g072930.1	0.3070784300166802	0
Solyc08g069210.1	0.30719900199672057	0
Solyc10g084033.2	0.30723287674523125	0
Solyc07g005037.2	0.3073266654015252	0
Solyc07g017420.1	0.3073274989188616	0
Solyc04g026150.2	0.30743416592739536	0
Solyc07g047745.1	0.30743416592739536	0
Solyc02g090210.3	0.3075453672328242	0
Solyc08g150137.1	0.3076078179169216	0
Solyc12g099730.3	0.3076390373370925	0
Solyc04g054950.3	0.30767025281032867	0
Solyc09g063150.3	0.30767025281032867	0
Solyc00g160030.1	0.3078262709983074	0
Solyc04g071085.2	0.307953746223388	0
Solyc03g120600.4	0.307953746223388	0
Solyc12g017265.1	0.3080133627291375	0
Solyc11g064780.2	0.3080133627291375	0
Solyc05g007600.1	0.30803143366614216	0
Solyc03g122070.3	0.3081068554203805	0
Solyc08g074260.3	0.3081068554203805	0
Solyc05g012050.4	0.30813801177804667	0
Solyc12g009010.2	0.30813801177804667	0
Solyc08g081650.3	0.30816916420056484	0
Solyc05g150119.1	0.30823145724309864	0
Solyc09g061760.1	0.30823145724309864	0
Solyc09g005990.4	0.30823145724309864	0
Solyc12g160370.1	0.30823145724309864	0
Solyc02g077130.2	0.30826259786458476	0
Solyc01g090030.2	0.30826259786458476	0
Solyc04g064710.3	0.30826259786458476	0
Solyc03g116540.1	0.30826259786458476	0
Solyc04g014220.1	0.30826259786458476	0
Solyc06g061100.4	0.30826259786458476	0
Solyc10g083180.3	0.30826259786458476	0
Solyc01g081185.1	0.30829373455386355	0
Solyc01g104490.3	0.30829373455386355	0
Solyc02g068650.2	0.30829373455386355	0
Solyc01g109615.1	0.30829373455386355	0
Solyc02g088600.4	0.30829373455386355	0
Solyc03g062650.3	0.30829373455386355	0
Solyc04g007210.3	0.30829373455386355	0
Solyc04g057830.1	0.30829373455386355	0
Solyc07g005140.4	0.30829373455386355	0
Solyc06g035520.3	0.30829373455386355	0
Solyc12g007300.1	0.30829373455386355	0
Solyc09g150157.1	0.30829373455386355	0
Solyc11g011530.2	0.30829373455386355	0
Solyc04g051155.1	0.30937391852591245	0
Solyc12g019330.3	0.30937391852591245	0
Solyc12g098320.3	0.30937391852591245	0
Solyc02g061870.1	0.3099497321433188	0
Solyc03g094100.1	0.31013776286759487	0
Solyc01g010365.1	0.31015161458513196	0
Solyc12g056810.2	0.31015161458513196	0
Solyc11g162130.1	0.31018456897961233	0
Solyc04g014617.1	0.31023136617265	0
Solyc10g012213.1	0.31031300114779203	0
Solyc09g056390.1	0.3103533312198812	0
Solyc09g082740.1	0.3103533312198812	0
Solyc06g072385.1	0.3107537563327286	0
Solyc00g049220.1	0.3107798907262802	0
Solyc00g500355.1	0.3108589297669875	0
Solyc05g046225.1	0.3108589297669875	0
Solyc03g121690.1	0.3108589297669875	0
Solyc10g054360.1	0.3108589297669875	0
Solyc10g078650.3	0.3113703426626011	0
Solyc02g014530.4	0.31137806903484644	0
Solyc03g071680.2	0.31137806903484644	0
Solyc04g015010.4	0.31137806903484644	0
Solyc12g005787.1	0.31137806903484644	0
Solyc04g005220.3	0.3114503836230056	0
Solyc12g098200.2	0.3114503836230056	0
Solyc02g065670.3	0.3115306388017165	0
Solyc10g055210.3	0.3115306388017165	0
Solyc02g077940.1	0.3115626854439397	0
Solyc02g068620.1	0.3115831330157719	0
Solyc01g016400.1	0.3115831330157719	0
Solyc04g077890.1	0.3115831330157719	0
Solyc08g069070.3	0.3115831330157719	0
Solyc05g013620.4	0.31158868570543685	0
Solyc07g150100.2	0.31158868570543685	0
Solyc02g088410.1	0.3116273668265912	0
Solyc05g023895.2	0.3116273668265912	0
Solyc05g024230.3	0.3116273668265912	0
Solyc09g025210.3	0.3123612447421129	0
Solyc09g065680.1	0.3127094200774765	0
Solyc10g006940.1	0.3127094200774765	0
Solyc09g090650.3	0.3127454701929633	0
Solyc12g088950.3	0.3129048679239478	0
Solyc05g018870.3	0.3137638214729481	0
Solyc02g073570.1	0.314746308850098	0
Solyc10g006570.2	0.314746308850098	0
Solyc10g009610.2	0.3155357574883706	0
Solyc02g030530.1	0.31597950485061965	0
Solyc02g083910.4	0.31612984290471724	0
Solyc06g082110.1	0.31612984290471724	0
Solyc06g060930.1	0.316699450897001	0
Solyc01g100440.3	0.31723225336774286	0
Solyc02g030260.2	0.31736171317970996	0
Solyc07g009473.1	0.31736171317970996	0
Solyc11g042870.1	0.31736171317970996	0
Solyc04g018080.4	0.31742002165540995	0
Solyc02g092870.2	0.31751385117839226	0
Solyc03g113410.2	0.3177014010885617	0
Solyc04g056713.1	0.3178263535885991	0
Solyc12g007240.3	0.31785758162411093	0
Solyc01g150158.1	0.3178888056253888	0
Solyc01g080610.3	0.31798245343164155	0
Solyc06g082130.3	0.31810726074147844	0
Solyc06g076580.1	0.31816603193389237	0
Solyc11g007640.2	0.3182008239273293	0
Solyc05g025710.1	0.31820161313201123	0
Solyc01g098330.1	0.31826317925507275	0
Solyc10g076500.3	0.31829435088243885	0
Solyc02g087790.2	0.3183255184865079	0
Solyc09g090220.3	0.3183255184865079	0
Solyc02g080790.4	0.31835668206806	0
Solyc01g009440.3	0.31835668206806	0
Solyc04g052970.3	0.31835668206806	0
Solyc02g080145.1	0.3183878416278749	0
Solyc01g100340.5	0.3183878416278749	0
Solyc00g500150.1	0.3183878416278749	0
Solyc08g062990.1	0.3183878416278749	0
Solyc07g043450.3	0.3183878416278749	0
Solyc10g005450.2	0.3183878416278749	0
Solyc02g086230.2	0.31841899716673205	0
Solyc08g079910.2	0.31841899716673205	0
Solyc06g062320.4	0.31841899716673205	0
Solyc06g051830.3	0.31841899716673205	0
Solyc07g045140.4	0.31841899716673205	0
Solyc12g094400.2	0.31841899716673205	0
Solyc02g078590.1	0.318450148685411	0
Solyc04g015430.4	0.318450148685411	0
Solyc09g091690.1	0.318450148685411	0
Solyc10g079510.3	0.318450148685411	0
Solyc11g017060.2	0.318450148685411	0
Solyc09g092280.1	0.318450148685411	0
Solyc12g049360.2	0.318450148685411	0
Solyc12g019860.2	0.318450148685411	0
Solyc02g084900.2	0.3184812961846909	0
Solyc02g080340.3	0.3184812961846909	0
Solyc01g081480.3	0.3184812961846909	0
Solyc02g081660.3	0.3184812961846909	0
Solyc02g090690.4	0.3184812961846909	0
Solyc02g091770.3	0.3184812961846909	0
Solyc01g087780.2	0.3184812961846909	0
Solyc02g087360.4	0.3184812961846909	0
Solyc00g500151.1	0.3184812961846909	0
Solyc01g007150.3	0.3184812961846909	0
Solyc02g071050.4	0.3184812961846909	0
Solyc03g098240.3	0.3184812961846909	0
Solyc01g007850.2	0.3184812961846909	0
Solyc03g059390.3	0.3184812961846909	0
Solyc01g097150.5	0.3184812961846909	0
Solyc03g115440.3	0.3184812961846909	0
Solyc04g082120.3	0.3184812961846909	0
Solyc04g083160.2	0.3184812961846909	0
Solyc04g025870.4	0.3184812961846909	0
Solyc05g046280.3	0.3184812961846909	0
Solyc04g011880.1	0.3184812961846909	0
Solyc03g080010.3	0.3184812961846909	0
Solyc03g117640.1	0.3184812961846909	0
Solyc03g117650.4	0.3184812961846909	0
Solyc04g074720.3	0.3184812961846909	0
Solyc04g080170.3	0.3184812961846909	0
Solyc05g050710.3	0.3184812961846909	0
Solyc04g015970.3	0.3184812961846909	0
Solyc03g118850.5	0.3184812961846909	0
Solyc06g054480.3	0.3184812961846909	0
Solyc04g076950.3	0.3184812961846909	0
Solyc06g061010.5	0.3184812961846909	0
Solyc08g075920.4	0.3184812961846909	0
Solyc08g005090.3	0.3184812961846909	0
Solyc09g008050.3	0.3184812961846909	0
Solyc08g150102.2	0.3184812961846909	0
Solyc10g084980.3	0.3184812961846909	0
Solyc11g067040.2	0.3184812961846909	0
Solyc11g067140.2	0.3184812961846909	0
Solyc12g014470.2	0.3184812961846909	0
Solyc12g096105.1	0.3184812961846909	0
Solyc11g007310.3	0.3184812961846909	0
Solyc10g083290.4	0.3184812961846909	0
Solyc01g102930.1	0.31941765498488395	0
Solyc06g072960.1	0.3196230796366293	0
Solyc12g038553.1	0.31981326106543473	0
Solyc06g008368.2	0.3198455940903494	0
Solyc06g009987.1	0.3198455940903494	0
Solyc02g067935.1	0.3211210707623636	0
Solyc10g054350.2	0.3213226159631355	0
Solyc01g005310.3	0.32134335365861355	0
Solyc10g160520.1	0.32145688545970363	0
Solyc04g025560.4	0.32193796605343294	0
Solyc12g015810.3	0.32266080587455503	0
Solyc02g037540.3	0.322904039479221	0
Solyc01g018020.3	0.32318468218528207	0
Solyc10g045157.2	0.32349574667683334	0
Solyc01g057960.3	0.3235148875772398	0
Solyc08g061950.1	0.32363064105540496	0
Solyc11g162100.1	0.3246151671711296	0
Solyc04g081780.4	0.3249217156274715	0
Solyc02g062090.1	0.3249547884603322	0
Solyc01g073905.1	0.32499518547808615	0
Solyc11g010160.1	0.32553990835252333	0
Solyc12g056370.1	0.32560513714913364	0
Solyc05g150102.1	0.32622607191342845	0
Solyc08g081860.1	0.32622607191342845	0
Solyc01g095810.3	0.32665185450039913	0
Solyc01g107740.3	0.3273604163072854	0
Solyc01g102980.3	0.3273604163072854	0
Solyc01g090780.3	0.3273604163072854	0
Solyc01g090890.3	0.3273604163072854	0
Solyc01g080470.3	0.3273604163072854	0
Solyc02g071990.3	0.3273604163072854	0
Solyc02g089560.4	0.3273604163072854	0
Solyc03g006700.3	0.3273604163072854	0
Solyc02g049070.5	0.3273604163072854	0
Solyc02g072180.3	0.3273604163072854	0
Solyc02g085280.1	0.3273604163072854	0
Solyc02g094210.1	0.3273604163072854	0
Solyc02g085430.4	0.3273604163072854	0
Solyc02g085600.1	0.3273604163072854	0
Solyc01g103980.4	0.3273604163072854	0
Solyc01g098180.3	0.3273604163072854	0
Solyc01g009670.5	0.3273604163072854	0
Solyc01g091930.3	0.3273604163072854	0
Solyc02g077080.3	0.3273604163072854	0
Solyc02g068550.2	0.3273604163072854	0
Solyc01g104600.4	0.3273604163072854	0
Solyc01g086710.4	0.3273604163072854	0
Solyc02g081940.3	0.3273604163072854	0
Solyc02g021700.5	0.3273604163072854	0
Solyc01g005253.1	0.3273604163072854	0
Solyc01g109310.3	0.3273604163072854	0
Solyc02g090960.1	0.3273604163072854	0
Solyc01g104860.4	0.3273604163072854	0
Solyc01g109380.3	0.3273604163072854	0
Solyc01g049960.4	0.3273604163072854	0
Solyc01g086980.4	0.3273604163072854	0
Solyc02g086700.5	0.3273604163072854	0
Solyc01g005520.4	0.3273604163072854	0
Solyc01g068075.1	0.3273604163072854	0
Solyc01g011350.3	0.3273604163072854	0
Solyc02g082510.1	0.3273604163072854	0
Solyc01g095010.4	0.3273604163072854	0
Solyc02g069370.3	0.3273604163072854	0
Solyc01g087640.3	0.3273604163072854	0
Solyc00g500079.1	0.3273604163072854	0
Solyc00g500083.1	0.3273604163072854	0
Solyc01g100030.5	0.3273604163072854	0
Solyc02g078320.3	0.3273604163072854	0
Solyc02g091900.4	0.3273604163072854	0
Solyc01g110310.3	0.3273604163072854	0
Solyc01g100250.3	0.3273604163072854	0
Solyc00g500111.1	0.3273604163072854	0
Solyc01g057780.3	0.3273604163072854	0
Solyc03g025290.3	0.3273604163072854	0
Solyc01g073730.4	0.3273604163072854	0
Solyc01g088140.3	0.3273604163072854	0
Solyc03g025360.3	0.3273604163072854	0
Solyc03g025370.3	0.3273604163072854	0
Solyc03g005100.3	0.3273604163072854	0
Solyc01g110730.4	0.3273604163072854	0
Solyc02g087800.3	0.3273604163072854	0
Solyc01g110780.1	0.3273604163072854	0
Solyc00g500139.1	0.3273604163072854	0
Solyc02g070400.3	0.3273604163072854	0
Solyc01g088500.3	0.3273604163072854	0
Solyc01g058520.5	0.3273604163072854	0
Solyc02g083500.3	0.3273604163072854	0
Solyc01g111120.4	0.3273604163072854	0
Solyc02g070670.4	0.3273604163072854	0
Solyc02g088100.3	0.3273604163072854	0
Solyc03g025850.3	0.3273604163072854	0
Solyc01g006970.4	0.3273604163072854	0
Solyc02g005320.2	0.3273604163072854	0
Solyc01g106940.4	0.3273604163072854	0
Solyc01g102410.3	0.3273604163072854	0
Solyc03g005910.3	0.3273604163072854	0
Solyc02g079520.3	0.3273604163072854	0
Solyc01g102550.4	0.3273604163072854	0
Solyc01g079610.3	0.3273604163072854	0
Solyc03g083610.4	0.3273604163072854	0
Solyc01g090190.3	0.3273604163072854	0
Solyc01g096990.5	0.3273604163072854	0
Solyc02g071430.3	0.3273604163072854	0
Solyc02g084305.1	0.3273604163072854	0
Solyc03g115100.4	0.3273604163072854	0
Solyc01g107460.3	0.3273604163072854	0
Solyc03g119620.1	0.3273604163072854	0
Solyc01g008320.3	0.3273604163072854	0
Solyc05g051790.3	0.3273604163072854	0
Solyc05g056350.3	0.3273604163072854	0
Solyc03g093220.3	0.3273604163072854	0
Solyc03g119860.3	0.3273604163072854	0
Solyc05g051900.3	0.3273604163072854	0
Solyc05g005060.3	0.3273604163072854	0
Solyc05g051970.5	0.3273604163072854	0
Solyc05g005120.4	0.3273604163072854	0
Solyc04g082060.4	0.3273604163072854	0
Solyc04g077680.3	0.3273604163072854	0
Solyc05g041470.2	0.3273604163072854	0
Solyc04g051310.4	0.3273604163072854	0
Solyc05g150152.1	0.3273604163072854	0
Solyc05g052410.3	0.3273604163072854	0
Solyc05g010120.4	0.3273604163072854	0
Solyc05g005630.4	0.3273604163072854	0
Solyc03g070440.4	0.3273604163072854	0
Solyc04g078120.3	0.3273604163072854	0
Solyc03g116230.4	0.3273604163072854	0
Solyc04g051800.3	0.3273604163072854	0
Solyc04g010080.3	0.3273604163072854	0
Solyc03g120700.3	0.3273604163072854	0
Solyc05g016380.4	0.3273604163072854	0
Solyc05g052830.3	0.3273604163072854	0
Solyc04g078450.4	0.3273604163072854	0
Solyc03g095230.2	0.3273604163072854	0
Solyc03g120770.4	0.3273604163072854	0
Solyc05g010770.4	0.3273604163072854	0
Solyc03g112200.1	0.3273604163072854	0
Solyc03g112300.3	0.3273604163072854	0
Solyc03g116790.4	0.3273604163072854	0
Solyc03g121060.4	0.3273604163072854	0
Solyc05g017990.4	0.3273604163072854	0
Solyc03g078390.3	0.3273604163072854	0
Solyc05g012190.3	0.3273604163072854	0
Solyc03g121210.4	0.3273604163072854	0
Solyc05g053310.3	0.3273604163072854	0
Solyc05g012270.3	0.3273604163072854	0
Solyc05g018210.3	0.3273604163072854	0
Solyc04g150172.2	0.3273604163072854	0
Solyc05g018350.5	0.3273604163072854	0
Solyc05g053540.3	0.3273604163072854	0
Solyc03g117100.3	0.3273604163072854	0
Solyc05g006730.5	0.3273604163072854	0
Solyc04g072840.3	0.3273604163072854	0
Solyc04g079360.1	0.3273604163072854	0
Solyc06g009270.3	0.3273604163072854	0
Solyc06g009380.3	0.3273604163072854	0
Solyc03g117440.3	0.3273604163072854	0
Solyc05g007060.4	0.3273604163072854	0
Solyc03g096910.3	0.3273604163072854	0
Solyc03g117620.4	0.3273604163072854	0
Solyc04g007780.3	0.3273604163072854	0
Solyc03g121970.1	0.3273604163072854	0
Solyc06g009983.1	0.3273604163072854	0
Solyc04g014883.2	0.3273604163072854	0
Solyc04g049140.4	0.3273604163072854	0
Solyc04g056630.3	0.3273604163072854	0
Solyc05g024010.3	0.3273604163072854	0
Solyc04g074910.3	0.3273604163072854	0
Solyc04g015130.3	0.3273604163072854	0
Solyc05g013580.4	0.3273604163072854	0
Solyc05g054860.1	0.3273604163072854	0
Solyc06g005330.3	0.3273604163072854	0
Solyc04g057890.3	0.3273604163072854	0
Solyc04g015350.3	0.3273604163072854	0
Solyc03g097680.4	0.3273604163072854	0
Solyc04g008620.3	0.3273604163072854	0
Solyc05g055160.3	0.3273604163072854	0
Solyc05g008190.3	0.3273604163072854	0
Solyc03g098130.3	0.3273604163072854	0
Solyc05g051240.1	0.3273604163072854	0
Solyc04g076520.3	0.3273604163072854	0
Solyc05g051400.5	0.3273604163072854	0
Solyc04g076540.4	0.3273604163072854	0
Solyc05g026217.1	0.3273604163072854	0
Solyc05g051460.3	0.3273604163072854	0
Solyc06g065730.3	0.3273604163072854	0
Solyc06g036180.3	0.3273604163072854	0
Solyc05g026510.4	0.3273604163072854	0
Solyc04g081070.3	0.3273604163072854	0
Solyc06g072300.4	0.3273604163072854	0
Solyc06g036460.5	0.3273604163072854	0
Solyc07g005230.2	0.3273604163072854	0
Solyc07g065690.3	0.3273604163072854	0
Solyc05g009160.3	0.3273604163072854	0
Solyc05g056210.4	0.3273604163072854	0
Solyc08g062860.3	0.3273604163072854	0
Solyc08g074790.3	0.3273604163072854	0
Solyc07g056530.3	0.3273604163072854	0
Solyc07g066060.3	0.3273604163072854	0
Solyc09g008440.1	0.3273604163072854	0
Solyc08g079590.3	0.3273604163072854	0
Solyc09g015130.5	0.3273604163072854	0
Solyc07g005930.4	0.3273604163072854	0
Solyc08g075160.3	0.3273604163072854	0
Solyc07g066450.4	0.3273604163072854	0
Solyc06g082780.5	0.3273604163072854	0
Solyc07g061930.1	0.3273604163072854	0
Solyc06g073340.3	0.3273604163072854	0
Solyc07g066620.3	0.3273604163072854	0
Solyc07g017610.3	0.3273604163072854	0
Solyc08g006765.1	0.3273604163072854	0
Solyc07g042000.4	0.3273604163072854	0
Solyc09g059620.4	0.3273604163072854	0
Solyc08g029190.3	0.3273604163072854	0
Solyc08g029200.3	0.3273604163072854	0
Solyc07g006550.2	0.3273604163072854	0
Solyc07g042170.3	0.3273604163072854	0
Solyc07g006810.3	0.3273604163072854	0
Solyc08g036600.4	0.3273604163072854	0
Solyc06g068620.3	0.3273604163072854	0
Solyc07g160300.1	0.3273604163072854	0
Solyc07g053200.5	0.3273604163072854	0
Solyc07g062650.4	0.3273604163072854	0
Solyc06g062490.3	0.3273604163072854	0
Solyc07g053270.3	0.3273604163072854	0
Solyc08g066600.4	0.3273604163072854	0
Solyc08g076170.1	0.3273604163072854	0
Solyc06g074430.4	0.3273604163072854	0
Solyc07g007240.3	0.3273604163072854	0
Solyc08g081100.5	0.3273604163072854	0
Solyc06g051440.4	0.3273604163072854	0
Solyc07g043420.3	0.3273604163072854	0
Solyc07g063270.3	0.3273604163072854	0
Solyc08g081400.4	0.3273604163072854	0
Solyc08g081420.4	0.3273604163072854	0
Solyc07g054060.3	0.3273604163072854	0
Solyc08g059700.2	0.3273604163072854	0
Solyc08g081640.3	0.3273604163072854	0
Solyc07g022860.4	0.3273604163072854	0
Solyc08g060940.1	0.3273604163072854	0
Solyc09g010520.3	0.3273604163072854	0
Solyc08g008380.4	0.3273604163072854	0
Solyc08g061140.3	0.3273604163072854	0
Solyc07g054580.3	0.3273604163072854	0
Solyc09g010650.1	0.3273604163072854	0
Solyc09g064900.1	0.3273604163072854	0
Solyc09g065020.5	0.3273604163072854	0
Solyc07g054770.1	0.3273604163072854	0
Solyc09g007190.3	0.3273604163072854	0
Solyc08g013900.3	0.3273604163072854	0
Solyc08g077710.3	0.3273604163072854	0
Solyc06g065390.5	0.3273604163072854	0
Solyc09g007370.4	0.3273604163072854	0
Solyc09g007430.1	0.3273604163072854	0
Solyc07g064500.3	0.3273604163072854	0
Solyc09g007480.3	0.3273604163072854	0
Solyc09g011250.3	0.3273604163072854	0
Solyc07g047820.3	0.3273604163072854	0
Solyc09g074040.1	0.3273604163072854	0
Solyc07g064650.3	0.3273604163072854	0
Solyc10g008110.4	0.3273604163072854	0
Solyc09g055910.3	0.3273604163072854	0
Solyc10g008270.3	0.3273604163072854	0
Solyc08g015650.3	0.3273604163072854	0
Solyc09g091050.4	0.3273604163072854	0
Solyc08g074307.3	0.3273604163072854	0
Solyc10g078790.1	0.3273604163072854	0
Solyc10g084220.3	0.3273604163072854	0
Solyc09g066470.4	0.3273604163072854	0
Solyc11g065070.2	0.3273604163072854	0
Solyc10g084380.1	0.3273604163072854	0
Solyc11g071660.1	0.3273604163072854	0
Solyc09g014400.3	0.3273604163072854	0
Solyc09g014500.3	0.3273604163072854	0
Solyc08g016510.3	0.3273604163072854	0
Solyc09g075210.3	0.3273604163072854	0
Solyc12g010440.3	0.3273604163072854	0
Solyc10g045640.2	0.3273604163072854	0
Solyc10g005180.3	0.3273604163072854	0
Solyc10g085190.2	0.3273604163072854	0
Solyc11g065880.2	0.3273604163072854	0
Solyc12g044230.2	0.3273604163072854	0
Solyc10g085220.3	0.3273604163072854	0
Solyc11g072470.3	0.3273604163072854	0
Solyc12g044420.1	0.3273604163072854	0
Solyc12g088290.2	0.3273604163072854	0
Solyc12g088420.2	0.3273604163072854	0
Solyc12g044720.2	0.3273604163072854	0
Solyc10g085560.3	0.3273604163072854	0
Solyc10g047650.4	0.3273604163072854	0
Solyc10g061940.3	0.3273604163072854	0
Solyc12g035470.2	0.3273604163072854	0
Solyc11g044330.3	0.3273604163072854	0
Solyc11g066370.2	0.3273604163072854	0
Solyc10g080150.2	0.3273604163072854	0
Solyc09g092690.3	0.3273604163072854	0
Solyc10g062180.2	0.3273604163072854	0
Solyc10g006150.4	0.3273604163072854	0
Solyc11g005440.2	0.3273604163072854	0
Solyc12g006230.3	0.3273604163072854	0
Solyc11g005550.2	0.3273604163072854	0
Solyc10g080500.2	0.3273604163072854	0
Solyc11g044870.2	0.3273604163072854	0
Solyc10g006320.3	0.3273604163072854	0
Solyc11g005635.1	0.3273604163072854	0
Solyc11g073240.2	0.3273604163072854	0
Solyc12g100320.2	0.3273604163072854	0
Solyc10g006470.3	0.3273604163072854	0
Solyc10g080680.3	0.3273604163072854	0
Solyc10g006480.2	0.3273604163072854	0
Solyc12g006470.2	0.3273604163072854	0
Solyc11g045215.1	0.3273604163072854	0
Solyc10g081000.1	0.3273604163072854	0
Solyc10g086650.1	0.3273604163072854	0
Solyc12g014450.2	0.3273604163072854	0
Solyc10g075160.1	0.3273604163072854	0
Solyc10g018640.2	0.3273604163072854	0
Solyc10g018670.1	0.3273604163072854	0
Solyc12g014600.2	0.3273604163072854	0
Solyc09g083330.3	0.3273604163072854	0
Solyc10g007020.1	0.3273604163072854	0
Solyc12g015730.3	0.3273604163072854	0
Solyc12g095910.2	0.3273604163072854	0
Solyc11g056620.3	0.3273604163072854	0
Solyc11g011400.2	0.3273604163072854	0
Solyc11g068770.1	0.3273604163072854	0
Solyc11g068780.1	0.3273604163072854	0
Solyc09g089890.1	0.3273604163072854	0
Solyc12g039070.2	0.3273604163072854	0
Solyc11g011670.1	0.3273604163072854	0
Solyc10g076800.2	0.3273604163072854	0
Solyc11g069040.3	0.3273604163072854	0
Solyc09g090130.3	0.3273604163072854	0
Solyc11g011960.2	0.3273604163072854	0
Solyc09g090340.3	0.3273604163072854	0
Solyc12g096790.1	0.3273604163072854	0
Solyc12g042080.2	0.3273604163072854	0
Solyc10g083460.1	0.3273604163072854	0
Solyc12g062290.2	0.3273604163072854	0
Solyc11g161940.1	0.3273604163072854	0
Solyc12g098360.2	0.3273604163072854	0
Solyc11g012890.2	0.3273604163072854	0
Solyc01g079285.1	0.32747816661149054	0
Solyc10g078670.3	0.3275758517598457	0
Solyc12g027550.3	0.3277635837781364	0
Solyc02g065210.4	0.3277914981468296	0
Solyc02g076650.1	0.32779485798789443	0
Solyc04g052960.1	0.3278261280684476	0
Solyc09g050066.1	0.3278799955752857	0
Solyc04g072435.1	0.3279126590377732	0
Solyc04g014970.2	0.3279126590377732	0
Solyc12g010780.3	0.3279453179950068	0
Solyc12g077380.1	0.3279453179950068	0
Solyc01g005070.3	0.32816718175482085	0
Solyc04g078270.3	0.32829468433517994	0
Solyc08g075820.4	0.32857537339191656	0
Solyc06g050950.3	0.32873116791919865	0
Solyc07g006100.4	0.32879345699335416	0
Solyc05g009745.1	0.3288245953758474	0
Solyc03g063690.1	0.3288245953758474	0
Solyc12g089330.2	0.3288245953758474	0
Solyc01g009240.4	0.328855729656381	0
Solyc01g005500.3	0.328855729656381	0
Solyc01g111250.3	0.328855729656381	0
Solyc06g074130.4	0.328855729656381	0
Solyc10g085120.3	0.328855729656381	0
Solyc12g099300.1	0.328855729656381	0
Solyc01g108160.3	0.3288868598357776	0
Solyc02g030100.4	0.3288868598357776	0
Solyc01g056790.3	0.3288868598357776	0
Solyc02g087600.3	0.3288868598357776	0
Solyc01g006680.4	0.3288868598357776	0
Solyc01g100880.5	0.3288868598357776	0
Solyc05g056340.3	0.3288868598357776	0
Solyc05g013050.3	0.3288868598357776	0
Solyc07g005010.4	0.3288868598357776	0
Solyc06g054315.1	0.3288868598357776	0
Solyc06g050440.3	0.3288868598357776	0
Solyc09g090900.4	0.3288868598357776	0
Solyc07g055850.5	0.3288868598357776	0
Solyc11g013830.2	0.3288868598357776	0
Solyc10g080110.3	0.3288868598357776	0
Solyc12g088920.2	0.3288868598357776	0
Solyc10g086170.1	0.3288868598357776	0
Solyc10g080640.3	0.3288868598357776	0
Solyc10g150105.1	0.3288868598357776	0
Solyc12g008510.2	0.3288868598357776	0
Solyc09g009570.3	0.3291113167978661	0
Solyc00g500096.2	0.32918248463030053	0
Solyc04g016085.2	0.33095931759985686	0
Solyc11g013357.2	0.3310758101075767	0
Solyc04g005110.1	0.33111462812986237	0
Solyc09g005190.3	0.33111462812986237	0
Solyc03g117255.1	0.3311534397480259	0
Solyc07g008640.3	0.3316226213884972	0
Solyc01g103860.4	0.3324094635174155	0
Solyc09g005070.1	0.3324094635174155	0
Solyc04g058030.3	0.33250557584205365	0
Solyc06g150134.1	0.33253760453560044	0
Solyc09g065440.4	0.33253760453560044	0
Solyc04g005740.1	0.33383707400249674	0
Solyc00g500264.1	0.3338773798698491	0
Solyc02g063455.2	0.3341652900992199	0
Solyc00g500239.1	0.33418118330467284	0
Solyc05g160370.1	0.3343900681829969	0
Solyc04g051030.1	0.3346682912394754	0
Solyc04g007740.1	0.3346682912394754	0
Solyc11g150117.1	0.3347030458353153	0
Solyc10g079400.3	0.33551162713216387	0
Solyc01g006530.1	0.33555522306144103	0
Solyc04g050863.1	0.3355713714518177	0
Solyc10g080410.3	0.33559213457839987	0
Solyc07g056690.2	0.33561345694602196	0
Solyc03g116410.3	0.3356237433558753	0
Solyc03g093750.3	0.335651908268391	0
Solyc06g018000.3	0.3356553478483191	0
Solyc08g066710.2	0.33565553484439925	0
Solyc06g065220.1	0.335698649895643	0
Solyc12g009760.1	0.335698649895643	0
Solyc06g008420.2	0.3357501356243652	0
Solyc11g020930.1	0.3357817229855862	0
Solyc01g088275.1	0.3357817229855863	0
Solyc03g044590.2	0.335840448434501	0
Solyc00g160220.1	0.33589915908793233	0
Solyc10g076620.1	0.33589915908793233	0
Solyc11g007915.1	0.3359981693046532	0
Solyc06g150104.1	0.336175112291083	0
Solyc06g048670.5	0.3362193270405558	0
Solyc12g036677.2	0.3362193270405558	0
Solyc01g102890.4	0.3363077313600624	0
Solyc04g081110.1	0.3363077313600624	0
Solyc05g048740.3	0.3363961021232774	0
Solyc01g098660.2	0.3364402749273828	0
Solyc01g073980.1	0.3364402749273828	0
Solyc02g065320.2	0.3364402749273828	0
Solyc04g056500.3	0.3364402749273828	0
Solyc06g072253.1	0.3364402749273828	0
Solyc08g036413.1	0.3364402749273828	0
Solyc01g057510.2	0.3366958980139656	0
Solyc11g006910.3	0.3368845902009664	0
Solyc12g100080.1	0.33770049096250343	0
Solyc06g010040.3	0.3377631340148015	0
Solyc01g087840.3	0.33829491833374137	0
Solyc11g069030.3	0.33829491833374137	0
Solyc01g105580.1	0.3384132905458833	0
Solyc02g078690.2	0.33841986707239213	0
Solyc03g150141.1	0.33841986707239213	0
Solyc09g064910.1	0.3386695626876164	0
Solyc10g005460.3	0.3387943096756102	0
Solyc00g500173.1	0.3388566579890483	0
Solyc00g160400.1	0.33888782585366817	0
Solyc04g150101.1	0.33888782585366817	0
Solyc12g044270.2	0.3391058835344942	0
Solyc12g044680.1	0.33916448151758005	0
Solyc01g016380.4	0.3391992739963784	0
Solyc10g008680.3	0.33923039577937497	0
Solyc11g044430.1	0.33934792733804253	0
Solyc10g044525.1	0.3393819893950699	0
Solyc01g080680.4	0.3393859419510792	0
Solyc01g109050.2	0.3393859419510792	0
Solyc04g015640.1	0.3393859419510792	0
Solyc02g084910.5	0.33941703864282047	0
Solyc03g063653.2	0.33941703864282047	0
Solyc08g082720.4	0.33941703864282047	0
Solyc10g078170.3	0.33941703864282047	0
Solyc00g500263.1	0.3394481311557134	0
Solyc10g074800.3	0.3394481311557134	0
Solyc02g090560.3	0.33947921949062143	0
Solyc02g090950.1	0.33947921949062143	0
Solyc01g105650.5	0.33947921949062143	0
Solyc02g078350.3	0.33947921949062143	0
Solyc05g041820.1	0.33947921949062143	0
Solyc05g053340.5	0.33947921949062143	0
Solyc03g113510.2	0.33947921949062143	0
Solyc03g124010.3	0.33947921949062143	0
Solyc08g005880.4	0.33947921949062143	0
Solyc11g017290.1	0.33947921949062143	0
Solyc11g009100.2	0.33947921949062143	0
Solyc11g066800.2	0.33947921949062143	0
Solyc11g073231.1	0.33947921949062143	0
Solyc03g006456.1	0.3395103036484095	0
Solyc01g080720.4	0.3395103036484095	0
Solyc01g098410.4	0.3395103036484095	0
Solyc02g021650.3	0.3395103036484095	0
Solyc00g500085.2	0.3395103036484095	0
Solyc01g100200.3	0.3395103036484095	0
Solyc01g087860.2	0.3395103036484095	0
Solyc00g500191.2	0.3395103036484095	0
Solyc02g083780.3	0.3395103036484095	0
Solyc03g119570.3	0.3395103036484095	0
Solyc04g050760.4	0.3395103036484095	0
Solyc03g033860.1	0.3395103036484095	0
Solyc03g063760.4	0.3395103036484095	0
Solyc05g150141.1	0.3395103036484095	0
Solyc03g115770.3	0.3395103036484095	0
Solyc05g150153.2	0.3395103036484095	0
Solyc04g071660.3	0.3395103036484095	0
Solyc04g005260.3	0.3395103036484095	0
Solyc05g011810.4	0.3395103036484095	0
Solyc04g150166.1	0.3395103036484095	0
Solyc06g035960.3	0.3395103036484095	0
Solyc04g076500.4	0.3395103036484095	0
Solyc05g014370.3	0.3395103036484095	0
Solyc06g060940.2	0.3395103036484095	0
Solyc08g066000.2	0.3395103036484095	0
Solyc08g066450.1	0.3395103036484095	0
Solyc07g064030.4	0.3395103036484095	0
Solyc09g065000.4	0.3395103036484095	0
Solyc06g053760.3	0.3395103036484095	0
Solyc10g045290.2	0.3395103036484095	0
Solyc10g047110.2	0.3395103036484095	0
Solyc10g005530.3	0.3395103036484095	0
Solyc12g099450.3	0.3395103036484095	0
Solyc12g006270.2	0.3395103036484095	0
Solyc11g010710.2	0.3395103036484095	0
Solyc12g042480.3	0.3395103036484095	0
Solyc09g065410.5	0.3406257695484717	0
Solyc00g255510.2	0.340886970269223	0
Solyc03g083700.1	0.3409520674563784	0
Solyc05g025780.4	0.3409520674563784	0
Solyc09g150147.1	0.3409520674563784	0
Solyc01g109020.3	0.34101714627752244	0
Solyc01g015050.1	0.34101714627752244	0
Solyc05g015170.4	0.34101714627752244	0
Solyc08g161470.1	0.34101714627752244	0
Solyc05g010310.3	0.3411770424961037	0
Solyc08g081720.4	0.34120931739658134	0
Solyc07g009447.1	0.3412738536458291	0
Solyc05g041330.1	0.3429669381060524	0
Solyc05g047550.4	0.34297750681148	0
Solyc00g500214.1	0.3430314192671624	0
Solyc05g018930.1	0.34304443065747503	0
Solyc01g020170.2	0.34310941762886404	0
Solyc01g081582.2	0.34310941762886404	0
Solyc11g044390.1	0.34310941762886404	0
Solyc07g049670.4	0.34329754019036396	0
Solyc02g091480.1	0.3433934632934179	0
Solyc08g081630.2	0.3433998947772068	0
Solyc09g059020.4	0.3450497865778491	0
Solyc01g014560.4	0.3452084189779371	0
Solyc09g018180.3	0.3452084189779371	0
Solyc10g045773.1	0.3452084189779371	0
Solyc11g018530.2	0.3458172956814112	0
Solyc06g072100.3	0.34584185034502934	0
Solyc04g007590.3	0.346143227217115	0
Solyc06g048905.2	0.3461449253039338	0
Solyc02g079630.4	0.3464587062567557	0
Solyc02g079540.2	0.34653660211909654	0
Solyc11g010410.2	0.34776302969158734	0
Solyc02g069960.4	0.3482360135630195	0
Solyc10g083900.2	0.3484832223692108	0
Solyc01g097280.3	0.3486994504546687	0
Solyc03g006240.3	0.3486994504546687	0
Solyc02g089230.3	0.3486994504546687	0
Solyc01g107880.3	0.3486994504546687	0
Solyc02g084920.3	0.3486994504546687	0
Solyc02g084940.1	0.3486994504546687	0
Solyc02g067300.2	0.3486994504546687	0
Solyc03g006460.5	0.3486994504546687	0
Solyc02g084980.3	0.3486994504546687	0
Solyc02g093860.3	0.3486994504546687	0
Solyc01g008960.3	0.3486994504546687	0
Solyc02g085050.3	0.3486994504546687	0
Solyc02g072080.1	0.3486994504546687	0
Solyc02g093980.3	0.3486994504546687	0
Solyc03g006680.3	0.3486994504546687	0
Solyc02g072240.3	0.3486994504546687	0
Solyc02g089760.3	0.3486994504546687	0
Solyc02g050240.5	0.3486994504546687	0
Solyc02g050280.4	0.3486994504546687	0
Solyc01g080860.3	0.3486994504546687	0
Solyc02g094250.4	0.3486994504546687	0
Solyc02g094300.4	0.3486994504546687	0
Solyc02g085490.2	0.3486994504546687	0
Solyc03g006850.3	0.3486994504546687	0
Solyc03g006870.3	0.3486994504546687	0
Solyc01g066480.3	0.3486994504546687	0
Solyc01g091580.3	0.3486994504546687	0
Solyc02g067990.3	0.3486994504546687	0
Solyc03g007090.1	0.3486994504546687	0
Solyc02g085850.1	0.3486994504546687	0
Solyc01g091890.3	0.3486994504546687	0
Solyc01g066860.3	0.3486994504546687	0
Solyc01g066940.3	0.3486994504546687	0
Solyc01g108840.3	0.3486994504546687	0
Solyc02g062000.5	0.3486994504546687	0
Solyc01g009970.3	0.3486994504546687	0
Solyc02g081650.3	0.3486994504546687	0
Solyc01g098790.2	0.3486994504546687	0
Solyc01g086930.4	0.3486994504546687	0
Solyc01g109500.4	0.3486994504546687	0
Solyc01g011040.3	0.3486994504546687	0
Solyc01g105350.3	0.3486994504546687	0
Solyc01g005760.3	0.3486994504546687	0
Solyc02g082550.3	0.3486994504546687	0
Solyc01g095240.4	0.3486994504546687	0
Solyc01g095280.4	0.3486994504546687	0
Solyc01g087670.3	0.3486994504546687	0
Solyc01g099970.4	0.3486994504546687	0
Solyc02g087260.1	0.3486994504546687	0
Solyc02g069630.3	0.3486994504546687	0
Solyc01g087790.2	0.3486994504546687	0
Solyc02g078460.3	0.3486994504546687	0
Solyc01g095560.3	0.3486994504546687	0
Solyc01g006220.3	0.3486994504546687	0
Solyc01g068530.3	0.3486994504546687	0
Solyc02g078810.4	0.3486994504546687	0
Solyc01g073880.3	0.3486994504546687	0
Solyc01g110840.3	0.3486994504546687	0
Solyc02g087840.3	0.3486994504546687	0
Solyc01g100760.2	0.3486994504546687	0
Solyc02g092370.1	0.3486994504546687	0
Solyc02g032940.5	0.3486994504546687	0
Solyc02g070380.1	0.3486994504546687	0
Solyc02g070530.5	0.3486994504546687	0
Solyc01g096280.2	0.3486994504546687	0
Solyc01g163210.1	0.3486994504546687	0
Solyc02g070680.4	0.3486994504546687	0
Solyc02g092540.2	0.3486994504546687	0
Solyc01g088710.3	0.3486994504546687	0
Solyc02g088140.3	0.3486994504546687	0
Solyc02g005210.3	0.3486994504546687	0
Solyc02g092590.3	0.3486994504546687	0
Solyc01g111350.3	0.3486994504546687	0
Solyc00g500183.1	0.3486994504546687	0
Solyc02g036280.3	0.3486994504546687	0
Solyc01g079260.5	0.3486994504546687	0
Solyc02g070880.1	0.3486994504546687	0
Solyc01g079330.3	0.3486994504546687	0
Solyc02g092740.1	0.3486994504546687	0
Solyc01g079410.3	0.3486994504546687	0
Solyc01g106890.2	0.3486994504546687	0
Solyc02g065790.3	0.3486994504546687	0
Solyc01g111640.3	0.3486994504546687	0
Solyc02g071120.3	0.3486994504546687	0
Solyc02g093060.3	0.3486994504546687	0
Solyc01g079740.4	0.3486994504546687	0
Solyc04g016420.3	0.3486994504546687	0
Solyc04g077130.1	0.3486994504546687	0
Solyc02g088957.1	0.3486994504546687	0
Solyc03g093080.3	0.3486994504546687	0
Solyc02g084530.2	0.3486994504546687	0
Solyc04g050510.3	0.3486994504546687	0
Solyc05g051800.3	0.3486994504546687	0
Solyc03g093200.3	0.3486994504546687	0
Solyc03g033990.1	0.3486994504546687	0
Solyc05g015510.3	0.3486994504546687	0
Solyc04g082155.1	0.3486994504546687	0
Solyc05g005280.4	0.3486994504546687	0
Solyc04g077780.3	0.3486994504546687	0
Solyc05g009920.4	0.3486994504546687	0
Solyc03g034220.3	0.3486994504546687	0
Solyc04g051340.3	0.3486994504546687	0
Solyc03g111530.5	0.3486994504546687	0
Solyc05g005540.5	0.3486994504546687	0
Solyc03g120410.3	0.3486994504546687	0
Solyc05g010260.5	0.3486994504546687	0
Solyc05g042120.4	0.3486994504546687	0
Solyc05g016030.3	0.3486994504546687	0
Solyc06g008010.3	0.3486994504546687	0
Solyc06g008040.3	0.3486994504546687	0
Solyc05g005865.1	0.3486994504546687	0
Solyc04g078400.3	0.3486994504546687	0
Solyc04g072000.5	0.3486994504546687	0
Solyc06g008300.4	0.3486994504546687	0
Solyc03g095610.4	0.3486994504546687	0
Solyc04g072240.3	0.3486994504546687	0
Solyc05g012140.3	0.3486994504546687	0
Solyc05g053210.5	0.3486994504546687	0
Solyc03g116870.3	0.3486994504546687	0
Solyc04g150164.1	0.3486994504546687	0
Solyc03g095990.1	0.3486994504546687	0
Solyc04g007140.1	0.3486994504546687	0
Solyc04g160240.1	0.3486994504546687	0
Solyc03g112930.3	0.3486994504546687	0
Solyc04g012060.3	0.3486994504546687	0
Solyc05g053760.5	0.3486994504546687	0
Solyc04g074000.3	0.3486994504546687	0
Solyc05g053970.3	0.3486994504546687	0
Solyc06g009400.3	0.3486994504546687	0
Solyc05g006940.3	0.3486994504546687	0
Solyc04g055120.3	0.3486994504546687	0
Solyc04g045470.4	0.3486994504546687	0
Solyc03g121870.3	0.3486994504546687	0
Solyc03g113340.3	0.3486994504546687	0
Solyc05g013030.1	0.3486994504546687	0
Solyc03g096920.3	0.3486994504546687	0
Solyc04g056425.2	0.3486994504546687	0
Solyc03g122300.3	0.3486994504546687	0
Solyc03g118010.4	0.3486994504546687	0
Solyc04g008110.3	0.3486994504546687	0
Solyc03g118070.3	0.3486994504546687	0
Solyc04g008307.1	0.3486994504546687	0
Solyc04g080350.4	0.3486994504546687	0
Solyc04g057870.3	0.3486994504546687	0
Solyc04g015340.3	0.3486994504546687	0
Solyc03g097600.4	0.3486994504546687	0
Solyc04g049720.4	0.3486994504546687	0
Solyc03g114100.1	0.3486994504546687	0
Solyc05g008100.1	0.3486994504546687	0
Solyc05g051010.4	0.3486994504546687	0
Solyc05g025750.3	0.3486994504546687	0
Solyc05g013960.3	0.3486994504546687	0
Solyc04g080750.5	0.3486994504546687	0
Solyc06g076400.3	0.3486994504546687	0
Solyc03g114400.3	0.3486994504546687	0
Solyc06g006110.3	0.3486994504546687	0
Solyc03g118910.1	0.3486994504546687	0
Solyc05g055550.3	0.3486994504546687	0
Solyc05g008580.3	0.3486994504546687	0
Solyc07g005000.3	0.3486994504546687	0
Solyc04g076790.3	0.3486994504546687	0
Solyc05g014390.4	0.3486994504546687	0
Solyc06g054410.4	0.3486994504546687	0
Solyc04g081145.2	0.3486994504546687	0
Solyc06g076920.3	0.3486994504546687	0
Solyc07g049500.3	0.3486994504546687	0
Solyc06g054460.1	0.3486994504546687	0
Solyc06g076960.2	0.3486994504546687	0
Solyc07g065640.3	0.3486994504546687	0
Solyc06g066090.3	0.3486994504546687	0
Solyc08g062660.3	0.3486994504546687	0
Solyc05g056230.5	0.3486994504546687	0
Solyc07g015860.3	0.3486994504546687	0
Solyc07g056570.1	0.3486994504546687	0
Solyc07g052210.3	0.3486994504546687	0
Solyc07g066430.3	0.3486994504546687	0
Solyc06g073380.3	0.3486994504546687	0
Solyc08g079840.3	0.3486994504546687	0
Solyc08g079880.2	0.3486994504546687	0
Solyc07g017430.3	0.3486994504546687	0
Solyc07g006200.3	0.3486994504546687	0
Solyc07g041760.3	0.3486994504546687	0
Solyc09g059440.1	0.3486994504546687	0
Solyc08g065940.5	0.3486994504546687	0
Solyc07g062250.3	0.3486994504546687	0
Solyc07g041900.4	0.3486994504546687	0
Solyc08g075700.3	0.3486994504546687	0
Solyc08g029130.3	0.3486994504546687	0
Solyc08g075730.3	0.3486994504546687	0
Solyc06g073840.3	0.3486994504546687	0
Solyc06g050370.1	0.3486994504546687	0
Solyc08g075870.3	0.3486994504546687	0
Solyc06g083380.3	0.3486994504546687	0
Solyc07g018290.4	0.3486994504546687	0
Solyc06g083560.3	0.3486994504546687	0
Solyc07g006920.3	0.3486994504546687	0
Solyc06g068650.4	0.3486994504546687	0
Solyc09g018500.3	0.3486994504546687	0
Solyc07g042680.3	0.3486994504546687	0
Solyc06g062580.3	0.3486994504546687	0
Solyc06g068850.4	0.3486994504546687	0
Solyc07g053400.1	0.3486994504546687	0
Solyc06g083820.3	0.3486994504546687	0
Solyc06g083850.4	0.3486994504546687	0
Solyc07g042950.1	0.3486994504546687	0
Solyc08g081000.3	0.3486994504546687	0
Solyc07g062930.3	0.3486994504546687	0
Solyc07g062940.4	0.3486994504546687	0
Solyc07g007440.1	0.3486994504546687	0
Solyc08g044400.3	0.3486994504546687	0
Solyc06g074850.3	0.3486994504546687	0
Solyc06g063140.4	0.3486994504546687	0
Solyc07g063220.4	0.3486994504546687	0
Solyc07g063230.3	0.3486994504546687	0
Solyc09g064200.4	0.3486994504546687	0
Solyc06g069380.4	0.3486994504546687	0
Solyc07g021540.3	0.3486994504546687	0
Solyc06g051745.2	0.3486994504546687	0
Solyc06g069460.3	0.3486994504546687	0
Solyc09g064470.3	0.3486994504546687	0
Solyc07g008070.1	0.3486994504546687	0
Solyc06g075250.3	0.3486994504546687	0
Solyc07g022900.4	0.3486994504546687	0
Solyc07g008180.4	0.3486994504546687	0
Solyc07g063650.4	0.3486994504546687	0
Solyc07g008280.5	0.3486994504546687	0
Solyc08g081900.4	0.3486994504546687	0
Solyc06g053140.3	0.3486994504546687	0
Solyc06g069820.5	0.3486994504546687	0
Solyc07g025380.3	0.3486994504546687	0
Solyc08g067880.4	0.3486994504546687	0
Solyc06g075660.4	0.3486994504546687	0
Solyc07g045210.1	0.3486994504546687	0
Solyc07g045260.3	0.3486994504546687	0
Solyc06g065445.1	0.3486994504546687	0
Solyc08g061930.4	0.3486994504546687	0
Solyc08g014130.3	0.3486994504546687	0
Solyc08g082750.3	0.3486994504546687	0
Solyc08g005570.5	0.3486994504546687	0
Solyc09g007630.3	0.3486994504546687	0
Solyc08g078080.2	0.3486994504546687	0
Solyc08g062290.4	0.3486994504546687	0
Solyc09g065780.3	0.3486994504546687	0
Solyc09g065870.4	0.3486994504546687	0
Solyc08g083010.3	0.3486994504546687	0
Solyc09g090750.3	0.3486994504546687	0
Solyc09g065990.3	0.3486994504546687	0
Solyc09g057580.4	0.3486994504546687	0
Solyc10g078540.3	0.3486994504546687	0
Solyc08g069232.2	0.3486994504546687	0
Solyc08g078440.3	0.3486994504546687	0
Solyc07g049320.4	0.3486994504546687	0
Solyc09g057880.3	0.3486994504546687	0
Solyc09g011980.1	0.3486994504546687	0
Solyc11g013020.2	0.3486994504546687	0
Solyc10g008750.3	0.3486994504546687	0
Solyc11g033270.2	0.3486994504546687	0
Solyc08g074500.2	0.3486994504546687	0
Solyc09g014215.3	0.3486994504546687	0
Solyc11g071530.1	0.3486994504546687	0
Solyc09g072570.3	0.3486994504546687	0
Solyc10g084400.2	0.3486994504546687	0
Solyc11g013380.1	0.3486994504546687	0
Solyc09g091500.3	0.3486994504546687	0
Solyc11g013440.2	0.3486994504546687	0
Solyc09g072810.3	0.3486994504546687	0
Solyc11g013460.2	0.3486994504546687	0
Solyc09g075270.1	0.3486994504546687	0
Solyc11g007930.1	0.3486994504546687	0
Solyc09g075360.5	0.3486994504546687	0
Solyc12g010450.3	0.3486994504546687	0
Solyc09g091730.5	0.3486994504546687	0
Solyc11g040170.3	0.3486994504546687	0
Solyc12g043120.2	0.3486994504546687	0
Solyc12g043160.3	0.3486994504546687	0
Solyc12g099290.2	0.3486994504546687	0
Solyc09g076010.3	0.3486994504546687	0
Solyc09g092330.3	0.3486994504546687	0
Solyc12g099470.2	0.3486994504546687	0
Solyc11g017390.2	0.3486994504546687	0
Solyc11g066320.2	0.3486994504546687	0
Solyc12g088670.2	0.3486994504546687	0
Solyc11g008760.3	0.3486994504546687	0
Solyc11g008780.3	0.3486994504546687	0
Solyc10g012420.3	0.3486994504546687	0
Solyc11g008850.2	0.3486994504546687	0
Solyc10g080300.1	0.3486994504546687	0
Solyc12g013560.2	0.3486994504546687	0
Solyc11g005340.3	0.3486994504546687	0
Solyc12g088870.1	0.3486994504546687	0
Solyc09g097830.4	0.3486994504546687	0
Solyc12g036130.1	0.3486994504546687	0
Solyc11g066720.3	0.3486994504546687	0
Solyc12g100140.3	0.3486994504546687	0
Solyc10g006460.3	0.3486994504546687	0
Solyc12g013970.3	0.3486994504546687	0
Solyc11g066990.2	0.3486994504546687	0
Solyc11g010460.3	0.3486994504546687	0
Solyc10g006600.4	0.3486994504546687	0
Solyc12g006620.2	0.3486994504546687	0
Solyc11g005910.2	0.3486994504546687	0
Solyc10g018350.2	0.3486994504546687	0
Solyc10g006770.4	0.3486994504546687	0
Solyc12g014440.2	0.3486994504546687	0
Solyc09g098580.3	0.3486994504546687	0
Solyc10g081170.2	0.3486994504546687	0
Solyc10g018540.2	0.3486994504546687	0
Solyc11g010950.2	0.3486994504546687	0
Solyc11g011250.3	0.3486994504546687	0
Solyc12g095860.2	0.3486994504546687	0
Solyc12g095870.3	0.3486994504546687	0
Solyc12g056290.2	0.3486994504546687	0
Solyc09g089660.4	0.3486994504546687	0
Solyc12g095970.3	0.3486994504546687	0
Solyc10g076550.1	0.3486994504546687	0
Solyc11g011495.1	0.3486994504546687	0
Solyc10g081710.2	0.3486994504546687	0
Solyc12g038970.3	0.3486994504546687	0
Solyc11g022460.3	0.3486994504546687	0
Solyc12g056540.1	0.3486994504546687	0
Solyc12g096470.2	0.3486994504546687	0
Solyc09g090290.3	0.3486994504546687	0
Solyc12g056960.2	0.3486994504546687	0
Solyc12g008950.2	0.3486994504546687	0
Solyc10g051350.2	0.3486994504546687	0
Solyc09g090430.3	0.3486994504546687	0
Solyc10g051377.1	0.3486994504546687	0
Solyc11g012360.2	0.3486994504546687	0
Solyc11g032120.2	0.3486994504546687	0
Solyc10g083580.2	0.3486994504546687	0
Solyc12g009560.2	0.3486994504546687	0
Solyc11g070110.3	0.3486994504546687	0
Solyc12g009920.1	0.3486994504546687	0
Solyc12g098603.2	0.3486994504546687	0
Solyc03g117190.1	0.3487644169585997	0
Solyc06g064580.2	0.34917846539900255	0
Solyc02g068410.3	0.34922253746421283	0
Solyc04g082190.1	0.34922253746421283	0
Solyc10g075114.2	0.3492666009716662	0
Solyc11g032220.2	0.3492666009716662	0
Solyc09g005800.2	0.34929461417593344	0
Solyc04g072037.1	0.34957480612329817	0
Solyc01g111960.3	0.3496059172056216	0
Solyc10g076370.3	0.34966812656742796	0
Solyc01g095220.2	0.34973031886484307	0
Solyc00g500147.1	0.3497924941051389	0
Solyc03g083490.3	0.3498235753311386	0
Solyc07g021710.3	0.3499003439974029	0
Solyc05g013330.4	0.3500410246404363	0
Solyc08g008440.2	0.3500410246404363	0
Solyc03g115800.1	0.35007207179940847	0
Solyc07g053000.1	0.3501341533553649	0
Solyc03g117920.1	0.3501651877541615	0
Solyc04g005770.3	0.35019621790137745	0
Solyc04g007380.3	0.35019621790137745	0
Solyc03g031870.3	0.3502582654446891	0
Solyc02g021067.2	0.35028928284259486	0
Solyc02g086580.4	0.35028928284259486	0
Solyc03g063720.4	0.35028928284259486	0
Solyc03g114040.3	0.35028928284259486	0
Solyc03g150154.1	0.35028928284259486	0
Solyc09g018220.3	0.35028928284259486	0
Solyc08g066550.3	0.35028928284259486	0
Solyc09g091460.3	0.35028928284259486	0
Solyc01g150163.1	0.35032029599253967	0
Solyc02g068820.3	0.35032029599253967	0
Solyc01g099250.3	0.35032029599253967	0
Solyc00g500188.1	0.35032029599253967	0
Solyc05g018865.1	0.35032029599253967	0
Solyc03g122100.3	0.35032029599253967	0
Solyc05g013940.4	0.35032029599253967	0
Solyc11g065990.2	0.35032029599253967	0
Solyc12g006240.2	0.35032029599253967	0
Solyc12g017230.2	0.35032029599253967	0
Solyc02g090180.3	0.35035130489542865	0
Solyc04g016430.3	0.35035130489542865	0
Solyc01g090490.1	0.35035130489542865	0
Solyc01g090500.5	0.35035130489542865	0
Solyc03g078330.1	0.35035130489542865	0
Solyc05g053590.4	0.35035130489542865	0
Solyc04g054800.3	0.35035130489542865	0
Solyc04g057940.4	0.35035130489542865	0
Solyc08g022120.3	0.35035130489542865	0
Solyc08g007100.4	0.35035130489542865	0
Solyc07g044810.3	0.35035130489542865	0
Solyc09g065100.3	0.35035130489542865	0
Solyc08g078760.1	0.35035130489542865	0
Solyc12g010570.1	0.35035130489542865	0
Solyc11g008905.1	0.35035130489542865	0
Solyc10g084410.2	0.35059690562562684	0
Solyc03g114037.1	0.3506897040070778	0
Solyc09g092767.1	0.35069886229892966	0
Solyc05g014290.5	0.3515015662422021	0
Solyc03g043890.3	0.35412214891936933	0
Solyc04g162120.1	0.3541859949316337	0
Solyc01g056320.1	0.35450495314195707	0
Solyc01g018010.2	0.3545368240672172	0
Solyc02g062510.3	0.3545394797735013	0
Solyc04g051240.1	0.35473981371977814	0
Solyc02g091420.3	0.35474277589833747	0
Solyc01g067880.3	0.3550522068461023	0
Solyc06g043250.4	0.3566897017761341	0
Solyc06g009610.1	0.3567545387964174	0
Solyc10g045050.1	0.3567545387964174	0
Solyc03g063150.3	0.35723617495911497	0
Solyc11g161820.1	0.3575656663043456	0
Solyc12g038080.1	0.35766982010607495	0
Solyc02g080090.1	0.3580854860533016	0
Solyc10g078270.2	0.35815123389472736	0
Solyc05g005337.2	0.35861010887760414	0
Solyc03g123550.1	0.3586501757734293	0
Solyc09g007020.1	0.3586501757734293	0
Solyc10g018905.1	0.3586501757734293	0
Solyc11g008600.1	0.3588295541438006	0
Solyc12g019050.2	0.35904828591344284	0
Solyc02g071670.3	0.35960975385341554	0
Solyc01g150173.1	0.3597031942002886	0
Solyc01g110907.1	0.3597031942002886	0
Solyc04g071150.3	0.36010764905806425	0
Solyc02g011680.4	0.3603251278416708	0
Solyc01g112370.4	0.3603251278416708	0
Solyc01g111000.4	0.3607594473329827	0
Solyc02g084032.1	0.3607904376511615	0
Solyc07g052780.3	0.3607904376511615	0
Solyc01g056260.1	0.36080547551017317	0
Solyc06g069320.5	0.36086278424544105	0
Solyc03g094120.3	0.3609762886922877	0
Solyc11g005480.2	0.36098449838564095	0
Solyc12g008670.2	0.36103820444569557	0
Solyc02g069900.1	0.36106811590746357	0
Solyc02g022890.3	0.36113104567029375	0
Solyc08g013750.3	0.36113104567029375	0
Solyc05g008280.2	0.3611517019065146	0
Solyc05g054360.5	0.36119291822737853	0
Solyc12g009420.3	0.36119291822737853	0
Solyc02g067750.4	0.3612238480309611	0
Solyc09g042760.2	0.3612238480309611	0
Solyc10g074640.3	0.3612238480309611	0
Solyc02g062330.3	0.3612856946929274	0
Solyc12g056470.2	0.3612856946929274	0
Solyc12g009695.1	0.3612856946929274	0
Solyc08g066760.4	0.36131661155319894	0
Solyc10g084720.1	0.36131661155319894	0
Solyc10g075170.3	0.36131661155319894	0
Solyc12g017480.3	0.36131661155319894	0
Solyc12g096950.2	0.36131661155319894	0
Solyc02g044000.3	0.36134752410092086	0
Solyc01g100800.2	0.36134752410092086	0
Solyc06g075630.4	0.36134752410092086	0
Solyc07g065330.3	0.36134752410092086	0
Solyc02g091230.4	0.36137843233703604	0
Solyc01g094760.3	0.36137843233703604	0
Solyc00g500053.2	0.36137843233703604	0
Solyc02g031980.3	0.36137843233703604	0
Solyc04g077650.3	0.36137843233703604	0
Solyc04g051490.3	0.36137843233703604	0
Solyc04g010330.3	0.36137843233703604	0
Solyc06g008500.3	0.36137843233703604	0
Solyc04g005790.3	0.36137843233703604	0
Solyc07g053210.3	0.36137843233703604	0
Solyc07g062685.3	0.36137843233703604	0
Solyc06g069000.3	0.36137843233703604	0
Solyc11g065360.2	0.36137843233703604	0
Solyc12g094600.3	0.36137843233703604	0
Solyc01g008480.4	0.36140933626248783	0
Solyc01g103030.3	0.36140933626248783	0
Solyc03g006960.4	0.36140933626248783	0
Solyc02g090390.4	0.36140933626248783	0
Solyc02g090490.3	0.36140933626248783	0
Solyc01g081540.4	0.36140933626248783	0
Solyc02g086452.1	0.36140933626248783	0
Solyc02g091170.4	0.36140933626248783	0
Solyc01g099700.3	0.36140933626248783	0
Solyc01g073720.2	0.36140933626248783	0
Solyc00g500131.1	0.36140933626248783	0
Solyc03g005130.3	0.36140933626248783	0
Solyc01g088340.2	0.36140933626248783	0
Solyc01g006670.2	0.36140933626248783	0
Solyc01g111870.3	0.36140933626248783	0
Solyc02g093420.4	0.36140933626248783	0
Solyc04g009000.1	0.36140933626248783	0
Solyc05g150130.1	0.36140933626248783	0
Solyc06g008150.3	0.36140933626248783	0
Solyc04g052980.1	0.36140933626248783	0
Solyc03g095330.3	0.36140933626248783	0
Solyc04g028445.1	0.36140933626248783	0
Solyc04g055110.3	0.36140933626248783	0
Solyc04g074140.4	0.36140933626248783	0
Solyc03g053080.3	0.36140933626248783	0
Solyc03g118360.2	0.36140933626248783	0
Solyc06g011665.1	0.36140933626248783	0
Solyc06g054310.1	0.36140933626248783	0
Solyc07g052390.3	0.36140933626248783	0
Solyc08g075270.1	0.36140933626248783	0
Solyc08g080730.3	0.36140933626248783	0
Solyc08g082020.3	0.36140933626248783	0
Solyc10g084600.2	0.36140933626248783	0
Solyc11g017050.1	0.36140933626248783	0
Solyc11g008500.2	0.36140933626248783	0
Solyc10g085470.1	0.36140933626248783	0
Solyc10g061887.1	0.36140933626248783	0
Solyc09g092530.4	0.36140933626248783	0
Solyc12g035520.3	0.36140933626248783	0
Solyc11g018500.3	0.36140933626248783	0
Solyc09g082760.3	0.36140933626248783	0
Solyc12g014160.3	0.36140933626248783	0
Solyc12g006710.3	0.36140933626248783	0
Solyc11g010900.2	0.36140933626248783	0
Solyc12g038343.1	0.36140933626248783	0
Solyc12g008900.2	0.36140933626248783	0
Solyc08g080740.3	0.36226988345160605	0
Solyc12g038810.3	0.36228762174320794	0
Solyc08g008600.3	0.3622882021229432	0
Solyc06g036440.2	0.36231379553409326	0
Solyc11g008640.1	0.36231379553409326	0
Solyc01g097060.3	0.3623214746814709	0
Solyc07g066140.1	0.3623576989003321	0
Solyc09g161420.1	0.3623810985219085	0
Solyc02g150114.1	0.36247395591589504	0
Solyc04g011850.1	0.36247395591589504	0
Solyc10g054130.4	0.36247395591589504	0
Solyc12g036267.1	0.36247395591589504	0
Solyc07g044900.1	0.36248935672869864	0
Solyc06g065060.1	0.36248935672869864	0
Solyc10g081950.3	0.36248935672869864	0
Solyc02g160810.1	0.3628758269321739	0
Solyc07g055690.1	0.3635415871674069	0
Solyc07g063670.3	0.3636698696681855	0
Solyc07g043680.3	0.3656169798672464	0
Solyc01g107280.3	0.3658075713656719	0
Solyc04g014640.2	0.3658075713656719	0
Solyc06g150126.1	0.3658903871274727	0
Solyc06g064980.4	0.36598065353332954	0
Solyc06g066245.1	0.36600687754480943	0
Solyc06g075720.3	0.36600687754480943	0
Solyc12g037960.1	0.36600687754480943	0
Solyc06g075950.2	0.36611378505635384	0
Solyc01g108550.1	0.3663465711356706	0
Solyc02g077570.3	0.3674524680184551	0
Solyc07g150107.1	0.36771664414230143	0
Solyc07g006980.1	0.3697435502711911	0
Solyc03g112890.1	0.3698181108064257	0
Solyc04g006983.1	0.3700526261527024	0
Solyc01g110980.4	0.3700837652599517	0
Solyc07g039410.3	0.3701432672692351	0
Solyc07g018390.3	0.3701432672692351	0
Solyc04g012080.4	0.37021545840958614	0
Solyc03g006480.4	0.37064074988891904	0
Solyc04g014230.1	0.37064074988891904	0
Solyc12g087900.2	0.37064074988891904	0
Solyc00g500236.1	0.37073666011538065	0
Solyc04g024880.4	0.37084777857979223	0
Solyc08g081090.1	0.37084777857979223	0
Solyc10g080510.1	0.37084777857979223	0
Solyc02g071570.4	0.37087019558556567	0
Solyc01g097360.5	0.37087019558556567	0
Solyc02g067160.4	0.37087019558556567	0
Solyc01g103080.3	0.37087019558556567	0
Solyc02g067260.3	0.37087019558556567	0
Solyc02g089410.3	0.37087019558556567	0
Solyc01g150126.1	0.37087019558556567	0
Solyc02g080510.1	0.37087019558556567	0
Solyc02g093920.3	0.37087019558556567	0
Solyc01g065710.3	0.37087019558556567	0
Solyc02g080800.4	0.37087019558556567	0
Solyc00g500330.1	0.37087019558556567	0
Solyc03g006800.1	0.37087019558556567	0
Solyc01g108390.3	0.37087019558556567	0
Solyc01g009340.5	0.37087019558556567	0
Solyc02g089950.2	0.37087019558556567	0
Solyc02g090060.1	0.37087019558556567	0
Solyc02g085640.4	0.37087019558556567	0
Solyc01g091590.4	0.37087019558556567	0
Solyc01g081270.2	0.37087019558556567	0
Solyc03g007220.3	0.37087019558556567	0
Solyc02g021100.3	0.37087019558556567	0
Solyc01g160340.1	0.37087019558556567	0
Solyc01g108810.3	0.37087019558556567	0
Solyc02g081580.3	0.37087019558556567	0
Solyc01g005020.3	0.37087019558556567	0
Solyc01g094190.3	0.37087019558556567	0
Solyc01g086640.2	0.37087019558556567	0
Solyc01g109170.3	0.37087019558556567	0
Solyc01g109250.3	0.37087019558556567	0
Solyc02g068740.3	0.37087019558556567	0
Solyc01g005250.5	0.37087019558556567	0
Solyc02g062460.4	0.37087019558556567	0
Solyc02g077400.4	0.37087019558556567	0
Solyc01g094410.3	0.37087019558556567	0
Solyc02g160270.1	0.37087019558556567	0
Solyc01g086960.3	0.37087019558556567	0
Solyc01g010820.3	0.37087019558556567	0
Solyc01g099340.3	0.37087019558556567	0
Solyc01g005470.3	0.37087019558556567	0
Solyc01g087150.3	0.37087019558556567	0
Solyc02g082350.3	0.37087019558556567	0
Solyc01g094890.4	0.37087019558556567	0
Solyc00g500048.1	0.37087019558556567	0
Solyc01g094950.3	0.37087019558556567	0
Solyc00g500054.1	0.37087019558556567	0
Solyc01g109840.3	0.37087019558556567	0
Solyc01g068160.4	0.37087019558556567	0
Solyc01g068200.4	0.37087019558556567	0
Solyc02g087190.1	0.37087019558556567	0
Solyc02g063390.5	0.37087019558556567	0
Solyc02g087270.2	0.37087019558556567	0
Solyc01g006000.3	0.37087019558556567	0
Solyc02g069650.3	0.37087019558556567	0
Solyc01g006055.1	0.37087019558556567	0
Solyc01g068350.3	0.37087019558556567	0
Solyc03g020040.3	0.37087019558556567	0
Solyc01g087810.2	0.37087019558556567	0
Solyc02g078410.1	0.37087019558556567	0
Solyc01g087880.3	0.37087019558556567	0
Solyc02g092110.3	0.37087019558556567	0
Solyc02g083180.5	0.37087019558556567	0
Solyc00g500136.1	0.37087019558556567	0
Solyc01g088310.3	0.37087019558556567	0
Solyc02g078910.3	0.37087019558556567	0
Solyc03g025520.5	0.37087019558556567	0
Solyc02g070330.4	0.37087019558556567	0
Solyc01g015000.3	0.37087019558556567	0
Solyc01g073985.1	0.37087019558556567	0
Solyc01g088550.3	0.37087019558556567	0
Solyc02g065370.3	0.37087019558556567	0
Solyc02g070570.4	0.37087019558556567	0
Solyc01g100960.3	0.37087019558556567	0
Solyc01g100970.3	0.37087019558556567	0
Solyc02g070600.4	0.37087019558556567	0
Solyc01g111110.4	0.37087019558556567	0
Solyc02g079160.2	0.37087019558556567	0
Solyc01g058720.4	0.37087019558556567	0
Solyc01g088730.3	0.37087019558556567	0
Solyc02g088210.3	0.37087019558556567	0
Solyc01g101260.2	0.37087019558556567	0
Solyc00g500201.1	0.37087019558556567	0
Solyc03g005800.4	0.37087019558556567	0
Solyc02g079400.3	0.37087019558556567	0
Solyc00g500206.1	0.37087019558556567	0
Solyc02g092800.3	0.37087019558556567	0
Solyc02g092820.4	0.37087019558556567	0
Solyc01g007760.3	0.37087019558556567	0
Solyc01g102450.3	0.37087019558556567	0
Solyc01g102490.3	0.37087019558556567	0
Solyc01g102500.3	0.37087019558556567	0
Solyc02g071170.3	0.37087019558556567	0
Solyc02g093000.3	0.37087019558556567	0
Solyc01g096900.3	0.37087019558556567	0
Solyc01g090220.4	0.37087019558556567	0
Solyc02g093070.3	0.37087019558556567	0
Solyc01g102750.3	0.37087019558556567	0
Solyc02g084230.3	0.37087019558556567	0
Solyc01g079880.3	0.37087019558556567	0
Solyc02g079930.3	0.37087019558556567	0
Solyc01g107420.2	0.37087019558556567	0
Solyc04g064810.5	0.37087019558556567	0
Solyc01g008340.3	0.37087019558556567	0
Solyc04g017610.2	0.37087019558556567	0
Solyc02g084550.3	0.37087019558556567	0
Solyc04g071010.4	0.37087019558556567	0
Solyc05g015210.4	0.37087019558556567	0
Solyc03g111160.3	0.37087019558556567	0
Solyc05g040050.3	0.37087019558556567	0
Solyc03g063370.3	0.37087019558556567	0
Solyc04g082020.3	0.37087019558556567	0
Solyc03g111280.1	0.37087019558556567	0
Solyc04g077610.4	0.37087019558556567	0
Solyc05g009780.4	0.37087019558556567	0
Solyc03g063550.1	0.37087019558556567	0
Solyc03g093510.2	0.37087019558556567	0
Solyc04g082270.3	0.37087019558556567	0
Solyc05g010050.3	0.37087019558556567	0
Solyc04g051470.1	0.37087019558556567	0
Solyc05g041910.3	0.37087019558556567	0
Solyc05g052470.3	0.37087019558556567	0
Solyc04g051610.3	0.37087019558556567	0
Solyc03g120470.4	0.37087019558556567	0
Solyc03g094040.4	0.37087019558556567	0
Solyc04g072120.2	0.37087019558556567	0
Solyc04g011440.4	0.37087019558556567	0
Solyc03g095860.3	0.37087019558556567	0
Solyc04g011610.3	0.37087019558556567	0
Solyc05g053380.5	0.37087019558556567	0
Solyc03g117010.5	0.37087019558556567	0
Solyc05g012340.4	0.37087019558556567	0
Solyc04g007110.4	0.37087019558556567	0
Solyc04g079250.3	0.37087019558556567	0
Solyc06g009070.3	0.37087019558556567	0
Solyc06g009110.3	0.37087019558556567	0
Solyc03g117270.1	0.37087019558556567	0
Solyc03g117360.4	0.37087019558556567	0
Solyc04g055010.3	0.37087019558556567	0
Solyc05g049900.3	0.37087019558556567	0
Solyc03g121880.5	0.37087019558556567	0
Solyc04g055255.1	0.37087019558556567	0
Solyc05g007240.1	0.37087019558556567	0
Solyc05g050230.4	0.37087019558556567	0
Solyc04g074580.1	0.37087019558556567	0
Solyc04g056580.3	0.37087019558556567	0
Solyc03g122360.3	0.37087019558556567	0
Solyc04g074780.5	0.37087019558556567	0
Solyc04g049160.3	0.37087019558556567	0
Solyc04g074800.3	0.37087019558556567	0
Solyc03g097340.1	0.37087019558556567	0
Solyc05g050570.3	0.37087019558556567	0
Solyc05g007730.4	0.37087019558556567	0
Solyc03g123620.4	0.37087019558556567	0
Solyc03g097610.4	0.37087019558556567	0
Solyc03g058390.3	0.37087019558556567	0
Solyc05g013720.3	0.37087019558556567	0
Solyc03g114120.3	0.37087019558556567	0
Solyc04g008640.3	0.37087019558556567	0
Solyc06g035600.3	0.37087019558556567	0
Solyc03g118520.4	0.37087019558556567	0
Solyc05g014080.3	0.37087019558556567	0
Solyc04g080810.4	0.37087019558556567	0
Solyc06g035940.3	0.37087019558556567	0
Solyc06g065610.3	0.37087019558556567	0
Solyc06g054080.3	0.37087019558556567	0
Solyc03g118840.3	0.37087019558556567	0
Solyc05g055480.3	0.37087019558556567	0
Solyc03g114530.5	0.37087019558556567	0
Solyc04g016240.3	0.37087019558556567	0
Solyc05g008610.3	0.37087019558556567	0
Solyc05g026550.3	0.37087019558556567	0
Solyc05g026570.3	0.37087019558556567	0
Solyc03g114740.5	0.37087019558556567	0
Solyc07g065600.3	0.37087019558556567	0
Solyc05g055840.4	0.37087019558556567	0
Solyc07g056200.3	0.37087019558556567	0
Solyc03g119200.4	0.37087019558556567	0
Solyc06g072440.3	0.37087019558556567	0
Solyc04g081290.3	0.37087019558556567	0
Solyc06g036540.1	0.37087019558556567	0
Solyc06g072490.3	0.37087019558556567	0
Solyc08g062620.3	0.37087019558556567	0
Solyc06g072660.4	0.37087019558556567	0
Solyc08g074670.3	0.37087019558556567	0
Solyc07g065890.3	0.37087019558556567	0
Solyc04g081540.3	0.37087019558556567	0
Solyc04g081580.4	0.37087019558556567	0
Solyc07g005620.2	0.37087019558556567	0
Solyc08g074740.3	0.37087019558556567	0
Solyc07g056600.1	0.37087019558556567	0
Solyc06g035570.1	0.37087019558556567	0
Solyc07g041020.3	0.37087019558556567	0
Solyc06g060370.3	0.37087019558556567	0
Solyc06g066610.4	0.37087019558556567	0
Solyc06g066640.3	0.37087019558556567	0
Solyc08g023280.4	0.37087019558556567	0
Solyc08g075090.4	0.37087019558556567	0
Solyc07g066520.3	0.37087019558556567	0
Solyc06g073330.4	0.37087019558556567	0
Solyc07g041510.4	0.37087019558556567	0
Solyc07g006220.2	0.37087019558556567	0
Solyc06g068030.3	0.37087019558556567	0
Solyc09g008800.3	0.37087019558556567	0
Solyc07g006265.1	0.37087019558556567	0
Solyc09g059470.4	0.37087019558556567	0
Solyc08g065990.3	0.37087019558556567	0
Solyc07g017780.4	0.37087019558556567	0
Solyc09g059520.3	0.37087019558556567	0
Solyc06g068240.3	0.37087019558556567	0
Solyc09g009170.4	0.37087019558556567	0
Solyc09g016940.4	0.37087019558556567	0
Solyc08g080290.5	0.37087019558556567	0
Solyc07g018090.4	0.37087019558556567	0
Solyc07g062450.3	0.37087019558556567	0
Solyc07g042400.2	0.37087019558556567	0
Solyc08g080540.3	0.37087019558556567	0
Solyc06g074020.2	0.37087019558556567	0
Solyc08g076000.4	0.37087019558556567	0
Solyc09g060110.4	0.37087019558556567	0
Solyc09g009440.3	0.37087019558556567	0
Solyc07g006970.4	0.37087019558556567	0
Solyc07g042620.4	0.37087019558556567	0
Solyc08g080770.3	0.37087019558556567	0
Solyc08g080900.3	0.37087019558556567	0
Solyc06g074380.3	0.37087019558556567	0
Solyc09g018850.3	0.37087019558556567	0
Solyc06g062670.3	0.37087019558556567	0
Solyc06g068910.3	0.37087019558556567	0
Solyc06g051020.2	0.37087019558556567	0
Solyc07g043170.4	0.37087019558556567	0
Solyc07g053660.3	0.37087019558556567	0
Solyc09g061710.3	0.37087019558556567	0
Solyc08g044345.1	0.37087019558556567	0
Solyc06g084140.4	0.37087019558556567	0
Solyc06g051270.3	0.37087019558556567	0
Solyc07g063110.4	0.37087019558556567	0
Solyc09g009940.3	0.37087019558556567	0
Solyc07g043470.3	0.37087019558556567	0
Solyc06g069370.4	0.37087019558556567	0
Solyc08g048370.4	0.37087019558556567	0
Solyc09g010170.3	0.37087019558556567	0
Solyc06g051930.3	0.37087019558556567	0
Solyc07g054220.1	0.37087019558556567	0
Solyc08g081700.1	0.37087019558556567	0
Solyc08g077270.4	0.37087019558556567	0
Solyc06g075470.3	0.37087019558556567	0
Solyc06g150137.1	0.37087019558556567	0
Solyc06g053290.1	0.37087019558556567	0
Solyc08g008590.4	0.37087019558556567	0
Solyc07g045290.3	0.37087019558556567	0
Solyc08g013690.1	0.37087019558556567	0
Solyc09g007230.3	0.37087019558556567	0
Solyc07g045390.3	0.37087019558556567	0
Solyc09g007290.4	0.37087019558556567	0
Solyc06g065310.3	0.37087019558556567	0
Solyc08g082450.3	0.37087019558556567	0
Solyc07g064340.3	0.37087019558556567	0
Solyc08g077790.3	0.37087019558556567	0
Solyc07g055050.3	0.37087019558556567	0
Solyc06g053830.3	0.37087019558556567	0
Solyc07g064580.3	0.37087019558556567	0
Solyc09g011220.3	0.37087019558556567	0
Solyc07g047770.4	0.37087019558556567	0
Solyc07g055200.4	0.37087019558556567	0
Solyc07g055260.3	0.37087019558556567	0
Solyc08g014340.3	0.37087019558556567	0
Solyc07g055330.3	0.37087019558556567	0
Solyc07g064720.3	0.37087019558556567	0
Solyc08g005635.1	0.37087019558556567	0
Solyc08g069000.4	0.37087019558556567	0
Solyc09g074330.3	0.37087019558556567	0
Solyc08g078310.3	0.37087019558556567	0
Solyc06g071950.3	0.37087019558556567	0
Solyc10g008410.1	0.37087019558556567	0
Solyc10g008440.3	0.37087019558556567	0
Solyc08g083250.4	0.37087019558556567	0
Solyc06g071990.4	0.37087019558556567	0
Solyc08g078400.3	0.37087019558556567	0
Solyc09g066150.2	0.37087019558556567	0
Solyc08g083320.4	0.37087019558556567	0
Solyc09g091030.3	0.37087019558556567	0
Solyc10g008740.3	0.37087019558556567	0
Solyc09g013110.3	0.37087019558556567	0
Solyc10g008780.1	0.37087019558556567	0
Solyc08g016180.3	0.37087019558556567	0
Solyc10g084510.1	0.37087019558556567	0
Solyc11g071720.2	0.37087019558556567	0
Solyc11g065220.2	0.37087019558556567	0
Solyc11g039980.3	0.37087019558556567	0
Solyc12g042930.2	0.37087019558556567	0
Solyc11g072050.1	0.37087019558556567	0
Solyc11g040050.3	0.37087019558556567	0
Solyc11g013660.1	0.37087019558556567	0
Solyc09g075450.3	0.37087019558556567	0
Solyc12g005410.2	0.37087019558556567	0
Solyc10g079610.2	0.37087019558556567	0
Solyc11g040390.2	0.37087019558556567	0
Solyc09g082050.4	0.37087019558556567	0
Solyc10g005690.3	0.37087019558556567	0
Solyc09g092490.4	0.37087019558556567	0
Solyc12g005870.4	0.37087019558556567	0
Solyc10g005880.3	0.37087019558556567	0
Solyc11g066450.2	0.37087019558556567	0
Solyc09g092725.1	0.37087019558556567	0
Solyc11g066500.2	0.37087019558556567	0
Solyc11g066560.3	0.37087019558556567	0
Solyc10g080320.3	0.37087019558556567	0
Solyc10g085930.3	0.37087019558556567	0
Solyc10g085990.3	0.37087019558556567	0
Solyc10g074540.1	0.37087019558556567	0
Solyc10g080550.2	0.37087019558556567	0
Solyc10g006390.3	0.37087019558556567	0
Solyc10g086220.2	0.37087019558556567	0
Solyc09g098070.3	0.37087019558556567	0
Solyc10g086280.2	0.37087019558556567	0
Solyc09g098115.1	0.37087019558556567	0
Solyc10g074810.2	0.37087019558556567	0
Solyc10g080780.2	0.37087019558556567	0
Solyc10g086570.3	0.37087019558556567	0
Solyc12g094440.2	0.37087019558556567	0
Solyc11g006070.3	0.37087019558556567	0
Solyc10g049850.3	0.37087019558556567	0
Solyc11g068470.3	0.37087019558556567	0
Solyc11g020810.2	0.37087019558556567	0
Solyc11g068530.1	0.37087019558556567	0
Solyc12g095890.2	0.37087019558556567	0
Solyc11g011360.2	0.37087019558556567	0
Solyc09g089630.3	0.37087019558556567	0
Solyc10g081590.2	0.37087019558556567	0
Solyc10g081610.2	0.37087019558556567	0
Solyc10g076710.3	0.37087019558556567	0
Solyc10g081820.3	0.37087019558556567	0
Solyc11g011673.1	0.37087019558556567	0
Solyc11g011740.1	0.37087019558556567	0
Solyc11g069150.3	0.37087019558556567	0
Solyc12g056950.2	0.37087019558556567	0
Solyc12g008960.2	0.37087019558556567	0
Solyc10g051310.2	0.37087019558556567	0
Solyc11g012180.2	0.37087019558556567	0
Solyc10g083730.2	0.37087019558556567	0
Solyc11g012570.3	0.37087019558556567	0
Solyc12g042550.2	0.37087019558556567	0
Solyc12g098650.2	0.37087019558556567	0
Solyc12g076320.2	0.37087019558556567	0
Solyc11g013010.2	0.37087019558556567	0
Solyc12g010170.2	0.37087019558556567	0
Solyc01g066913.2	0.3709512190946084	0
Solyc01g009920.3	0.3709512190946084	0
Solyc02g064910.3	0.3709512190946084	0
Solyc02g070270.2	0.3709512190946084	0
Solyc03g031710.4	0.3709512190946084	0
Solyc01g102360.4	0.3709512190946084	0
Solyc04g051590.3	0.3709512190946084	0
Solyc04g051730.1	0.3709512190946084	0
Solyc04g010270.1	0.3709512190946084	0
Solyc06g008570.1	0.3709512190946084	0
Solyc03g044580.1	0.3709512190946084	0
Solyc04g160230.1	0.3709512190946084	0
Solyc05g047570.2	0.3709512190946084	0
Solyc05g018890.1	0.3709512190946084	0
Solyc03g122060.3	0.3709512190946084	0
Solyc04g057920.1	0.3709512190946084	0
Solyc05g051210.3	0.3709512190946084	0
Solyc06g076760.2	0.3709512190946084	0
Solyc06g034063.2	0.3709512190946084	0
Solyc06g034067.2	0.3709512190946084	0
Solyc06g059820.1	0.3709512190946084	0
Solyc06g072910.2	0.3709512190946084	0
Solyc06g048790.1	0.3709512190946084	0
Solyc08g079990.3	0.3709512190946084	0
Solyc08g080820.1	0.3709512190946084	0
Solyc06g075050.2	0.3709512190946084	0
Solyc06g071240.3	0.3709512190946084	0
Solyc09g011200.2	0.3709512190946084	0
Solyc10g078780.2	0.3709512190946084	0
Solyc09g091680.1	0.3709512190946084	0
Solyc10g162610.1	0.3709512190946084	0
Solyc10g085530.1	0.3709512190946084	0
Solyc10g006280.1	0.3709512190946084	0
Solyc12g013940.1	0.3709512190946084	0
Solyc12g089360.1	0.3709512190946084	0
Solyc11g067290.1	0.3709512190946084	0
Solyc11g021213.1	0.3709512190946084	0
Solyc11g007380.1	0.3709512190946084	0
Solyc10g007960.1	0.3709512190946084	0
Solyc02g038770.1	0.3710546104382476	0
Solyc01g008870.1	0.3710546104382476	0
Solyc01g150133.1	0.3710546104382476	0
Solyc01g150136.1	0.3710546104382476	0
Solyc02g080680.3	0.3710546104382476	0
Solyc01g066080.3	0.3710546104382476	0
Solyc02g094240.1	0.3710546104382476	0
Solyc01g009505.1	0.3710546104382476	0
Solyc00g160250.1	0.3710546104382476	0
Solyc02g076890.1	0.3710546104382476	0
Solyc01g160400.1	0.3710546104382476	0
Solyc02g021210.1	0.3710546104382476	0
Solyc02g090600.3	0.3710546104382476	0
Solyc01g034050.1	0.3710546104382476	0
Solyc01g160640.1	0.3710546104382476	0
Solyc01g005090.3	0.3710546104382476	0
Solyc01g010530.1	0.3710546104382476	0
Solyc02g160820.1	0.3710546104382476	0
Solyc01g005783.1	0.3710546104382476	0
Solyc02g160930.1	0.3710546104382476	0
Solyc02g063373.1	0.3710546104382476	0
Solyc02g063377.1	0.3710546104382476	0
Solyc01g057280.3	0.3710546104382476	0
Solyc01g014300.1	0.3710546104382476	0
Solyc02g082985.2	0.3710546104382476	0
Solyc02g161580.1	0.3710546104382476	0
Solyc02g070160.1	0.3710546104382476	0
Solyc02g032980.1	0.3710546104382476	0
Solyc02g083440.3	0.3710546104382476	0
Solyc02g033090.1	0.3710546104382476	0
Solyc00g500163.1	0.3710546104382476	0
Solyc02g092500.1	0.3710546104382476	0
Solyc02g070740.1	0.3710546104382476	0
Solyc02g036220.1	0.3710546104382476	0
Solyc01g079280.1	0.3710546104382476	0
Solyc03g059425.1	0.3710546104382476	0
Solyc03g006110.4	0.3710546104382476	0
Solyc03g091010.1	0.3710546104382476	0
Solyc04g017640.1	0.3710546104382476	0
Solyc05g009510.2	0.3710546104382476	0
Solyc05g009513.2	0.3710546104382476	0
Solyc03g093280.3	0.3710546104382476	0
Solyc03g033690.2	0.3710546104382476	0
Solyc05g051960.1	0.3710546104382476	0
Solyc03g161350.1	0.3710546104382476	0
Solyc05g150132.1	0.3710546104382476	0
Solyc04g051290.1	0.3710546104382476	0
Solyc03g034207.1	0.3710546104382476	0
Solyc04g024540.1	0.3710546104382476	0
Solyc04g051513.2	0.3710546104382476	0
Solyc03g161750.1	0.3710546104382476	0
Solyc03g043665.2	0.3710546104382476	0
Solyc05g042160.1	0.3710546104382476	0
Solyc04g078220.3	0.3710546104382476	0
Solyc04g051785.2	0.3710546104382476	0
Solyc04g025230.1	0.3710546104382476	0
Solyc04g025470.1	0.3710546104382476	0
Solyc05g045777.2	0.3710546104382476	0
Solyc05g160990.1	0.3710546104382476	0
Solyc04g026060.1	0.3710546104382476	0
Solyc05g046170.1	0.3710546104382476	0
Solyc04g054655.2	0.3710546104382476	0
Solyc03g096150.3	0.3710546104382476	0
Solyc03g096160.3	0.3710546104382476	0
Solyc05g018525.2	0.3710546104382476	0
Solyc04g079490.1	0.3710546104382476	0
Solyc05g162230.1	0.3710546104382476	0
Solyc03g046593.1	0.3710546104382476	0
Solyc04g074460.2	0.3710546104382476	0
Solyc04g056460.3	0.3710546104382476	0
Solyc05g013225.1	0.3710546104382476	0
Solyc05g023890.1	0.3710546104382476	0
Solyc05g007520.1	0.3710546104382476	0
Solyc03g082810.1	0.3710546104382476	0
Solyc05g024110.1	0.3710546104382476	0
Solyc04g049405.1	0.3710546104382476	0
Solyc06g010275.1	0.3710546104382476	0
Solyc03g083040.1	0.3710546104382476	0
Solyc04g008530.2	0.3710546104382476	0
Solyc03g058850.1	0.3710546104382476	0
Solyc06g035830.1	0.3710546104382476	0
Solyc05g051300.1	0.3710546104382476	0
Solyc07g005080.1	0.3710546104382476	0
Solyc06g034030.3	0.3710546104382476	0
Solyc07g009510.1	0.3710546104382476	0
Solyc07g039520.1	0.3710546104382476	0
Solyc06g060240.1	0.3710546104382476	0
Solyc08g063120.1	0.3710546104382476	0
Solyc08g160230.1	0.3710546104382476	0
Solyc09g015160.2	0.3710546104382476	0
Solyc08g023420.3	0.3710546104382476	0
Solyc07g005975.1	0.3710546104382476	0
Solyc07g052370.4	0.3710546104382476	0
Solyc08g065710.2	0.3710546104382476	0
Solyc07g150138.1	0.3710546104382476	0
Solyc06g061005.1	0.3710546104382476	0
Solyc09g059660.1	0.3710546104382476	0
Solyc08g007090.3	0.3710546104382476	0
Solyc09g060030.1	0.3710546104382476	0
Solyc07g006940.3	0.3710546104382476	0
Solyc07g018405.2	0.3710546104382476	0
Solyc07g160530.1	0.3710546104382476	0
Solyc07g020910.2	0.3710546104382476	0
Solyc08g007867.1	0.3710546104382476	0
Solyc07g063400.3	0.3710546104382476	0
Solyc09g037050.2	0.3710546104382476	0
Solyc09g064760.4	0.3710546104382476	0
Solyc07g063840.1	0.3710546104382476	0
Solyc07g026600.1	0.3710546104382476	0
Solyc09g065050.2	0.3710546104382476	0
Solyc07g026920.1	0.3710546104382476	0
Solyc08g068360.1	0.3710546104382476	0
Solyc08g082550.1	0.3710546104382476	0
Solyc07g009090.5	0.3710546104382476	0
Solyc07g064780.2	0.3710546104382476	0
Solyc09g056228.1	0.3710546104382476	0
Solyc09g090800.2	0.3710546104382476	0
Solyc09g057600.1	0.3710546104382476	0
Solyc09g011800.3	0.3710546104382476	0
Solyc09g011900.1	0.3710546104382476	0
Solyc09g057940.2	0.3710546104382476	0
Solyc10g054050.3	0.3710546104382476	0
Solyc07g049420.1	0.3710546104382476	0
Solyc11g007560.2	0.3710546104382476	0
Solyc09g161530.1	0.3710546104382476	0
Solyc09g161560.1	0.3710546104382476	0
Solyc09g091340.1	0.3710546104382476	0
Solyc10g084790.1	0.3710546104382476	0
Solyc10g011780.1	0.3710546104382476	0
Solyc11g042830.2	0.3710546104382476	0
Solyc12g011060.3	0.3710546104382476	0
Solyc10g012110.4	0.3710546104382476	0
Solyc12g088790.3	0.3710546104382476	0
Solyc11g018730.1	0.3710546104382476	0
Solyc10g048050.1	0.3710546104382476	0
Solyc12g013640.2	0.3710546104382476	0
Solyc10g074450.1	0.3710546104382476	0
Solyc10g080725.1	0.3710546104382476	0
Solyc12g055687.1	0.3710546104382476	0
Solyc10g080788.1	0.3710546104382476	0
Solyc12g006610.3	0.3710546104382476	0
Solyc12g036860.3	0.3710546104382476	0
Solyc11g006050.1	0.3710546104382476	0
Solyc11g010880.2	0.3710546104382476	0
Solyc09g083300.3	0.3710546104382476	0
Solyc09g098620.2	0.3710546104382476	0
Solyc10g076380.2	0.3710546104382476	0
Solyc11g068625.1	0.3710546104382476	0
Solyc10g160100.1	0.3710546104382476	0
Solyc10g050700.1	0.3710546104382476	0
Solyc10g050730.2	0.3710546104382476	0
Solyc10g160450.1	0.3710546104382476	0
Solyc11g062160.1	0.3710546104382476	0
Solyc12g057050.2	0.3710546104382476	0
Solyc12g042280.3	0.3710546104382476	0
Solyc11g032110.1	0.3710546104382476	0
Solyc11g064940.1	0.3710546104382476	0
Solyc12g019715.1	0.3710546104382476	0
Solyc12g062770.2	0.3710546104382476	0
Solyc07g039570.3	0.3713566487297201	0
Solyc06g075570.2	0.37144949471506494	0
Solyc00g500179.1	0.37147740631396964	0
Solyc01g111160.3	0.3716350677480468	0
Solyc03g034030.3	0.3716350677480468	0
Solyc03g150148.2	0.3718822520870423	0
Solyc10g078990.1	0.37200573881095056	0
Solyc06g074155.1	0.3723449654560359	0
Solyc12g160260.1	0.3723757779573975	0
Solyc02g070720.1	0.3724065860822593	0
Solyc06g071620.3	0.37246818920641134	0
Solyc03g006750.1	0.37256056109343094	0
Solyc05g050810.4	0.37256056109343094	0
Solyc05g056500.1	0.3726221204967485	0
Solyc03g115450.1	0.3726221204967485	0
Solyc03g115570.1	0.3726221204967485	0
Solyc06g052050.4	0.3726221204967485	0
Solyc00g500252.1	0.37265289364493925	0
Solyc01g106040.3	0.37265289364493925	0
Solyc03g111950.3	0.37265289364493925	0
Solyc04g015705.1	0.37265289364493925	0
Solyc08g068250.4	0.37265289364493925	0
Solyc08g078890.3	0.37265289364493925	0
Solyc11g011060.3	0.37265289364493925	0
Solyc11g011330.2	0.37265289364493925	0
Solyc00g500299.1	0.3726836624254578	0
Solyc01g005830.4	0.3726836624254578	0
Solyc03g043850.3	0.3726836624254578	0
Solyc05g011860.1	0.3726836624254578	0
Solyc03g097390.3	0.3726836624254578	0
Solyc06g054560.3	0.3726836624254578	0
Solyc06g060160.3	0.3726836624254578	0
Solyc06g082990.4	0.3726836624254578	0
Solyc08g076020.4	0.3726836624254578	0
Solyc08g007800.3	0.3726836624254578	0
Solyc09g064410.1	0.3726836624254578	0
Solyc07g008680.4	0.3726836624254578	0
Solyc06g053850.4	0.3726836624254578	0
Solyc09g074235.1	0.3726836624254578	0
Solyc11g071570.3	0.3726836624254578	0
Solyc12g010650.1	0.3726836624254578	0
Solyc12g044920.3	0.3726836624254578	0
Solyc11g005970.1	0.3726836624254578	0
Solyc03g121425.1	0.37301072674337477	0
Solyc09g097990.1	0.37301072674337477	0
Solyc00g019970.2	0.3730751528670251	0
Solyc02g078645.1	0.3730751528670251	0
Solyc03g080000.1	0.3730751528670251	0
Solyc06g072540.2	0.3730751528670251	0
Solyc09g007590.1	0.3730751528670251	0
Solyc12g162450.1	0.3730751528670251	0
Solyc03g124050.3	0.37377653366860253	0
Solyc10g085370.3	0.37402638495308527	0
Solyc01g162100.1	0.3751729894007695	0
Solyc06g053690.3	0.37564535738174254	0
Solyc09g098600.2	0.3758878461531625	0
Solyc05g025605.2	0.3762572859146075	0
Solyc06g050340.3	0.3762655437681449	0
Solyc05g018560.1	0.3763034590365101	0
Solyc06g034380.1	0.3763034590365101	0
Solyc07g044815.1	0.3773485978219029	0
Solyc03g096250.3	0.3773640265072238	0
Solyc08g063035.1	0.3773640265072238	0
Solyc04g014853.2	0.3788124061646535	0
Solyc08g160100.1	0.3790006059115453	0
Solyc07g061890.1	0.3790946437994419	0
Solyc11g042873.1	0.3790946437994419	0
Solyc03g111040.2	0.3800327567192945	0
Solyc09g066050.2	0.38030403448507044	0
Solyc06g084180.3	0.3803422954175867	0
Solyc08g014610.4	0.3804691379303925	0
Solyc08g079210.1	0.38049527064020616	0
Solyc09g016930.1	0.38049527064020616	0
Solyc10g050980.1	0.38049527064020616	0
Solyc08g008200.3	0.3808473661594516	0
Solyc02g087370.1	0.3813837129815032	0
Solyc09g011100.1	0.38153477520177437	0
Solyc07g053110.3	0.3815871813245141	0
Solyc10g049560.3	0.38161815455366077	0
Solyc12g008850.3	0.3817489903449538	0
Solyc08g005950.2	0.38248358093652224	0
Solyc10g007270.4	0.38248358093652224	0
Solyc09g015110.2	0.3825402228457656	0
Solyc12g040870.4	0.3829765343298911	0
Solyc06g050280.1	0.38322258293084066	0
Solyc01g097430.5	0.38355072594678996	0
Solyc05g045950.4	0.38356043500685066	0
Solyc06g050790.3	0.3837751521560476	0
Solyc03g078620.1	0.38389775018703787	0
Solyc08g068510.2	0.38398965223424775	0
Solyc07g064170.3	0.3840202774028283	0
Solyc10g086320.2	0.3840202774028283	0
Solyc04g050780.2	0.384050898149524	0
Solyc00g500310.1	0.3840815144753501	0
Solyc07g045200.1	0.3840815144753501	0
Solyc04g078030.3	0.38411212638132186	0
Solyc04g015630.2	0.38411212638132186	0
Solyc06g073100.4	0.38411212638132186	0
Solyc02g063260.4	0.3841427338684541	0
Solyc01g100020.4	0.3841427338684541	0
Solyc03g119350.3	0.3841427338684541	0
Solyc04g051650.3	0.3841427338684541	0
Solyc04g079330.2	0.3841427338684541	0
Solyc07g009440.3	0.3841427338684541	0
Solyc08g066270.3	0.3841427338684541	0
Solyc07g053560.3	0.3841427338684541	0
Solyc11g008490.3	0.3841427338684541	0
Solyc02g080570.3	0.3841733369377611	0
Solyc02g085530.3	0.3841733369377611	0
Solyc02g086410.3	0.3841733369377611	0
Solyc01g099470.3	0.3841733369377611	0
Solyc02g063190.3	0.3841733369377611	0
Solyc01g087500.3	0.3841733369377611	0
Solyc01g068250.2	0.3841733369377611	0
Solyc02g078170.4	0.3841733369377611	0
Solyc02g078280.3	0.3841733369377611	0
Solyc03g025310.3	0.3841733369377611	0
Solyc01g100620.3	0.3841733369377611	0
Solyc02g092380.4	0.3841733369377611	0
Solyc01g096680.4	0.3841733369377611	0
Solyc01g096860.3	0.3841733369377611	0
Solyc02g084090.3	0.3841733369377611	0
Solyc04g009450.1	0.3841733369377611	0
Solyc04g078880.3	0.3841733369377611	0
Solyc04g072860.4	0.3841733369377611	0
Solyc04g080340.3	0.3841733369377611	0
Solyc06g065920.4	0.3841733369377611	0
Solyc08g006120.3	0.3841733369377611	0
Solyc07g020870.3	0.3841733369377611	0
Solyc08g066810.3	0.3841733369377611	0
Solyc07g053890.3	0.3841733369377611	0
Solyc07g054600.3	0.3841733369377611	0
Solyc07g045410.2	0.3841733369377611	0
Solyc06g075980.3	0.3841733369377611	0
Solyc08g005440.3	0.3841733369377611	0
Solyc07g065000.3	0.3841733369377611	0
Solyc07g065130.3	0.3841733369377611	0
Solyc10g079720.2	0.3841733369377611	0
Solyc10g055560.2	0.3841733369377611	0
Solyc09g075920.1	0.3841733369377611	0
Solyc11g072970.2	0.3841733369377611	0
Solyc09g089550.4	0.3841733369377611	0
Solyc12g009230.3	0.3841733369377611	0
Solyc12g042460.2	0.3841733369377611	0
Solyc12g009530.1	0.3841733369377611	0
Solyc07g062200.2	0.3843453969341206	0
Solyc00g500284.1	0.3844643411184703	0
Solyc07g053680.3	0.3844643411184703	0
Solyc06g071520.1	0.3844643411184703	0
Solyc00g181240.1	0.38450397434784667	0
Solyc05g044450.1	0.38450397434784667	0
Solyc09g075540.1	0.3864868311490057	0
Solyc10g005140.1	0.38678061740267433	0
Solyc02g081780.3	0.3868045951279767	0
Solyc03g161410.1	0.38691700397231377	0
Solyc10g080784.1	0.38691700397231377	0
Solyc06g054290.3	0.386969834918072	0
Solyc12g005380.3	0.38760853653860194	0
Solyc03g095750.2	0.3876911498159351	0
Solyc08g007015.1	0.3876911498159351	0
Solyc09g025215.1	0.3876911498159351	0
Solyc11g012990.1	0.38819135638341595	0
Solyc07g054910.3	0.3882650770203281	0
Solyc03g033440.1	0.3883019276522296	0
Solyc01g056590.2	0.38837560955193884	0
Solyc06g074930.3	0.38859158240971425	0
Solyc05g054050.4	0.38876410757196855	0
Solyc10g005970.1	0.38876410757196855	0
Solyc07g064400.2	0.38889784452720855	0
Solyc06g062630.2	0.38955105576727156	0
Solyc04g160200.1	0.3896489724458586	0
Solyc01g097420.1	0.3896796255411674	0
Solyc04g008440.1	0.3896979136523927	0
Solyc12g088780.1	0.38971788637403604	0
Solyc02g038820.2	0.38972297254880595	0
Solyc03g006720.1	0.38972297254880595	0
Solyc00g500222.2	0.38972297254880595	0
Solyc04g045300.1	0.3897468434427537	0
Solyc06g073583.1	0.3897468434427537	0
Solyc06g062570.1	0.3897468434427537	0
Solyc11g013560.1	0.3897468434427537	0
Solyc12g100300.2	0.3897623789176279	0
Solyc01g017870.2	0.3897663106002808	0
Solyc04g024820.1	0.3897663106002808	0
Solyc03g097620.1	0.3897663106002808	0
Solyc11g071390.1	0.39012435431440073	0
Solyc02g062060.1	0.39050252274267394	0
Solyc00g160700.1	0.39054835607116445	0
Solyc03g123480.2	0.39054835607116445	0
Solyc07g006880.1	0.39054835607116445	0
Solyc09g031840.1	0.39054835607116445	0
Solyc04g011450.2	0.3908301536966394	0
Solyc05g050460.2	0.3933074073660926	0
Solyc04g014930.3	0.3933381876534966	0
Solyc01g107680.4	0.39383260635632555	0
Solyc02g038800.1	0.39383260635632555	0
Solyc02g080270.4	0.39383260635632555	0
Solyc02g093680.3	0.39383260635632555	0
Solyc02g080470.3	0.39383260635632555	0
Solyc01g008980.3	0.39383260635632555	0
Solyc02g072030.1	0.39383260635632555	0
Solyc01g009030.5	0.39383260635632555	0
Solyc02g093950.3	0.39383260635632555	0
Solyc01g103430.4	0.39383260635632555	0
Solyc02g080700.3	0.39383260635632555	0
Solyc02g072260.5	0.39383260635632555	0
Solyc03g006860.3	0.39383260635632555	0
Solyc01g091520.3	0.39383260635632555	0
Solyc01g098090.3	0.39383260635632555	0
Solyc02g085720.1	0.39383260635632555	0
Solyc01g091670.3	0.39383260635632555	0
Solyc01g104130.4	0.39383260635632555	0
Solyc02g085770.5	0.39383260635632555	0
Solyc02g081300.3	0.39383260635632555	0
Solyc02g068180.3	0.39383260635632555	0
Solyc01g010250.4	0.39383260635632555	0
Solyc03g007750.3	0.39383260635632555	0
Solyc01g104680.4	0.39383260635632555	0
Solyc01g094240.3	0.39383260635632555	0
Solyc02g068710.3	0.39383260635632555	0
Solyc02g090850.3	0.39383260635632555	0
Solyc01g010430.4	0.39383260635632555	0
Solyc02g023990.3	0.39383260635632555	0
Solyc02g069020.3	0.39383260635632555	0
Solyc03g013160.5	0.39383260635632555	0
Solyc02g069060.4	0.39383260635632555	0
Solyc02g069070.3	0.39383260635632555	0
Solyc01g109600.4	0.39383260635632555	0
Solyc02g030170.4	0.39383260635632555	0
Solyc02g069120.3	0.39383260635632555	0
Solyc01g099560.3	0.39383260635632555	0
Solyc01g094790.3	0.39383260635632555	0
Solyc02g086890.3	0.39383260635632555	0
Solyc02g091380.1	0.39383260635632555	0
Solyc01g087320.3	0.39383260635632555	0
Solyc01g109780.3	0.39383260635632555	0
Solyc02g063240.4	0.39383260635632555	0
Solyc01g099830.3	0.39383260635632555	0
Solyc02g077990.3	0.39383260635632555	0
Solyc01g087560.3	0.39383260635632555	0
Solyc01g087580.4	0.39383260635632555	0
Solyc01g095130.4	0.39383260635632555	0
Solyc02g087150.3	0.39383260635632555	0
Solyc01g099890.3	0.39383260635632555	0
Solyc02g078130.3	0.39383260635632555	0
Solyc01g005930.3	0.39383260635632555	0
Solyc02g069620.4	0.39383260635632555	0
Solyc01g013883.2	0.39383260635632555	0
Solyc01g110120.3	0.39383260635632555	0
Solyc02g087330.3	0.39383260635632555	0
Solyc01g068370.4	0.39383260635632555	0
Solyc01g057310.5	0.39383260635632555	0
Solyc01g100160.3	0.39383260635632555	0
Solyc01g095530.2	0.39383260635632555	0
Solyc02g078500.2	0.39383260635632555	0
Solyc02g087460.1	0.39383260635632555	0
Solyc01g110400.2	0.39383260635632555	0
Solyc01g100310.3	0.39383260635632555	0
Solyc01g095640.2	0.39383260635632555	0
Solyc01g057570.3	0.39383260635632555	0
Solyc01g100380.4	0.39383260635632555	0
Solyc01g088440.2	0.39383260635632555	0
Solyc01g058260.4	0.39383260635632555	0
Solyc01g110930.1	0.39383260635632555	0
Solyc01g111100.6	0.39383260635632555	0
Solyc02g083570.3	0.39383260635632555	0
Solyc01g111380.3	0.39383260635632555	0
Solyc02g036300.3	0.39383260635632555	0
Solyc03g031570.5	0.39383260635632555	0
Solyc02g079320.3	0.39383260635632555	0
Solyc01g106740.5	0.39383260635632555	0
Solyc03g026010.3	0.39383260635632555	0
Solyc02g083790.4	0.39383260635632555	0
Solyc03g005770.4	0.39383260635632555	0
Solyc01g111520.3	0.39383260635632555	0
Solyc02g092770.3	0.39383260635632555	0
Solyc02g037490.1	0.39383260635632555	0
Solyc02g037510.3	0.39383260635632555	0
Solyc03g083445.1	0.39383260635632555	0
Solyc03g005870.5	0.39383260635632555	0
Solyc02g083890.4	0.39383260635632555	0
Solyc02g088520.4	0.39383260635632555	0
Solyc02g079510.3	0.39383260635632555	0
Solyc02g083990.3	0.39383260635632555	0
Solyc01g111730.3	0.39383260635632555	0
Solyc02g066920.3	0.39383260635632555	0
Solyc03g006020.3	0.39383260635632555	0
Solyc01g079680.3	0.39383260635632555	0
Solyc03g031920.3	0.39383260635632555	0
Solyc01g107180.3	0.39383260635632555	0
Solyc01g107190.3	0.39383260635632555	0
Solyc03g119360.3	0.39383260635632555	0
Solyc03g032120.3	0.39383260635632555	0
Solyc04g008760.3	0.39383260635632555	0
Solyc01g111980.3	0.39383260635632555	0
Solyc02g079940.3	0.39383260635632555	0
Solyc01g112160.4	0.39383260635632555	0
Solyc01g107660.3	0.39383260635632555	0
Solyc05g009550.3	0.39383260635632555	0
Solyc05g032770.5	0.39383260635632555	0
Solyc03g093250.2	0.39383260635632555	0
Solyc05g056450.3	0.39383260635632555	0
Solyc05g005000.4	0.39383260635632555	0
Solyc03g033680.1	0.39383260635632555	0
Solyc05g056560.3	0.39383260635632555	0
Solyc06g007275.1	0.39383260635632555	0
Solyc03g115500.3	0.39383260635632555	0
Solyc05g052070.3	0.39383260635632555	0
Solyc03g111310.3	0.39383260635632555	0
Solyc06g007440.4	0.39383260635632555	0
Solyc03g120200.2	0.39383260635632555	0
Solyc04g071480.1	0.39383260635632555	0
Solyc06g007590.3	0.39383260635632555	0
Solyc06g007740.1	0.39383260635632555	0
Solyc04g078060.1	0.39383260635632555	0
Solyc05g005680.3	0.39383260635632555	0
Solyc04g005040.1	0.39383260635632555	0
Solyc04g009960.3	0.39383260635632555	0
Solyc05g005810.5	0.39383260635632555	0
Solyc05g016260.3	0.39383260635632555	0
Solyc05g052810.4	0.39383260635632555	0
Solyc04g078460.3	0.39383260635632555	0
Solyc04g010250.3	0.39383260635632555	0
Solyc03g095690.3	0.39383260635632555	0
Solyc05g053100.3	0.39383260635632555	0
Solyc04g078800.3	0.39383260635632555	0
Solyc03g121080.3	0.39383260635632555	0
Solyc03g116900.3	0.39383260635632555	0
Solyc05g053290.3	0.39383260635632555	0
Solyc03g112570.2	0.39383260635632555	0
Solyc04g011690.5	0.39383260635632555	0
Solyc04g079050.3	0.39383260635632555	0
Solyc03g044910.1	0.39383260635632555	0
Solyc04g054720.4	0.39383260635632555	0
Solyc03g121440.4	0.39383260635632555	0
Solyc04g072740.3	0.39383260635632555	0
Solyc05g053730.3	0.39383260635632555	0
Solyc03g121620.1	0.39383260635632555	0
Solyc05g018700.4	0.39383260635632555	0
Solyc05g006890.1	0.39383260635632555	0
Solyc04g074030.3	0.39383260635632555	0
Solyc03g096820.4	0.39383260635632555	0
Solyc05g013010.3	0.39383260635632555	0
Solyc04g045650.3	0.39383260635632555	0
Solyc04g056390.3	0.39383260635632555	0
Solyc03g082620.4	0.39383260635632555	0
Solyc04g056610.3	0.39383260635632555	0
Solyc05g054710.3	0.39383260635632555	0
Solyc04g074810.4	0.39383260635632555	0
Solyc03g123410.1	0.39383260635632555	0
Solyc04g049360.3	0.39383260635632555	0
Solyc05g007740.3	0.39383260635632555	0
Solyc03g082910.4	0.39383260635632555	0
Solyc03g123760.3	0.39383260635632555	0
Solyc03g083070.3	0.39383260635632555	0
Solyc06g005520.4	0.39383260635632555	0
Solyc05g008040.4	0.39383260635632555	0
Solyc05g055070.4	0.39383260635632555	0
Solyc05g025513.1	0.39383260635632555	0
Solyc03g083250.3	0.39383260635632555	0
Solyc04g008680.4	0.39383260635632555	0
Solyc03g114210.3	0.39383260635632555	0
Solyc05g051040.5	0.39383260635632555	0
Solyc04g063240.3	0.39383260635632555	0
Solyc05g055310.3	0.39383260635632555	0
Solyc06g065560.2	0.39383260635632555	0
Solyc03g118770.4	0.39383260635632555	0
Solyc05g051380.4	0.39383260635632555	0
Solyc03g118880.3	0.39383260635632555	0
Solyc06g054150.1	0.39383260635632555	0
Solyc06g065720.1	0.39383260635632555	0
Solyc06g072250.3	0.39383260635632555	0
Solyc03g150152.1	0.39383260635632555	0
Solyc06g066020.3	0.39383260635632555	0
Solyc07g065650.2	0.39383260635632555	0
Solyc06g036520.1	0.39383260635632555	0
Solyc08g005890.3	0.39383260635632555	0
Solyc07g049730.3	0.39383260635632555	0
Solyc06g034100.4	0.39383260635632555	0
Solyc05g056080.4	0.39383260635632555	0
Solyc07g065840.2	0.39383260635632555	0
Solyc06g042960.3	0.39383260635632555	0
Solyc06g059930.4	0.39383260635632555	0
Solyc06g066370.5	0.39383260635632555	0
Solyc07g005580.4	0.39383260635632555	0
Solyc06g060080.3	0.39383260635632555	0
Solyc05g056310.3	0.39383260635632555	0
Solyc07g066280.3	0.39383260635632555	0
Solyc09g059270.3	0.39383260635632555	0
Solyc07g006170.5	0.39383260635632555	0
Solyc09g059300.1	0.39383260635632555	0
Solyc06g060810.3	0.39383260635632555	0
Solyc06g083020.3	0.39383260635632555	0
Solyc08g006780.3	0.39383260635632555	0
Solyc06g049040.4	0.39383260635632555	0
Solyc06g083060.4	0.39383260635632555	0
Solyc06g068170.2	0.39383260635632555	0
Solyc09g059515.1	0.39383260635632555	0
Solyc06g068210.3	0.39383260635632555	0
Solyc08g006880.3	0.39383260635632555	0
Solyc06g073650.1	0.39383260635632555	0
Solyc07g042380.4	0.39383260635632555	0
Solyc09g059970.3	0.39383260635632555	0
Solyc07g042450.3	0.39383260635632555	0
Solyc06g083460.4	0.39383260635632555	0
Solyc07g042550.3	0.39383260635632555	0
Solyc06g083650.3	0.39383260635632555	0
Solyc06g068760.3	0.39383260635632555	0
Solyc09g018650.3	0.39383260635632555	0
Solyc08g007330.3	0.39383260635632555	0
Solyc07g007170.3	0.39383260635632555	0
Solyc06g074500.2	0.39383260635632555	0
Solyc07g043250.1	0.39383260635632555	0
Solyc08g076550.3	0.39383260635632555	0
Solyc06g063030.3	0.39383260635632555	0
Solyc08g081230.1	0.39383260635632555	0
Solyc09g061890.3	0.39383260635632555	0
Solyc09g010030.3	0.39383260635632555	0
Solyc06g084540.3	0.39383260635632555	0
Solyc06g063300.4	0.39383260635632555	0
Solyc08g048430.4	0.39383260635632555	0
Solyc09g010210.3	0.39383260635632555	0
Solyc08g077100.3	0.39383260635632555	0
Solyc06g075520.3	0.39383260635632555	0
Solyc07g063890.3	0.39383260635632555	0
Solyc07g025370.3	0.39383260635632555	0
Solyc08g067870.2	0.39383260635632555	0
Solyc07g008450.3	0.39383260635632555	0
Solyc09g042750.3	0.39383260635632555	0
Solyc09g064930.3	0.39383260635632555	0
Solyc08g008630.4	0.39383260635632555	0
Solyc08g061490.3	0.39383260635632555	0
Solyc08g082210.4	0.39383260635632555	0
Solyc07g045310.4	0.39383260635632555	0
Solyc08g061640.1	0.39383260635632555	0
Solyc06g065290.5	0.39383260635632555	0
Solyc07g064310.2	0.39383260635632555	0
Solyc07g064440.3	0.39383260635632555	0
Solyc06g053800.3	0.39383260635632555	0
Solyc08g082630.3	0.39383260635632555	0
Solyc07g008920.5	0.39383260635632555	0
Solyc08g014120.3	0.39383260635632555	0
Solyc09g072990.3	0.39383260635632555	0
Solyc08g062220.3	0.39383260635632555	0
Solyc09g065720.4	0.39383260635632555	0
Solyc08g068930.3	0.39383260635632555	0
Solyc07g064930.3	0.39383260635632555	0
Solyc10g008300.3	0.39383260635632555	0
Solyc09g011730.5	0.39383260635632555	0
Solyc09g011810.3	0.39383260635632555	0
Solyc08g015690.4	0.39383260635632555	0
Solyc10g008510.3	0.39383260635632555	0
Solyc10g078715.1	0.39383260635632555	0
Solyc09g008280.2	0.39383260635632555	0
Solyc08g016070.3	0.39383260635632555	0
Solyc07g065370.4	0.39383260635632555	0
Solyc10g084430.2	0.39383260635632555	0
Solyc10g045270.2	0.39383260635632555	0
Solyc09g074970.3	0.39383260635632555	0
Solyc10g009060.1	0.39383260635632555	0
Solyc10g045385.1	0.39383260635632555	0
Solyc11g071780.1	0.39383260635632555	0
Solyc11g071800.2	0.39383260635632555	0
Solyc08g079020.3	0.39383260635632555	0
Solyc09g075200.5	0.39383260635632555	0
Solyc10g084880.4	0.39383260635632555	0
Solyc11g008000.2	0.39383260635632555	0
Solyc10g054880.3	0.39383260635632555	0
Solyc10g085030.1	0.39383260635632555	0
Solyc12g087890.4	0.39383260635632555	0
Solyc10g085080.3	0.39383260635632555	0
Solyc10g005080.3	0.39383260635632555	0
Solyc11g013890.1	0.39383260635632555	0
Solyc12g032950.3	0.39383260635632555	0
Solyc12g088460.3	0.39383260635632555	0
Solyc11g043150.2	0.39383260635632555	0
Solyc11g066290.2	0.39383260635632555	0
Solyc10g047640.3	0.39383260635632555	0
Solyc09g092580.4	0.39383260635632555	0
Solyc12g005930.2	0.39383260635632555	0
Solyc10g080160.2	0.39383260635632555	0
Solyc12g005970.1	0.39383260635632555	0
Solyc12g011440.2	0.39383260635632555	0
Solyc11g018670.3	0.39383260635632555	0
Solyc10g080360.1	0.39383260635632555	0
Solyc10g085970.3	0.39383260635632555	0
Solyc09g097870.4	0.39383260635632555	0
Solyc11g066820.2	0.39383260635632555	0
Solyc11g066920.1	0.39383260635632555	0
Solyc12g049570.3	0.39383260635632555	0
Solyc11g045180.3	0.39383260635632555	0
Solyc10g006520.3	0.39383260635632555	0
Solyc10g006640.3	0.39383260635632555	0
Solyc10g018390.3	0.39383260635632555	0
Solyc10g075110.2	0.39383260635632555	0
Solyc12g056100.3	0.39383260635632555	0
Solyc12g007010.2	0.39383260635632555	0
Solyc11g011390.3	0.39383260635632555	0
Solyc12g095930.2	0.39383260635632555	0
Solyc10g081650.2	0.39383260635632555	0
Solyc10g007280.4	0.39383260635632555	0
Solyc10g076690.2	0.39383260635632555	0
Solyc12g008530.2	0.39383260635632555	0
Solyc10g050870.3	0.39383260635632555	0
Solyc12g039180.2	0.39383260635632555	0
Solyc11g069000.2	0.39383260635632555	0
Solyc10g076820.2	0.39383260635632555	0
Solyc10g050960.3	0.39383260635632555	0
Solyc12g008660.1	0.39383260635632555	0
Solyc12g008690.3	0.39383260635632555	0
Solyc11g007010.2	0.39383260635632555	0
Solyc10g077070.2	0.39383260635632555	0
Solyc12g008870.1	0.39383260635632555	0
Solyc09g090330.3	0.39383260635632555	0
Solyc11g012090.2	0.39383260635632555	0
Solyc10g078240.2	0.39383260635632555	0
Solyc12g057080.2	0.39383260635632555	0
Solyc11g007510.2	0.39383260635632555	0
Solyc11g069860.3	0.39383260635632555	0
Solyc11g012510.3	0.39383260635632555	0
Solyc12g009630.3	0.39383260635632555	0
Solyc12g019690.2	0.39383260635632555	0
Solyc12g019710.1	0.39383260635632555	0
Solyc12g010050.2	0.39383260635632555	0
Solyc01g105790.3	0.39389621788928353	0
Solyc02g087490.3	0.39450447841764646	0
Solyc10g005360.4	0.3946268662430952	0
Solyc03g093370.3	0.3946880331334629	0
Solyc08g061880.2	0.3948103129118734	0
Solyc08g022130.3	0.39525973514848045	0
Solyc09g015440.1	0.39526822185831834	0
Solyc07g065190.4	0.39542063395650884	0
Solyc01g104850.3	0.3954511029452329	0
Solyc11g069680.1	0.39548156745943996	0
Solyc05g009865.1	0.3955424830685058	0
Solyc10g017510.3	0.395572934165466	0
Solyc07g045590.1	0.395603380792111	0
Solyc11g072570.2	0.3956338229494909	0
Solyc03g113580.1	0.3956642606386551	0
Solyc07g006660.1	0.3956946938606525	0
Solyc11g012950.2	0.3956946938606525	0
Solyc04g078410.4	0.39575554690734227	0
Solyc09g098380.3	0.39575554690734227	0
Solyc02g088650.1	0.39578596673413113	0
Solyc02g089860.1	0.3958163820979468	0
Solyc02g078050.5	0.3958163820979468	0
Solyc01g096160.4	0.3958163820979468	0
Solyc03g115690.1	0.3958163820979468	0
Solyc04g024780.1	0.3958163820979468	0
Solyc07g042470.3	0.3958163820979468	0
Solyc02g044040.3	0.3958467929998364	0
Solyc04g072040.1	0.3958467929998364	0
Solyc04g005657.1	0.3958467929998364	0
Solyc04g072380.3	0.3958467929998364	0
Solyc03g121470.5	0.3958467929998364	0
Solyc04g058180.4	0.3958467929998364	0
Solyc07g054475.1	0.3958467929998364	0
Solyc02g071880.3	0.3958771994408472	0
Solyc02g080860.3	0.3958771994408472	0
Solyc02g080960.3	0.3958771994408472	0
Solyc01g103920.3	0.3958771994408472	0
Solyc01g104260.3	0.3958771994408472	0
Solyc02g062520.3	0.3958771994408472	0
Solyc03g026370.1	0.3958771994408472	0
Solyc01g079850.3	0.3958771994408472	0
Solyc03g031530.5	0.3958771994408472	0
Solyc06g007950.2	0.3958771994408472	0
Solyc05g010640.4	0.3958771994408472	0
Solyc06g008720.4	0.3958771994408472	0
Solyc05g053280.3	0.3958771994408472	0
Solyc03g122120.4	0.3958771994408472	0
Solyc07g006330.2	0.3958771994408472	0
Solyc07g062840.3	0.3958771994408472	0
Solyc06g074950.1	0.3958771994408472	0
Solyc07g048070.3	0.3958771994408472	0
Solyc12g042880.3	0.3958771994408472	0
Solyc12g013620.2	0.3958771994408472	0
Solyc10g049280.2	0.3958771994408472	0
Solyc11g011820.3	0.3958771994408472	0
Solyc00g020020.2	0.39624769546957006	0
Solyc12g042350.1	0.39634345208842336	0
Solyc00g230070.1	0.39653483258887545	0
Solyc05g005030.5	0.39653483258887545	0
Solyc09g050068.1	0.39653483258887545	0
Solyc09g150115.1	0.39653483258887545	0
Solyc04g078170.2	0.39702009303221353	0
Solyc10g017710.1	0.39737522506511835	0
Solyc07g042290.3	0.3975145962109027	0
Solyc07g054120.3	0.3975722573088758	0
Solyc03g083998.1	0.39768668869715973	0
Solyc12g049190.3	0.39768668869715973	0
Solyc01g094400.3	0.39774402101389794	0
Solyc05g046180.1	0.39774402101389794	0
Solyc00g500304.1	0.3980380554448433	0
Solyc11g073180.2	0.39817136745326087	0
Solyc12g096730.3	0.39837117411977263	0
Solyc11g042805.2	0.39881768525768124	0
Solyc05g014880.3	0.40016076924856736	0
Solyc11g061750.2	0.40016076924856736	0
Solyc12g077580.1	0.40016076924856736	0
Solyc02g038650.1	0.40029271480766737	0
Solyc00g013170.1	0.40029271480766737	0
Solyc01g017300.2	0.40029271480766737	0
Solyc02g080740.3	0.40029271480766737	0
Solyc02g080930.3	0.40029271480766737	0
Solyc02g014680.1	0.40029271480766737	0
Solyc01g066560.3	0.40029271480766737	0
Solyc01g160080.1	0.40029271480766737	0
Solyc01g160190.1	0.40029271480766737	0
Solyc01g160250.1	0.40029271480766737	0
Solyc00g500385.1	0.40029271480766737	0
Solyc02g061860.1	0.40029271480766737	0
Solyc01g038236.1	0.40029271480766737	0
Solyc01g005890.1	0.40029271480766737	0
Solyc02g161270.1	0.40029271480766737	0
Solyc01g057360.2	0.40029271480766737	0
Solyc03g026030.1	0.40029271480766737	0
Solyc01g090020.3	0.40029271480766737	0
Solyc05g015538.1	0.40029271480766737	0
Solyc04g025280.4	0.40029271480766737	0
Solyc04g011333.1	0.40029271480766737	0
Solyc03g095540.1	0.40029271480766737	0
Solyc05g018030.1	0.40029271480766737	0
Solyc04g072590.3	0.40029271480766737	0
Solyc05g161390.1	0.40029271480766737	0
Solyc05g046350.1	0.40029271480766737	0
Solyc04g039845.1	0.40029271480766737	0
Solyc03g113050.1	0.40029271480766737	0
Solyc05g162360.1	0.40029271480766737	0
Solyc05g050140.1	0.40029271480766737	0
Solyc04g161670.1	0.40029271480766737	0
Solyc05g024450.1	0.40029271480766737	0
Solyc05g051090.1	0.40029271480766737	0
Solyc06g065880.1	0.40029271480766737	0
Solyc06g034350.2	0.40029271480766737	0
Solyc07g005715.1	0.40029271480766737	0
Solyc07g056705.1	0.40029271480766737	0
Solyc07g150130.1	0.40029271480766737	0
Solyc08g080300.1	0.40029271480766737	0
Solyc08g029348.2	0.40029271480766737	0
Solyc07g042335.1	0.40029271480766737	0
Solyc08g036505.2	0.40029271480766737	0
Solyc07g018397.1	0.40029271480766737	0
Solyc07g007080.1	0.40029271480766737	0
Solyc07g043025.1	0.40029271480766737	0
Solyc08g044340.1	0.40029271480766737	0
Solyc06g051335.1	0.40029271480766737	0
Solyc09g061830.1	0.40029271480766737	0
Solyc07g161170.1	0.40029271480766737	0
Solyc08g048190.1	0.40029271480766737	0
Solyc06g064970.4	0.40029271480766737	0
Solyc09g010790.2	0.40029271480766737	0
Solyc09g050050.2	0.40029271480766737	0
Solyc07g026860.4	0.40029271480766737	0
Solyc07g026865.1	0.40029271480766737	0
Solyc06g053580.2	0.40029271480766737	0
Solyc06g076070.1	0.40029271480766737	0
Solyc09g011120.1	0.40029271480766737	0
Solyc07g009020.2	0.40029271480766737	0
Solyc07g032784.1	0.40029271480766737	0
Solyc07g032794.2	0.40029271480766737	0
Solyc09g161080.1	0.40029271480766737	0
Solyc09g074805.2	0.40029271480766737	0
Solyc12g082796.1	0.40029271480766737	0
Solyc10g045650.3	0.40029271480766737	0
Solyc10g162470.1	0.40029271480766737	0
Solyc12g027880.3	0.40029271480766737	0
Solyc12g044693.2	0.40029271480766737	0
Solyc12g005790.2	0.40029271480766737	0
Solyc10g047810.3	0.40029271480766737	0
Solyc12g013850.2	0.40029271480766737	0
Solyc11g020550.2	0.40029271480766737	0
Solyc10g086785.1	0.40029271480766737	0
Solyc11g027887.3	0.40029271480766737	0
Solyc11g030915.1	0.40029271480766737	0
Solyc12g062810.1	0.40029271480766737	0
Solyc12g070155.1	0.40029271480766737	0
Solyc01g010720.4	0.40070094012965585	0
Solyc08g066930.2	0.4010755294302223	0
Solyc12g010210.2	0.40112762316327444	0
Solyc09g056180.3	0.4011968939441629	0
Solyc10g079270.3	0.4012315205659147	0
Solyc01g011460.3	0.4013544338089543	0
Solyc09g092470.2	0.40200033484723185	0
Solyc11g013730.3	0.4037318358004818	0
Solyc04g056310.3	0.4037748287558589	0
Solyc01g014100.3	0.40404783881956374	0
Solyc03g044800.2	0.40414003064113757	0
Solyc06g072010.2	0.40414003064113757	0
Solyc09g061240.1	0.4049769705201476	0
Solyc12g096930.2	0.4050902463779018	0
Solyc06g005090.3	0.4052430927657421	0
Solyc10g006880.3	0.40575904278882935	0
Solyc01g008690.3	0.4057923911975102	0
Solyc01g006590.3	0.406089915286834	0
Solyc12g162410.1	0.4060969171499167	0
Solyc02g068615.1	0.4061273446669351	0
Solyc02g062815.1	0.406495225685672	0
Solyc11g007490.1	0.40664391639034114	0
Solyc01g010770.4	0.40667426207956225	0
Solyc03g013335.1	0.40673887708916234	0
Solyc06g064537.1	0.40680907694922785	0
Solyc02g061730.3	0.4068723341665422	0
Solyc03g118760.5	0.40688655496789183	0
Solyc01g097620.2	0.406935571670608	0
Solyc08g005500.4	0.4071289037536816	0
Solyc06g036410.1	0.40715917700363125	0
Solyc01g060460.2	0.4071894457353593	0
Solyc11g020990.3	0.4072197099499497	0
Solyc05g008910.3	0.40724996964848637	0
Solyc04g010030.1	0.4073709633037581	0
Solyc04g082910.1	0.40749188478878207	0
Solyc03g045030.2	0.40749188478878207	0
Solyc09g007030.3	0.40755231848907836	0
Solyc07g008520.3	0.40758252858245414	0
Solyc07g054610.3	0.4076429352610592	0
Solyc07g055550.2	0.4076429352610592	0
Solyc09g091220.3	0.4076429352610592	0
Solyc09g075930.2	0.4076429352610592	0
Solyc01g049840.1	0.4076731318484468	0
Solyc09g009560.2	0.4076731318484468	0
Solyc11g040270.1	0.4076731318484468	0
Solyc12g099870.3	0.4076731318484468	0
Solyc04g008130.4	0.40770332393599584	0
Solyc06g075210.5	0.40770332393599584	0
Solyc09g073040.3	0.40770332393599584	0
Solyc11g006310.2	0.40770332393599584	0
Solyc11g069920.1	0.40770332393599584	0
Solyc02g067200.4	0.4077335115247849	0
Solyc01g106250.4	0.4077335115247849	0
Solyc03g005980.3	0.4077335115247849	0
Solyc04g080650.4	0.4077335115247849	0
Solyc12g099840.1	0.4077335115247849	0
Solyc09g089700.4	0.4077335115247849	0
Solyc10g078230.3	0.4077335115247849	0
Solyc01g044270.3	0.4077636946158917	0
Solyc04g077380.2	0.4077636946158917	0
Solyc07g061730.3	0.4077636946158917	0
Solyc06g064600.1	0.4077636946158917	0
Solyc09g005880.1	0.4077636946158917	0
Solyc06g053420.4	0.4077636946158917	0
Solyc00g500279.1	0.40779387321039406	0
Solyc01g091000.4	0.40779387321039406	0
Solyc02g068000.2	0.40779387321039406	0
Solyc02g077320.4	0.40779387321039406	0
Solyc01g094860.4	0.40779387321039406	0
Solyc00g500067.1	0.40779387321039406	0
Solyc02g070280.3	0.40779387321039406	0
Solyc01g073950.5	0.40779387321039406	0
Solyc00g500152.1	0.40779387321039406	0
Solyc01g106420.3	0.40779387321039406	0
Solyc01g111970.5	0.40779387321039406	0
Solyc04g050240.3	0.40779387321039406	0
Solyc03g063680.3	0.40779387321039406	0
Solyc03g112830.4	0.40779387321039406	0
Solyc04g007330.4	0.40779387321039406	0
Solyc03g117540.4	0.40779387321039406	0
Solyc04g074160.3	0.40779387321039406	0
Solyc04g079910.5	0.40779387321039406	0
Solyc05g007770.3	0.40779387321039406	0
Solyc06g011530.3	0.40779387321039406	0
Solyc06g076600.2	0.40779387321039406	0
Solyc05g026490.3	0.40779387321039406	0
Solyc03g114690.4	0.40779387321039406	0
Solyc06g066010.3	0.40779387321039406	0
Solyc03g119260.4	0.40779387321039406	0
Solyc07g040890.1	0.40779387321039406	0
Solyc08g066010.2	0.40779387321039406	0
Solyc07g062720.3	0.40779387321039406	0
Solyc07g007340.3	0.40779387321039406	0
Solyc08g076810.4	0.40779387321039406	0
Solyc08g067730.2	0.40779387321039406	0
Solyc06g075500.4	0.40779387321039406	0
Solyc08g077440.3	0.40779387321039406	0
Solyc07g055000.2	0.40779387321039406	0
Solyc08g069160.3	0.40779387321039406	0
Solyc09g057910.3	0.40779387321039406	0
Solyc09g014250.3	0.40779387321039406	0
Solyc11g071560.2	0.40779387321039406	0
Solyc10g055597.1	0.40779387321039406	0
Solyc10g005640.4	0.40779387321039406	0
Solyc12g088500.2	0.40779387321039406	0
Solyc09g083270.4	0.40779387321039406	0
Solyc11g020770.3	0.40779387321039406	0
Solyc12g056420.2	0.40779387321039406	0
Solyc10g081870.3	0.40779387321039406	0
Solyc12g042210.2	0.40779387321039406	0
Solyc03g063700.1	0.40856486762962674	0
Solyc03g119880.3	0.4109669362169812	0
Solyc11g065550.1	0.41099993764623055	0
Solyc07g055490.4	0.41101972676723386	0
Solyc11g064960.2	0.4112073296687243	0
Solyc10g017990.2	0.4113109015302505	0
Solyc01g107540.5	0.4114279232917596	0
Solyc06g050690.3	0.41393245029198633	0
Solyc01g150114.2	0.4141027353326271	0
Solyc06g074770.4	0.4141545939510809	0
Solyc02g070090.1	0.4143522248743736	0
Solyc07g009520.2	0.4144972393520221	0
Solyc10g079900.3	0.4146297947787432	0
Solyc05g055900.3	0.41480028511069766	0
Solyc09g061796.1	0.41486167087490855	0
Solyc01g107440.2	0.4148888826345719	0
Solyc06g008950.2	0.4148888826345719	0
Solyc10g074850.3	0.4149212450094868	0
Solyc08g075260.1	0.41495371417378624	0
Solyc01g100090.1	0.41530524058792917	0
Solyc07g062670.1	0.41530524058792917	0
Solyc11g065010.1	0.41530524058792917	0
Solyc01g068320.3	0.4158718209545883	0
Solyc04g070995.1	0.41721077525584327	0
Solyc10g083750.3	0.41739266406956965	0
Solyc08g036610.3	0.4174229627029312	0
Solyc02g005510.4	0.4176041384295654	0
Solyc02g093520.3	0.4176041384295654	0
Solyc01g103010.4	0.4176041384295654	0
Solyc02g071700.3	0.4176041384295654	0
Solyc01g060410.4	0.4176041384295654	0
Solyc01g008840.3	0.4176041384295654	0
Solyc01g065540.3	0.4176041384295654	0
Solyc02g080500.3	0.4176041384295654	0
Solyc02g043950.1	0.4176041384295654	0
Solyc01g103410.3	0.4176041384295654	0
Solyc02g085130.4	0.4176041384295654	0
Solyc02g080630.4	0.4176041384295654	0
Solyc01g103450.3	0.4176041384295654	0
Solyc02g067570.3	0.4176041384295654	0
Solyc01g009170.4	0.4176041384295654	0
Solyc02g094120.3	0.4176041384295654	0
Solyc01g009245.1	0.4176041384295654	0
Solyc02g072320.1	0.4176041384295654	0
Solyc01g150156.1	0.4176041384295654	0
Solyc01g080940.3	0.4176041384295654	0
Solyc02g089970.3	0.4176041384295654	0
Solyc02g090010.3	0.4176041384295654	0
Solyc01g103930.3	0.4176041384295654	0
Solyc02g094470.3	0.4176041384295654	0
Solyc01g009447.1	0.4176041384295654	0
Solyc02g085710.4	0.4176041384295654	0
Solyc01g066690.3	0.4176041384295654	0
Solyc01g066760.2	0.4176041384295654	0
Solyc03g007260.3	0.4176041384295654	0
Solyc01g028810.3	0.4176041384295654	0
Solyc01g066880.3	0.4176041384295654	0
Solyc01g160360.1	0.4176041384295654	0
Solyc01g098560.3	0.4176041384295654	0
Solyc01g098600.3	0.4176041384295654	0
Solyc02g081590.3	0.4176041384295654	0
Solyc02g086100.4	0.4176041384295654	0
Solyc01g104560.3	0.4176041384295654	0
Solyc01g094150.3	0.4176041384295654	0
Solyc01g098880.3	0.4176041384295654	0
Solyc02g021620.3	0.4176041384295654	0
Solyc02g090890.4	0.4176041384295654	0
Solyc01g010480.3	0.4176041384295654	0
Solyc01g098990.5	0.4176041384295654	0
Solyc03g007860.1	0.4176041384295654	0
Solyc02g062490.4	0.4176041384295654	0
Solyc02g091000.5	0.4176041384295654	0
Solyc02g062570.4	0.4176041384295654	0
Solyc02g086550.3	0.4176041384295654	0
Solyc01g010650.3	0.4176041384295654	0
Solyc02g062740.3	0.4176041384295654	0
Solyc01g087270.3	0.4176041384295654	0
Solyc00g500047.1	0.4176041384295654	0
Solyc01g099770.3	0.4176041384295654	0
Solyc01g109790.3	0.4176041384295654	0
Solyc02g077920.4	0.4176041384295654	0
Solyc01g095070.5	0.4176041384295654	0
Solyc02g087110.3	0.4176041384295654	0
Solyc03g019780.4	0.4176041384295654	0
Solyc01g011510.4	0.4176041384295654	0
Solyc01g109960.3	0.4176041384295654	0
Solyc02g091700.3	0.4176041384295654	0
Solyc01g105720.2	0.4176041384295654	0
Solyc01g006300.3	0.4176041384295654	0
Solyc02g082970.1	0.4176041384295654	0
Solyc01g068620.4	0.4176041384295654	0
Solyc01g006480.3	0.4176041384295654	0
Solyc01g073770.2	0.4176041384295654	0
Solyc03g025420.3	0.4176041384295654	0
Solyc01g100750.2	0.4176041384295654	0
Solyc01g110970.4	0.4176041384295654	0
Solyc01g096260.5	0.4176041384295654	0
Solyc03g005350.3	0.4176041384295654	0
Solyc02g065530.5	0.4176041384295654	0
Solyc01g096370.4	0.4176041384295654	0
Solyc01g088720.3	0.4176041384295654	0
Solyc02g079250.4	0.4176041384295654	0
Solyc01g007010.2	0.4176041384295654	0
Solyc02g083700.4	0.4176041384295654	0
Solyc02g079430.4	0.4176041384295654	0
Solyc01g111600.3	0.4176041384295654	0
Solyc02g066810.2	0.4176041384295654	0
Solyc02g071060.3	0.4176041384295654	0
Solyc02g088560.4	0.4176041384295654	0
Solyc03g026230.1	0.4176041384295654	0
Solyc03g098280.4	0.4176041384295654	0
Solyc03g026280.3	0.4176041384295654	0
Solyc02g066930.3	0.4176041384295654	0
Solyc02g071250.3	0.4176041384295654	0
Solyc01g107160.3	0.4176041384295654	0
Solyc02g093130.3	0.4176041384295654	0
Solyc01g008060.3	0.4176041384295654	0
Solyc02g071410.3	0.4176041384295654	0
Solyc03g098590.3	0.4176041384295654	0
Solyc02g093290.3	0.4176041384295654	0
Solyc04g008790.1	0.4176041384295654	0
Solyc01g090450.3	0.4176041384295654	0
Solyc01g008160.4	0.4176041384295654	0
Solyc04g008860.5	0.4176041384295654	0
Solyc02g084420.3	0.4176041384295654	0
Solyc04g008900.4	0.4176041384295654	0
Solyc04g016530.3	0.4176041384295654	0
Solyc01g008250.3	0.4176041384295654	0
Solyc04g077190.4	0.4176041384295654	0
Solyc02g093450.3	0.4176041384295654	0
Solyc03g033480.4	0.4176041384295654	0
Solyc01g112180.4	0.4176041384295654	0
Solyc03g111100.1	0.4176041384295654	0
Solyc04g082070.4	0.4176041384295654	0
Solyc05g005180.3	0.4176041384295654	0
Solyc03g120040.3	0.4176041384295654	0
Solyc03g115540.2	0.4176041384295654	0
Solyc05g005200.3	0.4176041384295654	0
Solyc05g009850.4	0.4176041384295654	0
Solyc04g082390.3	0.4176041384295654	0
Solyc03g064030.3	0.4176041384295654	0
Solyc03g111600.5	0.4176041384295654	0
Solyc04g082430.3	0.4176041384295654	0
Solyc05g010070.3	0.4176041384295654	0
Solyc04g082570.3	0.4176041384295654	0
Solyc05g015910.1	0.4176041384295654	0
Solyc03g120630.5	0.4176041384295654	0
Solyc03g116320.3	0.4176041384295654	0
Solyc04g010040.3	0.4176041384295654	0
Solyc05g016330.3	0.4176041384295654	0
Solyc03g116350.3	0.4176041384295654	0
Solyc05g016410.3	0.4176041384295654	0
Solyc04g005340.2	0.4176041384295654	0
Solyc03g120740.1	0.4176041384295654	0
Solyc04g053030.1	0.4176041384295654	0
Solyc04g078520.3	0.4176041384295654	0
Solyc04g072033.1	0.4176041384295654	0
Solyc03g112080.1	0.4176041384295654	0
Solyc03g095300.5	0.4176041384295654	0
Solyc03g116550.4	0.4176041384295654	0
Solyc04g072160.3	0.4176041384295654	0
Solyc04g150111.1	0.4176041384295654	0
Solyc04g011430.3	0.4176041384295654	0
Solyc03g120990.3	0.4176041384295654	0
Solyc05g017940.3	0.4176041384295654	0
Solyc04g078850.4	0.4176041384295654	0
Solyc04g078890.5	0.4176041384295654	0
Solyc05g046030.5	0.4176041384295654	0
Solyc04g072460.3	0.4176041384295654	0
Solyc03g044630.2	0.4176041384295654	0
Solyc04g026350.3	0.4176041384295654	0
Solyc03g112620.4	0.4176041384295654	0
Solyc03g096080.4	0.4176041384295654	0
Solyc03g121400.1	0.4176041384295654	0
Solyc05g012510.3	0.4176041384295654	0
Solyc03g117180.3	0.4176041384295654	0
Solyc03g112990.1	0.4176041384295654	0
Solyc04g007270.3	0.4176041384295654	0
Solyc03g117310.1	0.4176041384295654	0
Solyc03g080110.3	0.4176041384295654	0
Solyc04g007420.4	0.4176041384295654	0
Solyc05g012800.1	0.4176041384295654	0
Solyc04g079560.3	0.4176041384295654	0
Solyc04g014270.3	0.4176041384295654	0
Solyc03g113210.3	0.4176041384295654	0
Solyc03g121800.4	0.4176041384295654	0
Solyc03g096800.4	0.4176041384295654	0
Solyc04g074130.3	0.4176041384295654	0
Solyc03g113300.5	0.4176041384295654	0
Solyc05g054150.3	0.4176041384295654	0
Solyc04g055180.3	0.4176041384295654	0
Solyc03g082400.3	0.4176041384295654	0
Solyc04g074350.3	0.4176041384295654	0
Solyc03g113660.5	0.4176041384295654	0
Solyc04g080100.3	0.4176041384295654	0
Solyc05g023995.1	0.4176041384295654	0
Solyc06g005140.3	0.4176041384295654	0
Solyc04g080180.1	0.4176041384295654	0
Solyc04g008280.2	0.4176041384295654	0
Solyc05g054810.5	0.4176041384295654	0
Solyc05g013540.1	0.4176041384295654	0
Solyc04g080310.1	0.4176041384295654	0
Solyc03g118170.3	0.4176041384295654	0
Solyc04g015500.3	0.4176041384295654	0
Solyc03g118340.3	0.4176041384295654	0
Solyc03g123870.3	0.4176041384295654	0
Solyc06g005650.2	0.4176041384295654	0
Solyc04g008710.4	0.4176041384295654	0
Solyc05g051000.3	0.4176041384295654	0
Solyc03g118480.4	0.4176041384295654	0
Solyc03g098020.4	0.4176041384295654	0
Solyc06g005940.3	0.4176041384295654	0
Solyc06g072030.1	0.4176041384295654	0
Solyc06g018110.3	0.4176041384295654	0
Solyc05g055440.1	0.4176041384295654	0
Solyc04g076610.3	0.4176041384295654	0
Solyc03g114590.3	0.4176041384295654	0
Solyc06g065840.3	0.4176041384295654	0
Solyc06g054330.3	0.4176041384295654	0
Solyc07g039210.4	0.4176041384295654	0
Solyc07g056230.3	0.4176041384295654	0
Solyc07g049610.1	0.4176041384295654	0
Solyc07g039347.1	0.4176041384295654	0
Solyc05g056000.3	0.4176041384295654	0
Solyc06g072570.5	0.4176041384295654	0
Solyc06g034110.3	0.4176041384295654	0
Solyc07g005450.3	0.4176041384295654	0
Solyc06g082190.3	0.4176041384295654	0
Solyc08g079170.3	0.4176041384295654	0
Solyc06g059980.3	0.4176041384295654	0
Solyc08g074760.3	0.4176041384295654	0
Solyc08g062970.1	0.4176041384295654	0
Solyc05g009370.4	0.4176041384295654	0
Solyc06g060380.3	0.4176041384295654	0
Solyc09g015040.1	0.4176041384295654	0
Solyc08g075120.3	0.4176041384295654	0
Solyc06g082793.1	0.4176041384295654	0
Solyc08g079760.5	0.4176041384295654	0
Solyc06g067950.3	0.4176041384295654	0
Solyc06g060740.3	0.4176041384295654	0
Solyc06g048930.5	0.4176041384295654	0
Solyc06g060830.3	0.4176041384295654	0
Solyc08g006760.4	0.4176041384295654	0
Solyc06g049020.1	0.4176041384295654	0
Solyc08g075470.3	0.4176041384295654	0
Solyc07g042230.1	0.4176041384295654	0
Solyc07g042315.1	0.4176041384295654	0
Solyc06g068490.3	0.4176041384295654	0
Solyc06g083390.4	0.4176041384295654	0
Solyc07g062480.2	0.4176041384295654	0
Solyc07g006830.4	0.4176041384295654	0
Solyc07g062547.1	0.4176041384295654	0
Solyc07g062590.4	0.4176041384295654	0
Solyc09g018440.2	0.4176041384295654	0
Solyc06g050720.3	0.4176041384295654	0
Solyc07g007020.3	0.4176041384295654	0
Solyc06g050760.1	0.4176041384295654	0
Solyc07g007180.4	0.4176041384295654	0
Solyc06g062780.4	0.4176041384295654	0
Solyc09g020010.2	0.4176041384295654	0
Solyc07g062920.4	0.4176041384295654	0
Solyc07g007330.1	0.4176041384295654	0
Solyc07g063070.1	0.4176041384295654	0
Solyc08g067060.2	0.4176041384295654	0
Solyc09g061960.3	0.4176041384295654	0
Solyc09g009920.1	0.4176041384295654	0
Solyc09g063030.4	0.4176041384295654	0
Solyc06g063180.4	0.4176041384295654	0
Solyc06g063190.3	0.4176041384295654	0
Solyc06g075080.4	0.4176041384295654	0
Solyc07g007950.1	0.4176041384295654	0
Solyc06g084820.2	0.4176041384295654	0
Solyc09g010360.3	0.4176041384295654	0
Solyc08g008270.5	0.4176041384295654	0
Solyc06g064570.3	0.4176041384295654	0
Solyc09g005750.3	0.4176041384295654	0
Solyc08g077250.4	0.4176041384295654	0
Solyc08g008370.3	0.4176041384295654	0
Solyc08g077360.3	0.4176041384295654	0
Solyc09g064870.3	0.4176041384295654	0
Solyc08g008610.3	0.4176041384295654	0
Solyc06g053380.3	0.4176041384295654	0
Solyc09g065120.4	0.4176041384295654	0
Solyc07g045470.3	0.4176041384295654	0
Solyc09g007350.3	0.4176041384295654	0
Solyc06g065480.4	0.4176041384295654	0
Solyc06g076240.1	0.4176041384295654	0
Solyc07g047700.4	0.4176041384295654	0
Solyc08g061980.4	0.4176041384295654	0
Solyc08g068590.4	0.4176041384295654	0
Solyc09g007550.3	0.4176041384295654	0
Solyc10g008070.4	0.4176041384295654	0
Solyc09g065660.4	0.4176041384295654	0
Solyc08g062360.3	0.4176041384295654	0
Solyc07g009170.5	0.4176041384295654	0
Solyc09g090670.3	0.4176041384295654	0
Solyc09g090700.1	0.4176041384295654	0
Solyc07g064900.3	0.4176041384295654	0
Solyc09g074320.3	0.4176041384295654	0
Solyc08g069130.1	0.4176041384295654	0
Solyc10g052880.1	0.4176041384295654	0
Solyc09g057650.3	0.4176041384295654	0
Solyc09g090980.3	0.4176041384295654	0
Solyc09g091060.3	0.4176041384295654	0
Solyc09g066430.3	0.4176041384295654	0
Solyc11g065000.2	0.4176041384295654	0
Solyc10g054320.2	0.4176041384295654	0
Solyc09g014440.4	0.4176041384295654	0
Solyc10g009110.1	0.4176041384295654	0
Solyc10g009180.3	0.4176041384295654	0
Solyc12g010330.2	0.4176041384295654	0
Solyc09g075230.1	0.4176041384295654	0
Solyc09g014610.4	0.4176041384295654	0
Solyc09g075280.2	0.4176041384295654	0
Solyc11g071930.2	0.4176041384295654	0
Solyc08g016670.3	0.4176041384295654	0
Solyc10g054840.2	0.4176041384295654	0
Solyc09g091790.3	0.4176041384295654	0
Solyc12g087970.2	0.4176041384295654	0
Solyc12g021327.1	0.4176041384295654	0
Solyc09g014900.3	0.4176041384295654	0
Solyc09g091920.3	0.4176041384295654	0
Solyc11g008260.2	0.4176041384295654	0
Solyc11g072320.3	0.4176041384295654	0
Solyc11g072340.2	0.4176041384295654	0
Solyc12g044280.2	0.4176041384295654	0
Solyc12g044400.3	0.4176041384295654	0
Solyc12g099340.3	0.4176041384295654	0
Solyc12g005620.1	0.4176041384295654	0
Solyc11g008480.2	0.4176041384295654	0
Solyc11g066120.3	0.4176041384295654	0
Solyc10g011980.3	0.4176041384295654	0
Solyc11g008570.2	0.4176041384295654	0
Solyc12g099530.3	0.4176041384295654	0
Solyc12g088520.2	0.4176041384295654	0
Solyc10g005770.4	0.4176041384295654	0
Solyc12g088680.2	0.4176041384295654	0
Solyc11g018560.2	0.4176041384295654	0
Solyc12g099820.1	0.4176041384295654	0
Solyc11g066480.2	0.4176041384295654	0
Solyc11g018750.2	0.4176041384295654	0
Solyc10g006140.3	0.4176041384295654	0
Solyc11g066660.3	0.4176041384295654	0
Solyc11g066670.1	0.4176041384295654	0
Solyc10g074440.2	0.4176041384295654	0
Solyc11g009090.2	0.4176041384295654	0
Solyc12g006250.3	0.4176041384295654	0
Solyc10g080540.2	0.4176041384295654	0
Solyc10g080570.2	0.4176041384295654	0
Solyc11g005620.1	0.4176041384295654	0
Solyc12g100240.1	0.4176041384295654	0
Solyc10g086240.2	0.4176041384295654	0
Solyc12g013960.3	0.4176041384295654	0
Solyc10g086350.2	0.4176041384295654	0
Solyc12g049580.2	0.4176041384295654	0
Solyc09g083000.3	0.4176041384295654	0
Solyc11g010720.1	0.4176041384295654	0
Solyc11g150127.1	0.4176041384295654	0
Solyc09g083030.1	0.4176041384295654	0
Solyc10g006730.1	0.4176041384295654	0
Solyc12g014420.2	0.4176041384295654	0
Solyc10g086690.3	0.4176041384295654	0
Solyc10g081280.2	0.4176041384295654	0
Solyc11g068620.2	0.4176041384295654	0
Solyc12g015830.1	0.4176041384295654	0
Solyc11g006620.3	0.4176041384295654	0
Solyc11g068870.2	0.4176041384295654	0
Solyc11g007020.2	0.4176041384295654	0
Solyc10g037950.2	0.4176041384295654	0
Solyc11g011970.2	0.4176041384295654	0
Solyc10g038120.3	0.4176041384295654	0
Solyc11g069300.2	0.4176041384295654	0
Solyc11g007390.1	0.4176041384295654	0
Solyc10g052500.2	0.4176041384295654	0
Solyc12g009250.4	0.4176041384295654	0
Solyc12g019110.3	0.4176041384295654	0
Solyc12g009340.2	0.4176041384295654	0
Solyc11g012580.2	0.4176041384295654	0
Solyc12g009830.2	0.4176041384295654	0
Solyc11g012860.3	0.4176041384295654	0
Solyc12g098720.3	0.4176041384295654	0
Solyc12g098890.2	0.4176041384295654	0
Solyc01g020347.1	0.41814874751124786	0
Solyc10g055550.4	0.4181709140081472	0
Solyc02g090790.1	0.4181789310677797	0
Solyc04g074925.1	0.41820911003592076	0
Solyc02g014040.1	0.4182134714604695	0
Solyc04g078080.1	0.4182134714604695	0
Solyc04g011780.1	0.4182134714604695	0
Solyc07g056090.1	0.4182560197911529	0
Solyc09g059245.1	0.4182560197911529	0
Solyc12g056750.3	0.4182560197911529	0
Solyc04g049795.1	0.41825856805033634	0
Solyc11g005980.3	0.4187214515602612	0
Solyc12g161280.1	0.41922950778430546	0
Solyc01g059950.1	0.4192925064930977	0
Solyc05g010650.3	0.4193525219196528	0
Solyc08g008260.2	0.4193650722748422	0
Solyc04g005440.1	0.41941251916722244	0
Solyc04g015700.1	0.4196523265454146	0
Solyc06g053250.2	0.4196523265454146	0
Solyc12g162370.1	0.4196523265454146	0
Solyc03g112260.2	0.4197693270044589	0
Solyc07g052270.3	0.419770376721608	0
Solyc07g055580.3	0.4197721213915333	0
Solyc12g088010.2	0.41980205877725874	0
Solyc12g044890.2	0.41980205877725874	0
Solyc11g011585.1	0.41980205877725874	0
Solyc07g042790.3	0.41981535936761816	0
Solyc07g043640.3	0.4198173583590389	0
Solyc10g076940.3	0.4198319916348765	0
Solyc04g007630.2	0.4198603317911259	0
Solyc08g080453.2	0.4198603317911259	0
Solyc10g006275.1	0.4198603317911259	0
Solyc12g014417.2	0.4198603317911259	0
Solyc05g045670.4	0.4198619199654926	0
Solyc04g011680.3	0.4198619199654926	0
Solyc07g016050.4	0.4198619199654926	0
Solyc02g068260.3	0.4198918437702134	0
Solyc02g078260.3	0.4198918437702134	0
Solyc02g092290.4	0.4198918437702134	0
Solyc05g050020.3	0.4198918437702134	0
Solyc07g065910.1	0.4198918437702134	0
Solyc10g017490.3	0.4198918437702134	0
Solyc12g055750.3	0.4198918437702134	0
Solyc10g039210.5	0.4198918437702134	0
Solyc02g160250.1	0.41990529399588383	0
Solyc10g053980.2	0.41990529399588383	0
Solyc01g065500.3	0.41992176305014417	0
Solyc02g076880.4	0.41992176305014417	0
Solyc01g068140.5	0.41992176305014417	0
Solyc02g082610.1	0.41992176305014417	0
Solyc03g020010.1	0.41992176305014417	0
Solyc01g100980.4	0.41992176305014417	0
Solyc02g092610.3	0.41992176305014417	0
Solyc03g119470.2	0.41992176305014417	0
Solyc01g112080.3	0.41992176305014417	0
Solyc05g052610.3	0.41992176305014417	0
Solyc03g120910.4	0.41992176305014417	0
Solyc06g035920.3	0.41992176305014417	0
Solyc06g069040.4	0.41992176305014417	0
Solyc07g007920.3	0.41992176305014417	0
Solyc09g090840.3	0.41992176305014417	0
Solyc08g078790.1	0.41992176305014417	0
Solyc11g071770.1	0.41992176305014417	0
Solyc10g050540.2	0.41992176305014417	0
Solyc11g069330.1	0.41992176305014417	0
Solyc11g012940.2	0.41992176305014417	0
Solyc12g161410.1	0.42000936727313387	0
Solyc06g069650.4	0.42056806293464233	0
Solyc03g098400.2	0.4206623995059081	0
Solyc04g054450.1	0.42074042737067596	0
Solyc00g160390.1	0.42085093761438686	0
Solyc00g500218.1	0.4209159479363278	0
Solyc07g054410.1	0.4210392959087069	0
Solyc02g005490.3	0.42116476834497607	0
Solyc06g050870.3	0.42116476834497607	0
Solyc03g078105.1	0.4212314923100928	0
Solyc07g016095.1	0.4213015448299675	0
Solyc09g150134.1	0.4213015448299675	0
Solyc07g005980.2	0.4233166900439176	0
Solyc09g055860.1	0.42359564858872645	0
Solyc06g072420.3	0.4237271459213948	0
Solyc02g077010.1	0.4244069759427124	0
Solyc03g119850.2	0.424923006424219	0
Solyc05g025625.1	0.42542002046934857	0
Solyc05g055930.3	0.42542002046934857	0
Solyc07g160180.1	0.42542002046934857	0
Solyc07g161770.1	0.42542002046934857	0
Solyc11g005675.1	0.42542002046934857	0
Solyc11g021233.1	0.42542002046934857	0
Solyc02g161540.1	0.4256293160047766	0
Solyc10g006380.4	0.4256293160047766	0
Solyc06g065960.1	0.4256599673822792	0
Solyc08g041740.1	0.4256599673822792	0
Solyc09g075050.3	0.4256599673822792	0
Solyc01g008240.4	0.4270645865824131	0
Solyc11g028167.2	0.4271665792627558	0
Solyc02g014240.2	0.4272005649771613	0
Solyc02g087970.1	0.4272005649771613	0
Solyc07g160020.1	0.4272005649771613	0
Solyc12g160700.1	0.4272005649771613	0
Solyc07g054650.1	0.4276119095349381	0
Solyc01g057430.3	0.4276439602546622	0
Solyc05g045957.1	0.4279939568095906	0
Solyc04g018140.1	0.42867088371297324	0
Solyc12g005520.1	0.4287010609431052	0
Solyc02g062860.3	0.42946069519318886	0
Solyc06g007390.5	0.42958120939664346	0
Solyc04g011820.1	0.4297543231129699	0
Solyc09g150129.1	0.42978433255224213	0
Solyc08g007650.1	0.43017403351263905	0
Solyc08g077330.3	0.43050316998459404	0
Solyc06g005110.3	0.430622717549367	0
Solyc03g005860.4	0.43065259292051916	0
Solyc10g086300.1	0.4308856976664368	0
Solyc11g072960.1	0.4310405540442013	0
Solyc01g091865.1	0.43108520748661294	0
Solyc06g082790.1	0.43108520748661294	0
Solyc10g011720.1	0.43108520748661294	0
Solyc09g150125.2	0.43108520748661294	0
Solyc08g068660.1	0.43115977049407184	0
Solyc01g007970.3	0.4315764506877856	0
Solyc03g097090.5	0.4316953375072309	0
Solyc09g098608.1	0.4316953375072309	0
Solyc04g024730.1	0.43184384331278525	0
Solyc06g070950.2	0.43187353078943336	0
Solyc09g061465.1	0.4319032137072445	0
Solyc04g014645.1	0.4319328920673543	0
Solyc03g006458.1	0.4319625658708972	0
Solyc01g110686.1	0.4319625658708972	0
Solyc01g079960.2	0.4320335222879318	0
Solyc08g075140.1	0.4320812155420872	0
Solyc07g005170.3	0.43211086657980713	0
Solyc06g069550.1	0.43211086657980713	0
Solyc04g050860.4	0.4321405130677616	0
Solyc11g007230.1	0.4321405130677616	0
Solyc00g500379.1	0.43216606589976636	0
Solyc02g093500.4	0.432170155007083	0
Solyc01g016414.1	0.432170155007083	0
Solyc04g052990.1	0.432170155007083	0
Solyc06g068810.4	0.432170155007083	0
Solyc12g036850.2	0.432170155007083	0
Solyc01g087095.2	0.43219979239890327	0
Solyc03g046250.1	0.43219979239890327	0
Solyc07g062230.5	0.43219979239890327	0
Solyc08g081520.1	0.43219979239890327	0
Solyc02g089430.1	0.4322294252443537	0
Solyc01g104050.4	0.4322294252443537	0
Solyc06g007730.1	0.4322294252443537	0
Solyc03g116470.2	0.4322294252443537	0
Solyc03g112120.3	0.4322294252443537	0
Solyc07g052770.2	0.4322294252443537	0
Solyc07g160260.1	0.4322294252443537	0
Solyc07g042720.1	0.4322294252443537	0
Solyc08g007350.2	0.4322294252443537	0
Solyc08g005280.2	0.4322294252443537	0
Solyc09g074840.4	0.4322294252443537	0
Solyc12g005360.3	0.4322294252443537	0
Solyc11g072380.2	0.4322294252443537	0
Solyc10g085500.2	0.4322294252443537	0
Solyc10g080430.1	0.4322294252443537	0
Solyc11g019960.3	0.4322294252443537	0
Solyc12g094460.2	0.4322294252443537	0
Solyc12g096810.2	0.4322294252443537	0
Solyc01g108740.3	0.4322323036213931	0
Solyc01g090860.3	0.4322590535445656	0
Solyc01g097610.4	0.4322590535445656	0
Solyc01g080490.2	0.4322590535445656	0
Solyc01g108110.4	0.4322590535445656	0
Solyc02g085630.3	0.4322590535445656	0
Solyc02g068510.2	0.4322590535445656	0
Solyc01g094120.3	0.4322590535445656	0
Solyc02g068910.3	0.4322590535445656	0
Solyc00g500020.1	0.4322590535445656	0
Solyc02g082190.3	0.4322590535445656	0
Solyc01g010910.2	0.4322590535445656	0
Solyc01g109610.5	0.4322590535445656	0
Solyc02g086760.1	0.4322590535445656	0
Solyc01g088410.3	0.4322590535445656	0
Solyc03g026060.3	0.4322590535445656	0
Solyc01g106880.3	0.4322590535445656	0
Solyc05g052230.1	0.4322590535445656	0
Solyc04g024840.3	0.4322590535445656	0
Solyc04g005380.3	0.4322590535445656	0
Solyc06g008360.3	0.4322590535445656	0
Solyc04g054170.5	0.4322590535445656	0
Solyc03g112970.1	0.4322590535445656	0
Solyc03g117340.1	0.4322590535445656	0
Solyc04g014290.1	0.4322590535445656	0
Solyc03g046590.3	0.4322590535445656	0
Solyc03g123430.4	0.4322590535445656	0
Solyc03g082870.4	0.4322590535445656	0
Solyc06g005290.3	0.4322590535445656	0
Solyc04g058060.3	0.4322590535445656	0
Solyc03g123860.4	0.4322590535445656	0
Solyc03g114705.1	0.4322590535445656	0
Solyc06g072480.1	0.4322590535445656	0
Solyc09g005090.1	0.4322590535445656	0
Solyc06g074730.5	0.4322590535445656	0
Solyc09g005470.3	0.4322590535445656	0
Solyc09g064540.3	0.4322590535445656	0
Solyc09g011040.1	0.4322590535445656	0
Solyc08g078000.3	0.4322590535445656	0
Solyc09g065650.3	0.4322590535445656	0
Solyc08g068810.3	0.4322590535445656	0
Solyc10g084040.2	0.4322590535445656	0
Solyc10g055650.2	0.4322590535445656	0
Solyc09g092440.1	0.4322590535445656	0
Solyc10g086620.2	0.4322590535445656	0
Solyc11g006030.1	0.4322590535445656	0
Solyc09g098610.2	0.4322590535445656	0
Solyc09g150103.1	0.4322590535445656	0
Solyc09g150117.1	0.4322590535445656	0
Solyc11g006960.2	0.4322590535445656	0
Solyc10g076930.2	0.4322590535445656	0
Solyc00g025400.2	0.4322985186370051	0
Solyc08g065700.3	0.4322985186370051	0
Solyc03g113260.1	0.4323316176340005	0
Solyc10g078460.2	0.4324437194286781	0
Solyc08g074250.3	0.4335206245224572	0
Solyc02g160050.1	0.43360848093848525	0
Solyc00g142160.1	0.4337948504450002	0
Solyc01g067350.4	0.4337948504450002	0
Solyc02g082520.3	0.4339272018517717	0
Solyc09g009160.3	0.4339641208960684	0
Solyc04g161870.1	0.43465663563254076	0
Solyc07g007520.1	0.43483519771094425	0
Solyc06g064680.1	0.43496854921571426	0
Solyc03g112740.2	0.43562323254662905	0
Solyc08g150105.1	0.43562323254662905	0
Solyc08g067750.1	0.4362320163843162	0
Solyc02g091050.3	0.43658676243657435	0
Solyc02g160370.1	0.43803218151105516	0
Solyc11g150139.1	0.43955916856528454	0
Solyc03g044890.1	0.43975535641719266	0
Solyc11g039655.1	0.439815536611066	0
Solyc10g005550.3	0.4403912828264527	0
Solyc02g087820.1	0.4404249068015055	0
Solyc07g065150.1	0.4404585248297632	0
Solyc10g007430.3	0.44049586817355235	0
Solyc09g059380.1	0.44052574305273295	0
Solyc08g036535.1	0.44055928839823744	0
Solyc11g040105.2	0.44055928839823744	0
Solyc08g080490.3	0.44059099057538276	0
Solyc05g016710.3	0.44062268746430966	0
Solyc02g044050.1	0.4406261111945293	0
Solyc12g062840.1	0.44113470495654294	0
Solyc08g075110.3	0.4416700112045032	0
Solyc02g150116.1	0.4417054640996484	0
Solyc05g007630.3	0.4420586459712762	0
Solyc01g107730.3	0.4421375588358511	0
Solyc01g102960.3	0.4421375588358511	0
Solyc02g084770.3	0.4421375588358511	0
Solyc01g090800.3	0.4421375588358511	0
Solyc02g038816.1	0.4421375588358511	0
Solyc02g071860.4	0.4421375588358511	0
Solyc01g017600.4	0.4421375588358511	0
Solyc01g008900.4	0.4421375588358511	0
Solyc02g080520.4	0.4421375588358511	0
Solyc02g072130.3	0.4421375588358511	0
Solyc01g009090.3	0.4421375588358511	0
Solyc01g009145.2	0.4421375588358511	0
Solyc02g089700.4	0.4421375588358511	0
Solyc02g089750.4	0.4421375588358511	0
Solyc00g094520.1	0.4421375588358511	0
Solyc01g080810.3	0.4421375588358511	0
Solyc01g020320.3	0.4421375588358511	0
Solyc01g080990.3	0.4421375588358511	0
Solyc01g091480.5	0.4421375588358511	0
Solyc02g085620.3	0.4421375588358511	0
Solyc01g108500.4	0.4421375588358511	0
Solyc00g160110.1	0.4421375588358511	0
Solyc02g068090.3	0.4421375588358511	0
Solyc02g076790.4	0.4421375588358511	0
Solyc02g090420.2	0.4421375588358511	0
Solyc02g085950.5	0.4421375588358511	0
Solyc01g098610.4	0.4421375588358511	0
Solyc01g009900.3	0.4421375588358511	0
Solyc03g007470.4	0.4421375588358511	0
Solyc02g068440.3	0.4421375588358511	0
Solyc02g090650.5	0.4421375588358511	0
Solyc01g098760.4	0.4421375588358511	0
Solyc02g086150.4	0.4421375588358511	0
Solyc02g086170.3	0.4421375588358511	0
Solyc02g077160.3	0.4421375588358511	0
Solyc01g109100.2	0.4421375588358511	0
Solyc01g109150.4	0.4421375588358511	0
Solyc01g005110.3	0.4421375588358511	0
Solyc01g109200.4	0.4421375588358511	0
Solyc01g086740.3	0.4421375588358511	0
Solyc01g049690.5	0.4421375588358511	0
Solyc03g007900.3	0.4421375588358511	0
Solyc03g007960.3	0.4421375588358511	0
Solyc02g077420.3	0.4421375588358511	0
Solyc02g086600.3	0.4421375588358511	0
Solyc01g109450.3	0.4421375588358511	0
Solyc01g105070.3	0.4421375588358511	0
Solyc01g005480.3	0.4421375588358511	0
Solyc02g086710.3	0.4421375588358511	0
Solyc02g091210.1	0.4421375588358511	0
Solyc01g099410.3	0.4421375588358511	0
Solyc02g086790.4	0.4421375588358511	0
Solyc01g067910.4	0.4421375588358511	0
Solyc02g082300.3	0.4421375588358511	0
Solyc01g005640.4	0.4421375588358511	0
Solyc01g094910.3	0.4421375588358511	0
Solyc01g099820.3	0.4421375588358511	0
Solyc01g068150.3	0.4421375588358511	0
Solyc00g500065.1	0.4421375588358511	0
Solyc02g091600.1	0.4421375588358511	0
Solyc03g019770.4	0.4421375588358511	0
Solyc00g500068.1	0.4421375588358511	0
Solyc01g087570.2	0.4421375588358511	0
Solyc01g005870.4	0.4421375588358511	0
Solyc02g082680.4	0.4421375588358511	0
Solyc02g082760.3	0.4421375588358511	0
Solyc01g057340.3	0.4421375588358511	0
Solyc01g110300.4	0.4421375588358511	0
Solyc01g100350.3	0.4421375588358511	0
Solyc02g078640.3	0.4421375588358511	0
Solyc02g070100.3	0.4421375588358511	0
Solyc01g095970.3	0.4421375588358511	0
Solyc03g025410.4	0.4421375588358511	0
Solyc01g106260.3	0.4421375588358511	0
Solyc02g070260.4	0.4421375588358511	0
Solyc01g058270.3	0.4421375588358511	0
Solyc01g096180.4	0.4421375588358511	0
Solyc01g100890.4	0.4421375588358511	0
Solyc01g058540.3	0.4421375588358511	0
Solyc02g092520.3	0.4421375588358511	0
Solyc02g065570.1	0.4421375588358511	0
Solyc02g092560.3	0.4421375588358511	0
Solyc02g065610.4	0.4421375588358511	0
Solyc01g079210.3	0.4421375588358511	0
Solyc01g096450.5	0.4421375588358511	0
Solyc02g005350.3	0.4421375588358511	0
Solyc01g096540.4	0.4421375588358511	0
Solyc02g036360.1	0.4421375588358511	0
Solyc02g071000.1	0.4421375588358511	0
Solyc02g066807.1	0.4421375588358511	0
Solyc02g092840.1	0.4421375588358511	0
Solyc03g098190.3	0.4421375588358511	0
Solyc01g111750.4	0.4421375588358511	0
Solyc01g079700.3	0.4421375588358511	0
Solyc02g071280.3	0.4421375588358511	0
Solyc01g111830.3	0.4421375588358511	0
Solyc03g098470.3	0.4421375588358511	0
Solyc02g079770.3	0.4421375588358511	0
Solyc02g079800.1	0.4421375588358511	0
Solyc02g088800.2	0.4421375588358511	0
Solyc01g008090.4	0.4421375588358511	0
Solyc01g097120.3	0.4421375588358511	0
Solyc03g062700.4	0.4421375588358511	0
Solyc03g062720.3	0.4421375588358511	0
Solyc02g080020.1	0.4421375588358511	0
Solyc03g098735.1	0.4421375588358511	0
Solyc04g064830.5	0.4421375588358511	0
Solyc01g008300.2	0.4421375588358511	0
Solyc02g089080.2	0.4421375588358511	0
Solyc05g015330.1	0.4421375588358511	0
Solyc04g077470.3	0.4421375588358511	0
Solyc04g077750.2	0.4421375588358511	0
Solyc04g009530.4	0.4421375588358511	0
Solyc03g120270.4	0.4421375588358511	0
Solyc06g007660.2	0.4421375588358511	0
Solyc03g111790.4	0.4421375588358511	0
Solyc05g005690.1	0.4421375588358511	0
Solyc03g111830.4	0.4421375588358511	0
Solyc05g015980.3	0.4421375588358511	0
Solyc04g005080.3	0.4421375588358511	0
Solyc06g008020.3	0.4421375588358511	0
Solyc04g005100.3	0.4421375588358511	0
Solyc04g082710.5	0.4421375588358511	0
Solyc04g078320.4	0.4421375588358511	0
Solyc04g082720.3	0.4421375588358511	0
Solyc03g120680.3	0.4421375588358511	0
Solyc03g043950.4	0.4421375588358511	0
Solyc06g008210.5	0.4421375588358511	0
Solyc04g025610.2	0.4421375588358511	0
Solyc04g025940.3	0.4421375588358511	0
Solyc03g095780.3	0.4421375588358511	0
Solyc05g018130.3	0.4421375588358511	0
Solyc04g011615.1	0.4421375588358511	0
Solyc03g044850.1	0.4421375588358511	0
Solyc05g053740.3	0.4421375588358511	0
Solyc05g006870.3	0.4421375588358511	0
Solyc03g121910.1	0.4421375588358511	0
Solyc04g074340.3	0.4421375588358511	0
Solyc04g007850.3	0.4421375588358511	0
Solyc03g122030.1	0.4421375588358511	0
Solyc05g054430.4	0.4421375588358511	0
Solyc04g074470.1	0.4421375588358511	0
Solyc04g007990.1	0.4421375588358511	0
Solyc04g080040.3	0.4421375588358511	0
Solyc06g005190.4	0.4421375588358511	0
Solyc05g013510.4	0.4421375588358511	0
Solyc03g123660.3	0.4421375588358511	0
Solyc05g050750.1	0.4421375588358511	0
Solyc04g076037.1	0.4421375588358511	0
Solyc05g055060.3	0.4421375588358511	0
Solyc04g080550.5	0.4421375588358511	0
Solyc03g123930.1	0.4421375588358511	0
Solyc05g008180.3	0.4421375588358511	0
Solyc06g035700.1	0.4421375588358511	0
Solyc04g076300.4	0.4421375588358511	0
Solyc03g118570.4	0.4421375588358511	0
Solyc03g114310.3	0.4421375588358511	0
Solyc05g008240.2	0.4421375588358511	0
Solyc03g098120.3	0.4421375588358511	0
Solyc06g005890.3	0.4421375588358511	0
Solyc04g076380.4	0.4421375588358511	0
Solyc03g114360.4	0.4421375588358511	0
Solyc05g051250.3	0.4421375588358511	0
Solyc04g080790.3	0.4421375588358511	0
Solyc05g014160.4	0.4421375588358511	0
Solyc06g076510.3	0.4421375588358511	0
Solyc05g008530.3	0.4421375588358511	0
Solyc05g055530.5	0.4421375588358511	0
Solyc06g007150.5	0.4421375588358511	0
Solyc05g026470.2	0.4421375588358511	0
Solyc03g114600.5	0.4421375588358511	0
Solyc06g076690.4	0.4421375588358511	0
Solyc03g114640.4	0.4421375588358511	0
Solyc07g005030.4	0.4421375588358511	0
Solyc04g076810.4	0.4421375588358511	0
Solyc04g076830.4	0.4421375588358511	0
Solyc04g076870.4	0.4421375588358511	0
Solyc07g056250.3	0.4421375588358511	0
Solyc06g054650.3	0.4421375588358511	0
Solyc06g054660.1	0.4421375588358511	0
Solyc05g056060.5	0.4421375588358511	0
Solyc08g079110.4	0.4421375588358511	0
Solyc04g081530.1	0.4421375588358511	0
Solyc06g043035.1	0.4421375588358511	0
Solyc07g066040.1	0.4421375588358511	0
Solyc08g150148.1	0.4421375588358511	0
Solyc07g005790.4	0.4421375588358511	0
Solyc07g056670.3	0.4421375588358511	0
Solyc07g005800.3	0.4421375588358511	0
Solyc06g048520.3	0.4421375588358511	0
Solyc06g073170.1	0.4421375588358511	0
Solyc08g075080.3	0.4421375588358511	0
Solyc06g082760.4	0.4421375588358511	0
Solyc07g066540.1	0.4421375588358511	0
Solyc08g079830.5	0.4421375588358511	0
Solyc06g073430.4	0.4421375588358511	0
Solyc06g073510.3	0.4421375588358511	0
Solyc08g065900.4	0.4421375588358511	0
Solyc09g059500.3	0.4421375588358511	0
Solyc06g073610.3	0.4421375588358511	0
Solyc06g050130.3	0.4421375588358511	0
Solyc06g083150.3	0.4421375588358511	0
Solyc06g061027.1	0.4421375588358511	0
Solyc07g018070.4	0.4421375588358511	0
Solyc08g066160.3	0.4421375588358511	0
Solyc06g073920.3	0.4421375588358511	0
Solyc09g009300.4	0.4421375588358511	0
Solyc07g053050.1	0.4421375588358511	0
Solyc07g042500.4	0.4421375588358511	0
Solyc06g074070.3	0.4421375588358511	0
Solyc06g083620.3	0.4421375588358511	0
Solyc06g050710.4	0.4421375588358511	0
Solyc08g066570.3	0.4421375588358511	0
Solyc06g074260.4	0.4421375588358511	0
Solyc09g009540.5	0.4421375588358511	0
Solyc08g007340.3	0.4421375588358511	0
Solyc08g041890.4	0.4421375588358511	0
Solyc07g042810.3	0.4421375588358511	0
Solyc09g018790.3	0.4421375588358511	0
Solyc06g083790.3	0.4421375588358511	0
Solyc09g061440.4	0.4421375588358511	0
Solyc08g066680.3	0.4421375588358511	0
Solyc06g050990.3	0.4421375588358511	0
Solyc07g042910.4	0.4421375588358511	0
Solyc07g053470.5	0.4421375588358511	0
Solyc09g025280.1	0.4421375588358511	0
Solyc09g009840.1	0.4421375588358511	0
Solyc07g161020.1	0.4421375588358511	0
Solyc07g007560.3	0.4421375588358511	0
Solyc08g067150.4	0.4421375588358511	0
Solyc07g053820.3	0.4421375588358511	0
Solyc06g063210.3	0.4421375588358511	0
Solyc09g010060.3	0.4421375588358511	0
Solyc06g075180.1	0.4421375588358511	0
Solyc07g022760.5	0.4421375588358511	0
Solyc06g075220.1	0.4421375588358511	0
Solyc06g051980.4	0.4421375588358511	0
Solyc09g064630.3	0.4421375588358511	0
Solyc07g063680.5	0.4421375588358511	0
Solyc08g077260.3	0.4421375588358511	0
Solyc08g077310.3	0.4421375588358511	0
Solyc09g005930.4	0.4421375588358511	0
Solyc07g025200.1	0.4421375588358511	0
Solyc06g053190.3	0.4421375588358511	0
Solyc06g075590.4	0.4421375588358511	0
Solyc09g047840.3	0.4421375588358511	0
Solyc08g082110.5	0.4421375588358511	0
Solyc09g047910.5	0.4421375588358511	0
Solyc08g061480.3	0.4421375588358511	0
Solyc08g061520.3	0.4421375588358511	0
Solyc06g160230.1	0.4421375588358511	0
Solyc06g053480.3	0.4421375588358511	0
Solyc07g008650.4	0.4421375588358511	0
Solyc08g013910.5	0.4421375588358511	0
Solyc08g082420.3	0.4421375588358511	0
Solyc06g076010.3	0.4421375588358511	0
Solyc08g068380.3	0.4421375588358511	0
Solyc07g064470.4	0.4421375588358511	0
Solyc06g071330.4	0.4421375588358511	0
Solyc06g053840.3	0.4421375588358511	0
Solyc08g077970.2	0.4421375588358511	0
Solyc08g068665.1	0.4421375588358511	0
Solyc07g047980.3	0.4421375588358511	0
Solyc06g071640.3	0.4421375588358511	0
Solyc08g069010.4	0.4421375588358511	0
Solyc09g090730.2	0.4421375588358511	0
Solyc09g065950.3	0.4421375588358511	0
Solyc10g083860.3	0.4421375588358511	0
Solyc10g083930.2	0.4421375588358511	0
Solyc10g044710.2	0.4421375588358511	0
Solyc09g011960.2	0.4421375588358511	0
Solyc08g083380.2	0.4421375588358511	0
Solyc09g008335.2	0.4421375588358511	0
Solyc11g013130.2	0.4421375588358511	0
Solyc09g075060.3	0.4421375588358511	0
Solyc10g045390.2	0.4421375588358511	0
Solyc10g054720.1	0.4421375588358511	0
Solyc11g071960.2	0.4421375588358511	0
Solyc11g065600.2	0.4421375588358511	0
Solyc11g072110.2	0.4421375588358511	0
Solyc11g008060.1	0.4421375588358511	0
Solyc12g021323.1	0.4421375588358511	0
Solyc11g065780.3	0.4421375588358511	0
Solyc10g055200.1	0.4421375588358511	0
Solyc11g040380.2	0.4421375588358511	0
Solyc12g044250.2	0.4421375588358511	0
Solyc09g092040.3	0.4421375588358511	0
Solyc12g099270.2	0.4421375588358511	0
Solyc12g044410.2	0.4421375588358511	0
Solyc09g092240.3	0.4421375588358511	0
Solyc11g042890.2	0.4421375588358511	0
Solyc09g076040.3	0.4421375588358511	0
Solyc10g055770.2	0.4421375588358511	0
Solyc10g005670.3	0.4421375588358511	0
Solyc11g005030.3	0.4421375588358511	0
Solyc11g072710.3	0.4421375588358511	0
Solyc12g005795.1	0.4421375588358511	0
Solyc11g008680.2	0.4421375588358511	0
Solyc10g085690.2	0.4421375588358511	0
Solyc09g082220.1	0.4421375588358511	0
Solyc11g018550.5	0.4421375588358511	0
Solyc11g008870.2	0.4421375588358511	0
Solyc09g092750.3	0.4421375588358511	0
Solyc12g011455.1	0.4421375588358511	0
Solyc11g073010.1	0.4421375588358511	0
Solyc11g066520.3	0.4421375588358511	0
Solyc10g085950.2	0.4421375588358511	0
Solyc11g005460.2	0.4421375588358511	0
Solyc10g048190.1	0.4421375588358511	0
Solyc12g006350.3	0.4421375588358511	0
Solyc11g020190.1	0.4421375588358511	0
Solyc10g074870.2	0.4421375588358511	0
Solyc09g098425.1	0.4421375588358511	0
Solyc12g014320.2	0.4421375588358511	0
Solyc11g010760.1	0.4421375588358511	0
Solyc12g055970.3	0.4421375588358511	0
Solyc12g014530.3	0.4421375588358511	0
Solyc10g018600.2	0.4421375588358511	0
Solyc12g094650.3	0.4421375588358511	0
Solyc11g006410.2	0.4421375588358511	0
Solyc10g050110.1	0.4421375588358511	0
Solyc10g081450.2	0.4421375588358511	0
Solyc11g020960.2	0.4421375588358511	0
Solyc09g089640.2	0.4421375588358511	0
Solyc12g056340.2	0.4421375588358511	0
Solyc09g089720.4	0.4421375588358511	0
Solyc12g096000.2	0.4421375588358511	0
Solyc10g081730.2	0.4421375588358511	0
Solyc11g011590.2	0.4421375588358511	0
Solyc12g096145.1	0.4421375588358511	0
Solyc12g096160.2	0.4421375588358511	0
Solyc12g096230.2	0.4421375588358511	0
Solyc11g027870.2	0.4421375588358511	0
Solyc12g008630.2	0.4421375588358511	0
Solyc11g011840.2	0.4421375588358511	0
Solyc10g077020.2	0.4421375588358511	0
Solyc10g077030.2	0.4421375588358511	0
Solyc12g008800.3	0.4421375588358511	0
Solyc11g161200.1	0.4421375588358511	0
Solyc11g069180.2	0.4421375588358511	0
Solyc11g069190.2	0.4421375588358511	0
Solyc12g040810.2	0.4421375588358511	0
Solyc11g012150.3	0.4421375588358511	0
Solyc11g012260.3	0.4421375588358511	0
Solyc12g096830.2	0.4421375588358511	0
Solyc11g012270.2	0.4421375588358511	0
Solyc12g042240.2	0.4421375588358511	0
Solyc11g032130.3	0.4421375588358511	0
Solyc11g069810.3	0.4421375588358511	0
Solyc12g042430.2	0.4421375588358511	0
Solyc12g019470.2	0.4421375588358511	0
Solyc11g012550.3	0.4421375588358511	0
Solyc11g012710.2	0.4421375588358511	0
Solyc11g070140.2	0.4421375588358511	0
Solyc11g012810.2	0.4421375588358511	0
Solyc12g098510.1	0.4421375588358511	0
Solyc12g010020.3	0.4421375588358511	0
Solyc06g067870.3	0.44226665601613613	0
Solyc00g500213.1	0.44250358031286763	0
Solyc11g021270.1	0.44250358031286763	0
Solyc01g110260.3	0.4425650780094086	0
Solyc03g150156.1	0.4425650780094086	0
Solyc06g074610.1	0.4425650780094086	0
Solyc07g063980.1	0.4425650780094086	0
Solyc10g006910.4	0.4425650780094086	0
Solyc08g079230.1	0.44309641818926104	0
Solyc06g064750.1	0.443343427987104	0
Solyc00g500003.1	0.44348515244846043	0
Solyc02g082890.1	0.4435689386263053	0
Solyc01g109530.3	0.4439795585318248	0
Solyc03g082770.1	0.4440192456255865	0
Solyc05g053750.3	0.4440985947855882	0
Solyc06g072650.1	0.4441579317825848	0
Solyc08g066990.5	0.4441579317825848	0
Solyc02g064775.1	0.44421755599957924	0
Solyc07g063710.2	0.4443342719027551	0
Solyc07g016030.1	0.44448109617635245	0
Solyc01g057440.3	0.44451044731845	0
Solyc09g064920.3	0.44451044731845	0
Solyc10g008050.2	0.4445397938923752	0
Solyc04g078790.3	0.4446571345294904	0
Solyc09g061790.1	0.4446571345294904	0
Solyc10g011950.4	0.4446571345294904	0
Solyc01g106920.5	0.44468645827990294	0
Solyc04g049150.3	0.44468645827990294	0
Solyc07g053497.1	0.44468645827990294	0
Solyc01g108750.3	0.4447450920981765	0
Solyc02g092120.3	0.4447450920981765	0
Solyc02g083030.1	0.4447450920981765	0
Solyc03g115580.5	0.4447450920981765	0
Solyc07g008300.3	0.4447450920981765	0
Solyc12g009520.2	0.4447450920981765	0
Solyc00g500359.1	0.4447744021683461	0
Solyc00g500119.1	0.4447744021683461	0
Solyc03g005810.4	0.4447744021683461	0
Solyc03g115040.4	0.4447744021683461	0
Solyc06g060010.4	0.4447744021683461	0
Solyc09g005890.4	0.4447744021683461	0
Solyc08g068530.4	0.4447744021683461	0
Solyc09g014740.3	0.4447744021683461	0
Solyc11g005310.1	0.4447744021683461	0
Solyc02g071900.3	0.4448037076807432	0
Solyc01g150172.1	0.4448037076807432	0
Solyc02g092190.1	0.4448037076807432	0
Solyc00g500164.1	0.4448037076807432	0
Solyc01g107260.4	0.4448037076807432	0
Solyc05g054025.2	0.4448037076807432	0
Solyc05g012840.1	0.4448037076807432	0
Solyc05g054560.3	0.4448037076807432	0
Solyc07g065680.3	0.4448037076807432	0
Solyc07g014680.4	0.4448037076807432	0
Solyc06g063290.3	0.4448037076807432	0
Solyc09g074610.3	0.4448037076807432	0
Solyc09g013160.3	0.4448037076807432	0
Solyc10g086260.3	0.4448037076807432	0
Solyc09g090250.4	0.4448037076807432	0
Solyc11g070175.1	0.4448037076807432	0
Solyc00g084750.4	0.44667359866408674	0
Solyc11g073030.1	0.44670429111979637	0
Solyc01g011495.1	0.44673497855860267	0
Solyc09g007720.4	0.44673497855860267	0
Solyc03g006730.3	0.44689600535668506	0
Solyc07g056290.2	0.44787637059782226	0
Solyc02g062310.1	0.4478948555648766	0
Solyc05g041770.4	0.4478948555648766	0
Solyc02g076740.3	0.44793635901919615	0
Solyc08g013680.4	0.44793635901919615	0
Solyc10g007450.2	0.44794932696272083	0
Solyc05g010730.3	0.448289280928048	0
Solyc03g078320.1	0.448289280928048	0
Solyc08g044337.1	0.448289280928048	0
Solyc01g081220.2	0.44829085073137376	0
Solyc04g054258.1	0.4487493236779121	0
Solyc02g021685.1	0.4490223353263657	0
Solyc05g053555.1	0.44908295046365554	0
Solyc04g056360.5	0.45034508064420775	0
Solyc05g012530.1	0.4504327426678618	0
Solyc09g020160.2	0.4504327426678618	0
Solyc09g011400.1	0.4504327426678618	0
Solyc01g109440.2	0.45052036347499735	0
Solyc01g016540.4	0.45052036347499735	0
Solyc08g065450.2	0.45052036347499735	0
Solyc06g083160.1	0.4508022585149446	0
Solyc03g006230.1	0.4509500578114869	0
Solyc04g016470.4	0.45115160024440004	0
Solyc04g076160.3	0.4512059583984156	0
Solyc01g017090.2	0.4515865429217353	0
Solyc01g009370.2	0.4515865429217353	0
Solyc02g022910.4	0.4515865429217353	0
Solyc01g161530.1	0.4515865429217353	0
Solyc01g057003.1	0.4515865429217353	0
Solyc01g162300.1	0.4515865429217353	0
Solyc01g014070.1	0.4515865429217353	0
Solyc02g066900.4	0.4515865429217353	0
Solyc03g161670.1	0.4515865429217353	0
Solyc04g012070.3	0.4515865429217353	0
Solyc06g010090.1	0.4515865429217353	0
Solyc04g049470.2	0.4515865429217353	0
Solyc05g051360.1	0.4515865429217353	0
Solyc05g051470.3	0.4515865429217353	0
Solyc03g150129.1	0.4515865429217353	0
Solyc08g065510.1	0.4515865429217353	0
Solyc07g017545.1	0.4515865429217353	0
Solyc08g075620.3	0.4515865429217353	0
Solyc06g160200.1	0.4515865429217353	0
Solyc06g160650.1	0.4515865429217353	0
Solyc08g150128.2	0.4515865429217353	0
Solyc10g161870.1	0.4515865429217353	0
Solyc12g010580.3	0.4515865429217353	0
Solyc11g043110.3	0.4515865429217353	0
Solyc10g012190.3	0.4515865429217353	0
Solyc10g160830.1	0.4515865429217353	0
Solyc12g162210.1	0.4515865429217353	0
Solyc12g009350.1	0.4516634713065184	0
Solyc03g031810.3	0.45171016229978256	0
Solyc04g009870.1	0.45171016229978256	0
Solyc10g037940.1	0.45171016229978256	0
Solyc01g008570.1	0.4517132315390443	0
Solyc02g089190.2	0.4517132315390443	0
Solyc01g112330.1	0.4517132315390443	0
Solyc01g017330.3	0.4517132315390443	0
Solyc01g107962.2	0.4517132315390443	0
Solyc00g021650.1	0.4517132315390443	0
Solyc01g017610.1	0.4517132315390443	0
Solyc00g023580.1	0.4517132315390443	0
Solyc01g065643.1	0.4517132315390443	0
Solyc01g150129.1	0.4517132315390443	0
Solyc02g014300.2	0.4517132315390443	0
Solyc02g014320.1	0.4517132315390443	0
Solyc00g047180.1	0.4517132315390443	0
Solyc03g006712.1	0.4517132315390443	0
Solyc01g019100.1	0.4517132315390443	0
Solyc01g020120.4	0.4517132315390443	0
Solyc02g067720.1	0.4517132315390443	0
Solyc02g055500.1	0.4517132315390443	0
Solyc00g147570.4	0.4517132315390443	0
Solyc02g055530.5	0.4517132315390443	0
Solyc00g153980.1	0.4517132315390443	0
Solyc01g009400.3	0.4517132315390443	0
Solyc02g055537.2	0.4517132315390443	0
Solyc01g020570.3	0.4517132315390443	0
Solyc02g020930.1	0.4517132315390443	0
Solyc01g066775.1	0.4517132315390443	0
Solyc00g500394.1	0.4517132315390443	0
Solyc00g500395.1	0.4517132315390443	0
Solyc02g150121.2	0.4517132315390443	0
Solyc01g160460.1	0.4517132315390443	0
Solyc01g160470.1	0.4517132315390443	0
Solyc00g500407.1	0.4517132315390443	0
Solyc02g150131.2	0.4517132315390443	0
Solyc01g160620.1	0.4517132315390443	0
Solyc00g160580.1	0.4517132315390443	0
Solyc02g150142.1	0.4517132315390443	0
Solyc00g160680.1	0.4517132315390443	0
Solyc01g160800.1	0.4517132315390443	0
Solyc01g160830.1	0.4517132315390443	0
Solyc00g171710.3	0.4517132315390443	0
Solyc01g005170.3	0.4517132315390443	0
Solyc01g161060.1	0.4517132315390443	0
Solyc02g081990.3	0.4517132315390443	0
Solyc00g309530.1	0.4517132315390443	0
Solyc00g500006.1	0.4517132315390443	0
Solyc01g087010.3	0.4517132315390443	0
Solyc01g056370.3	0.4517132315390443	0
Solyc01g056380.1	0.4517132315390443	0
Solyc01g056390.1	0.4517132315390443	0
Solyc01g056400.1	0.4517132315390443	0
Solyc01g056410.1	0.4517132315390443	0
Solyc01g161580.1	0.4517132315390443	0
Solyc02g030270.1	0.4517132315390443	0
Solyc02g030290.1	0.4517132315390443	0
Solyc01g005630.3	0.4517132315390443	0
Solyc01g011277.1	0.4517132315390443	0
Solyc02g160990.1	0.4517132315390443	0
Solyc02g161030.1	0.4517132315390443	0
Solyc02g161150.1	0.4517132315390443	0
Solyc02g031930.2	0.4517132315390443	0
Solyc02g161240.1	0.4517132315390443	0
Solyc02g082775.1	0.4517132315390443	0
Solyc02g161290.1	0.4517132315390443	0
Solyc01g162620.1	0.4517132315390443	0
Solyc01g014530.2	0.4517132315390443	0
Solyc01g162710.1	0.4517132315390443	0
Solyc02g070120.1	0.4517132315390443	0
Solyc01g014930.3	0.4517132315390443	0
Solyc01g110890.1	0.4517132315390443	0
Solyc02g032877.2	0.4517132315390443	0
Solyc01g058677.1	0.4517132315390443	0
Solyc01g059990.4	0.4517132315390443	0
Solyc01g089915.1	0.4517132315390443	0
Solyc00g500220.1	0.4517132315390443	0
Solyc03g031895.1	0.4517132315390443	0
Solyc01g107140.3	0.4517132315390443	0
Solyc02g084307.1	0.4517132315390443	0
Solyc02g080000.1	0.4517132315390443	0
Solyc04g050365.1	0.4517132315390443	0
Solyc03g104790.3	0.4517132315390443	0
Solyc04g162670.1	0.4517132315390443	0
Solyc05g009587.1	0.4517132315390443	0
Solyc05g015230.1	0.4517132315390443	0
Solyc05g040060.1	0.4517132315390443	0
Solyc05g150105.1	0.4517132315390443	0
Solyc04g051020.2	0.4517132315390443	0
Solyc05g150114.1	0.4517132315390443	0
Solyc04g071300.3	0.4517132315390443	0
Solyc03g161280.1	0.4517132315390443	0
Solyc03g161290.1	0.4517132315390443	0
Solyc04g082230.1	0.4517132315390443	0
Solyc06g007550.1	0.4517132315390443	0
Solyc03g093770.1	0.4517132315390443	0
Solyc04g009760.2	0.4517132315390443	0
Solyc04g071670.1	0.4517132315390443	0
Solyc03g043730.1	0.4517132315390443	0
Solyc03g071800.2	0.4517132315390443	0
Solyc04g078440.4	0.4517132315390443	0
Solyc05g016470.1	0.4517132315390443	0
Solyc03g077905.1	0.4517132315390443	0
Solyc05g044560.1	0.4517132315390443	0
Solyc04g025653.1	0.4517132315390443	0
Solyc03g095380.1	0.4517132315390443	0
Solyc03g095390.2	0.4517132315390443	0
Solyc04g150110.1	0.4517132315390443	0
Solyc04g025937.1	0.4517132315390443	0
Solyc04g005640.3	0.4517132315390443	0
Solyc04g026023.2	0.4517132315390443	0
Solyc05g053133.1	0.4517132315390443	0
Solyc03g044485.1	0.4517132315390443	0
Solyc04g026170.3	0.4517132315390443	0
Solyc04g054440.3	0.4517132315390443	0
Solyc04g054523.1	0.4517132315390443	0
Solyc05g018215.1	0.4517132315390443	0
Solyc03g078700.2	0.4517132315390443	0
Solyc05g018400.1	0.4517132315390443	0
Solyc03g044950.2	0.4517132315390443	0
Solyc04g039775.1	0.4517132315390443	0
Solyc04g054840.1	0.4517132315390443	0
Solyc03g096420.1	0.4517132315390443	0
Solyc04g160600.1	0.4517132315390443	0
Solyc04g045290.1	0.4517132315390443	0
Solyc04g045310.4	0.4517132315390443	0
Solyc05g049870.3	0.4517132315390443	0
Solyc05g054160.1	0.4517132315390443	0
Solyc06g009560.3	0.4517132315390443	0
Solyc03g082360.1	0.4517132315390443	0
Solyc04g014515.1	0.4517132315390443	0
Solyc04g161050.1	0.4517132315390443	0
Solyc03g051667.1	0.4517132315390443	0
Solyc03g051923.1	0.4517132315390443	0
Solyc04g161460.1	0.4517132315390443	0
Solyc03g118100.4	0.4517132315390443	0
Solyc03g058150.1	0.4517132315390443	0
Solyc04g161830.1	0.4517132315390443	0
Solyc03g123690.1	0.4517132315390443	0
Solyc03g118230.3	0.4517132315390443	0
Solyc06g011520.4	0.4517132315390443	0
Solyc03g114220.1	0.4517132315390443	0
Solyc05g013950.1	0.4517132315390443	0
Solyc04g080690.4	0.4517132315390443	0
Solyc05g025825.2	0.4517132315390443	0
Solyc05g055270.1	0.4517132315390443	0
Solyc06g035840.1	0.4517132315390443	0
Solyc03g124061.1	0.4517132315390443	0
Solyc03g114440.1	0.4517132315390443	0
Solyc06g160990.1	0.4517132315390443	0
Solyc06g161050.1	0.4517132315390443	0
Solyc06g072193.2	0.4517132315390443	0
Solyc03g150145.1	0.4517132315390443	0
Solyc06g054300.1	0.4517132315390443	0
Solyc05g008650.1	0.4517132315390443	0
Solyc05g014460.3	0.4517132315390443	0
Solyc05g055710.3	0.4517132315390443	0
Solyc07g065560.3	0.4517132315390443	0
Solyc07g056100.1	0.4517132315390443	0
Solyc07g009270.1	0.4517132315390443	0
Solyc06g036467.2	0.4517132315390443	0
Solyc07g049650.1	0.4517132315390443	0
Solyc06g034055.1	0.4517132315390443	0
Solyc06g034070.4	0.4517132315390443	0
Solyc06g059790.5	0.4517132315390443	0
Solyc07g009587.1	0.4517132315390443	0
Solyc06g034200.1	0.4517132315390443	0
Solyc06g034210.1	0.4517132315390443	0
Solyc07g052160.1	0.4517132315390443	0
Solyc08g065193.1	0.4517132315390443	0
Solyc06g060330.1	0.4517132315390443	0
Solyc08g075047.1	0.4517132315390443	0
Solyc07g016117.1	0.4517132315390443	0
Solyc06g060430.1	0.4517132315390443	0
Solyc08g065670.4	0.4517132315390443	0
Solyc07g062020.2	0.4517132315390443	0
Solyc07g017700.4	0.4517132315390443	0
Solyc07g006390.4	0.4517132315390443	0
Solyc07g017710.1	0.4517132315390443	0
Solyc08g028880.3	0.4517132315390443	0
Solyc09g015730.1	0.4517132315390443	0
Solyc07g018020.1	0.4517132315390443	0
Solyc07g062370.1	0.4517132315390443	0
Solyc08g029340.1	0.4517132315390443	0
Solyc09g018070.1	0.4517132315390443	0
Solyc09g059860.1	0.4517132315390443	0
Solyc06g068580.1	0.4517132315390443	0
Solyc08g161590.1	0.4517132315390443	0
Solyc07g160440.1	0.4517132315390443	0
Solyc06g050820.3	0.4517132315390443	0
Solyc07g019500.2	0.4517132315390443	0
Solyc07g160470.1	0.4517132315390443	0
Solyc08g042090.1	0.4517132315390443	0
Solyc07g042917.1	0.4517132315390443	0
Solyc06g069060.1	0.4517132315390443	0
Solyc09g009734.1	0.4517132315390443	0
Solyc09g061792.1	0.4517132315390443	0
Solyc06g069155.1	0.4517132315390443	0
Solyc08g007700.1	0.4517132315390443	0
Solyc09g030510.1	0.4517132315390443	0
Solyc09g005425.1	0.4517132315390443	0
Solyc06g051610.1	0.4517132315390443	0
Solyc07g054030.1	0.4517132315390443	0
Solyc09g031820.1	0.4517132315390443	0
Solyc09g010270.1	0.4517132315390443	0
Solyc06g064540.3	0.4517132315390443	0
Solyc07g044895.2	0.4517132315390443	0
Solyc09g037070.2	0.4517132315390443	0
Solyc07g044920.1	0.4517132315390443	0
Solyc09g037095.1	0.4517132315390443	0
Solyc08g067640.1	0.4517132315390443	0
Solyc08g067690.2	0.4517132315390443	0
Solyc08g067700.1	0.4517132315390443	0
Solyc07g025090.1	0.4517132315390443	0
Solyc07g045040.3	0.4517132315390443	0
Solyc07g008375.1	0.4517132315390443	0
Solyc07g161840.1	0.4517132315390443	0
Solyc06g160060.1	0.4517132315390443	0
Solyc09g064965.2	0.4517132315390443	0
Solyc07g162040.1	0.4517132315390443	0
Solyc07g064430.1	0.4517132315390443	0
Solyc09g055460.3	0.4517132315390443	0
Solyc09g073015.1	0.4517132315390443	0
Solyc07g009080.5	0.4517132315390443	0
Solyc08g014390.1	0.4517132315390443	0
Solyc09g057500.1	0.4517132315390443	0
Solyc09g074390.3	0.4517132315390443	0
Solyc10g044560.2	0.4517132315390443	0
Solyc10g053890.3	0.4517132315390443	0
Solyc09g066160.1	0.4517132315390443	0
Solyc08g074230.1	0.4517132315390443	0
Solyc07g049340.1	0.4517132315390443	0
Solyc09g074580.1	0.4517132315390443	0
Solyc11g007520.1	0.4517132315390443	0
Solyc09g161620.1	0.4517132315390443	0
Solyc09g074960.1	0.4517132315390443	0
Solyc09g161790.1	0.4517132315390443	0
Solyc11g065290.1	0.4517132315390443	0
Solyc10g161900.1	0.4517132315390443	0
Solyc10g161910.1	0.4517132315390443	0
Solyc11g162260.1	0.4517132315390443	0
Solyc12g042870.1	0.4517132315390443	0
Solyc10g084870.2	0.4517132315390443	0
Solyc10g054770.1	0.4517132315390443	0
Solyc11g072020.1	0.4517132315390443	0
Solyc09g075410.5	0.4517132315390443	0
Solyc09g091725.2	0.4517132315390443	0
Solyc10g079380.2	0.4517132315390443	0
Solyc11g008180.1	0.4517132315390443	0
Solyc11g008227.1	0.4517132315390443	0
Solyc11g008230.1	0.4517132315390443	0
Solyc12g027705.1	0.4517132315390443	0
Solyc10g162560.1	0.4517132315390443	0
Solyc11g008330.3	0.4517132315390443	0
Solyc10g047150.3	0.4517132315390443	0
Solyc10g011900.3	0.4517132315390443	0
Solyc10g011920.3	0.4517132315390443	0
Solyc12g033070.1	0.4517132315390443	0
Solyc10g012000.1	0.4517132315390443	0
Solyc11g008560.2	0.4517132315390443	0
Solyc10g085520.1	0.4517132315390443	0
Solyc11g017450.2	0.4517132315390443	0
Solyc12g011350.3	0.4517132315390443	0
Solyc09g082260.1	0.4517132315390443	0
Solyc09g082280.3	0.4517132315390443	0
Solyc10g047824.1	0.4517132315390443	0
Solyc11g008840.3	0.4517132315390443	0
Solyc10g062210.1	0.4517132315390443	0
Solyc10g017500.1	0.4517132315390443	0
Solyc12g011460.1	0.4517132315390443	0
Solyc12g035850.2	0.4517132315390443	0
Solyc11g073070.1	0.4517132315390443	0
Solyc11g018760.1	0.4517132315390443	0
Solyc10g017900.1	0.4517132315390443	0
Solyc10g080620.1	0.4517132315390443	0
Solyc12g006400.2	0.4517132315390443	0
Solyc09g082750.1	0.4517132315390443	0
Solyc12g036480.2	0.4517132315390443	0
Solyc12g150102.1	0.4517132315390443	0
Solyc12g150117.1	0.4517132315390443	0
Solyc12g150122.1	0.4517132315390443	0
Solyc12g036810.3	0.4517132315390443	0
Solyc09g098480.1	0.4517132315390443	0
Solyc11g045680.3	0.4517132315390443	0
Solyc11g067350.3	0.4517132315390443	0
Solyc11g160040.1	0.4517132315390443	0
Solyc09g098605.1	0.4517132315390443	0
Solyc12g056020.1	0.4517132315390443	0
Solyc10g086783.1	0.4517132315390443	0
Solyc10g049980.1	0.4517132315390443	0
Solyc11g050930.1	0.4517132315390443	0
Solyc10g018773.1	0.4517132315390443	0
Solyc09g150111.1	0.4517132315390443	0
Solyc09g150112.1	0.4517132315390443	0
Solyc10g018980.4	0.4517132315390443	0
Solyc11g160340.1	0.4517132315390443	0
Solyc11g056290.4	0.4517132315390443	0
Solyc11g021063.1	0.4517132315390443	0
Solyc11g021110.3	0.4517132315390443	0
Solyc10g150140.1	0.4517132315390443	0
Solyc11g021195.2	0.4517132315390443	0
Solyc10g050457.1	0.4517132315390443	0
Solyc12g015920.2	0.4517132315390443	0
Solyc11g021215.1	0.4517132315390443	0
Solyc11g021220.2	0.4517132315390443	0
Solyc12g038890.1	0.4517132315390443	0
Solyc11g061690.1	0.4517132315390443	0
Solyc10g081690.1	0.4517132315390443	0
Solyc09g160020.1	0.4517132315390443	0
Solyc10g024340.2	0.4517132315390443	0
Solyc10g050750.3	0.4517132315390443	0
Solyc09g160250.1	0.4517132315390443	0
Solyc12g056676.1	0.4517132315390443	0
Solyc12g096260.3	0.4517132315390443	0
Solyc11g027933.1	0.4517132315390443	0
Solyc10g038090.1	0.4517132315390443	0
Solyc10g038150.2	0.4517132315390443	0
Solyc10g078200.1	0.4517132315390443	0
Solyc11g063490.1	0.4517132315390443	0
Solyc11g063550.2	0.4517132315390443	0
Solyc11g063640.2	0.4517132315390443	0
Solyc11g069630.1	0.4517132315390443	0
Solyc12g096940.3	0.4517132315390443	0
Solyc12g009345.1	0.4517132315390443	0
Solyc12g042603.2	0.4517132315390443	0
Solyc12g042607.1	0.4517132315390443	0
Solyc12g062910.2	0.4517132315390443	0
Solyc12g010080.1	0.4517132315390443	0
Solyc12g098823.1	0.4517132315390443	0
Solyc10g076330.3	0.4524165643037733	0
Solyc02g079480.1	0.45250583805652356	0
Solyc10g017890.1	0.4525950688872422	0
Solyc01g081037.1	0.45375989603349065	0
Solyc05g046010.4	0.4539533434255346	0
Solyc09g055265.1	0.453987686318561	0
Solyc03g078420.4	0.4540464589241351	0
Solyc04g050370.1	0.454075961015349	0
Solyc06g071945.1	0.45513491314423316	0
Solyc08g067760.5	0.4551935662206029	0
Solyc07g066250.1	0.4555158253905043	0
Solyc04g009120.3	0.4555600977596893	0
Solyc08g150131.1	0.45559510227859545	0
Solyc01g106860.4	0.45563010015579486	0
Solyc03g117260.2	0.4557790739325005	0
Solyc06g083960.3	0.45580830058747446	0
Solyc04g014950.4	0.4559543644031929	0
Solyc07g041740.1	0.4559543644031929	0
Solyc07g032670.3	0.4559543644031929	0
Solyc06g075120.1	0.4565083533951023	0
Solyc00g500242.1	0.4567120352445788	0
Solyc01g160630.1	0.4569735811062138	0
Solyc02g061910.1	0.45698817589282725	0
Solyc02g068170.1	0.45700261881869686	0
Solyc02g091590.4	0.45700261881869686	0
Solyc11g040300.2	0.45700261881869686	0
Solyc09g091080.5	0.4570316519477532	0
Solyc07g024010.2	0.4570497074389308	0
Solyc09g005830.1	0.4571187238461679	0
Solyc05g015495.1	0.45726375211846537	0
Solyc02g065480.2	0.4573796924185948	0
Solyc10g006440.3	0.4573796924185948	0
Solyc11g070150.2	0.45740866607042097	0
Solyc06g010010.3	0.45743763515531666	0
Solyc06g005870.1	0.45743763515531666	0
Solyc05g009170.3	0.45743763515531666	0
Solyc08g082270.3	0.45743763515531666	0
Solyc04g015210.4	0.45746659967445724	0
Solyc03g114010.3	0.45746659967445724	0
Solyc07g045000.5	0.45746659967445724	0
Solyc03g044666.1	0.4574955596290172	0
Solyc05g023670.4	0.4574955596290172	0
Solyc07g065990.1	0.4574955596290172	0
Solyc01g065740.4	0.4575245150201708	0
Solyc03g120060.2	0.4575245150201708	0
Solyc03g082830.3	0.4575245150201708	0
Solyc04g077040.3	0.4575245150201708	0
Solyc08g068160.2	0.4575245150201708	0
Solyc12g026470.2	0.4575245150201708	0
Solyc12g088890.3	0.4575245150201708	0
Solyc02g021340.4	0.4575534658490924	0
Solyc00g160670.1	0.4575534658490924	0
Solyc02g068700.3	0.4575534658490924	0
Solyc01g086815.1	0.4575534658490924	0
Solyc00g500034.1	0.4575534658490924	0
Solyc00g500044.1	0.4575534658490924	0
Solyc02g091470.3	0.4575534658490924	0
Solyc03g019960.3	0.4575534658490924	0
Solyc01g107360.4	0.4575534658490924	0
Solyc04g051150.3	0.4575534658490924	0
Solyc05g052280.3	0.4575534658490924	0
Solyc05g015735.1	0.4575534658490924	0
Solyc05g018880.1	0.4575534658490924	0
Solyc03g121930.3	0.4575534658490924	0
Solyc06g009770.1	0.4575534658490924	0
Solyc04g074710.3	0.4575534658490924	0
Solyc04g080070.1	0.4575534658490924	0
Solyc03g083330.3	0.4575534658490924	0
Solyc05g025870.4	0.4575534658490924	0
Solyc04g076720.3	0.4575534658490924	0
Solyc06g035430.3	0.4575534658490924	0
Solyc06g048750.3	0.4575534658490924	0
Solyc08g028693.1	0.4575534658490924	0
Solyc07g017730.3	0.4575534658490924	0
Solyc06g064560.4	0.4575534658490924	0
Solyc07g044960.1	0.4575534658490924	0
Solyc06g065320.4	0.4575534658490924	0
Solyc08g082560.3	0.4575534658490924	0
Solyc07g047620.3	0.4575534658490924	0
Solyc08g078030.5	0.4575534658490924	0
Solyc09g011470.3	0.4575534658490924	0
Solyc10g044750.3	0.4575534658490924	0
Solyc08g078600.3	0.4575534658490924	0
Solyc08g074360.3	0.4575534658490924	0
Solyc11g008250.2	0.4575534658490924	0
Solyc12g099350.1	0.4575534658490924	0
Solyc12g036455.1	0.4575534658490924	0
Solyc12g006530.2	0.4575534658490924	0
Solyc12g055710.1	0.4575534658490924	0
Solyc11g068380.1	0.4575534658490924	0
Solyc12g007020.2	0.4575534658490924	0
Solyc11g051123.1	0.4575534658490924	0
Solyc11g011710.1	0.4575534658490924	0
Solyc11g011910.2	0.4575534658490924	0
Solyc10g038060.2	0.4575534658490924	0
Solyc12g009380.2	0.4575534658490924	0
Solyc09g056220.1	0.45896512036918424	0
Solyc03g117130.3	0.45902973738995845	0
Solyc02g021350.4	0.46090776142333545	0
Solyc08g062570.1	0.4609681998554832	0
Solyc10g008267.1	0.4609681998554832	0
Solyc10g076845.2	0.46208614176575347	0
Solyc03g031740.3	0.46211606486811363	0
Solyc01g106840.3	0.46214598305321153	0
Solyc05g052870.5	0.46244337188225426	0
Solyc10g055545.1	0.4624792956166308	0
Solyc04g076170.1	0.4633709214815521	0
Solyc05g007170.3	0.4640801804509359	0
Solyc06g065050.2	0.4655541161726231	0
Solyc12g162440.1	0.4657008516248887	0
Solyc01g110870.3	0.465730184427517	0
Solyc09g031595.1	0.465730184427517	0
Solyc12g056880.2	0.465730184427517	0
Solyc01g080950.3	0.46588423252645406	0
Solyc08g044380.3	0.46593842772261307	0
Solyc06g074880.1	0.46593842772261307	0
Solyc01g004004.1	0.4659926066665473	0
Solyc05g044500.1	0.4659926066665473	0
Solyc10g086160.1	0.46616049961468164	0
Solyc10g007630.1	0.46616049961468164	0
Solyc03g098570.1	0.4662036389840294	0
Solyc05g006500.5	0.4662036389840294	0
Solyc10g162830.1	0.4662036389840294	0
Solyc01g101050.3	0.46687046363427076	0
Solyc02g084150.2	0.4669870089704069	0
Solyc01g058380.1	0.46714797765010785	0
Solyc06g075560.2	0.46714797765010785	0
Solyc01g110903.1	0.46717886633811934	0
Solyc02g093470.4	0.46745032323779956	0
Solyc02g037590.3	0.46745032323779956	0
Solyc01g112240.4	0.46745032323779956	0
Solyc01g112250.4	0.46745032323779956	0
Solyc02g089170.5	0.46745032323779956	0
Solyc02g067080.5	0.46745032323779956	0
Solyc03g006290.5	0.46745032323779956	0
Solyc01g103050.3	0.46745032323779956	0
Solyc02g067210.3	0.46745032323779956	0
Solyc02g089350.3	0.46745032323779956	0
Solyc01g097540.4	0.46745032323779956	0
Solyc00g500294.1	0.46745032323779956	0
Solyc01g090965.1	0.46745032323779956	0
Solyc03g006500.3	0.46745032323779956	0
Solyc01g091010.3	0.46745032323779956	0
Solyc01g091020.3	0.46745032323779956	0
Solyc01g065580.4	0.46745032323779956	0
Solyc01g080530.3	0.46745032323779956	0
Solyc02g080560.1	0.46745032323779956	0
Solyc01g108120.3	0.46745032323779956	0
Solyc01g091230.3	0.46745032323779956	0
Solyc01g097790.3	0.46745032323779956	0
Solyc02g089730.1	0.46745032323779956	0
Solyc01g103590.4	0.46745032323779956	0
Solyc00g500331.1	0.46745032323779956	0
Solyc02g094260.1	0.46745032323779956	0
Solyc02g080940.3	0.46745032323779956	0
Solyc01g081030.4	0.46745032323779956	0
Solyc01g108513.1	0.46745032323779956	0
Solyc02g068110.4	0.46745032323779956	0
Solyc01g009630.3	0.46745032323779956	0
Solyc02g085830.5	0.46745032323779956	0
Solyc01g066830.3	0.46745032323779956	0
Solyc02g085860.4	0.46745032323779956	0
Solyc01g066840.3	0.46745032323779956	0
Solyc02g021140.3	0.46745032323779956	0
Solyc02g085940.5	0.46745032323779956	0
Solyc01g067020.4	0.46745032323779956	0
Solyc01g010230.2	0.46745032323779956	0
Solyc03g007770.3	0.46745032323779956	0
Solyc01g104700.4	0.46745032323779956	0
Solyc01g104720.3	0.46745032323779956	0
Solyc03g007800.3	0.46745032323779956	0
Solyc01g104910.3	0.46745032323779956	0
Solyc02g023970.3	0.46745032323779956	0
Solyc01g049890.3	0.46745032323779956	0
Solyc01g105000.3	0.46745032323779956	0
Solyc02g062690.3	0.46745032323779956	0
Solyc01g005440.4	0.46745032323779956	0
Solyc01g005450.3	0.46745032323779956	0
Solyc00g500021.1	0.46745032323779956	0
Solyc01g109560.3	0.46745032323779956	0
Solyc01g011030.3	0.46745032323779956	0
Solyc01g068045.2	0.46745032323779956	0
Solyc01g087370.2	0.46745032323779956	0
Solyc01g068170.3	0.46745032323779956	0
Solyc02g031910.2	0.46745032323779956	0
Solyc02g091750.3	0.46745032323779956	0
Solyc02g078240.4	0.46745032323779956	0
Solyc01g087760.2	0.46745032323779956	0
Solyc02g087350.3	0.46745032323779956	0
Solyc02g069710.4	0.46745032323779956	0
Solyc02g069800.1	0.46745032323779956	0
Solyc01g068450.5	0.46745032323779956	0
Solyc01g100360.4	0.46745032323779956	0
Solyc02g078620.1	0.46745032323779956	0
Solyc01g095750.3	0.46745032323779956	0
Solyc02g078760.1	0.46745032323779956	0
Solyc00g500132.1	0.46745032323779956	0
Solyc01g058140.3	0.46745032323779956	0
Solyc02g083285.3	0.46745032323779956	0
Solyc01g088430.4	0.46745032323779956	0
Solyc01g100870.3	0.46745032323779956	0
Solyc02g088010.3	0.46745032323779956	0
Solyc02g088070.3	0.46745032323779956	0
Solyc02g065560.1	0.46745032323779956	0
Solyc03g025830.5	0.46745032323779956	0
Solyc02g083620.3	0.46745032323779956	0
Solyc02g036350.3	0.46745032323779956	0
Solyc02g092700.3	0.46745032323779956	0
Solyc01g007180.3	0.46745032323779956	0
Solyc03g031670.3	0.46745032323779956	0
Solyc00g500202.1	0.46745032323779956	0
Solyc02g083960.5	0.46745032323779956	0
Solyc01g107040.3	0.46745032323779956	0
Solyc01g096850.4	0.46745032323779956	0
Solyc03g098440.4	0.46745032323779956	0
Solyc02g088720.4	0.46745032323779956	0
Solyc01g102710.2	0.46745032323779956	0
Solyc03g114830.3	0.46745032323779956	0
Solyc03g119290.3	0.46745032323779956	0
Solyc02g084240.3	0.46745032323779956	0
Solyc03g006150.2	0.46745032323779956	0
Solyc02g093170.5	0.46745032323779956	0
Solyc03g098620.3	0.46745032323779956	0
Solyc04g016440.5	0.46745032323779956	0
Solyc02g079950.3	0.46745032323779956	0
Solyc01g112010.3	0.46745032323779956	0
Solyc04g016480.3	0.46745032323779956	0
Solyc01g112050.3	0.46745032323779956	0
Solyc02g089020.2	0.46745032323779956	0
Solyc04g064800.4	0.46745032323779956	0
Solyc03g063060.3	0.46745032323779956	0
Solyc03g033580.3	0.46745032323779956	0
Solyc03g119790.3	0.46745032323779956	0
Solyc04g077350.1	0.46745032323779956	0
Solyc04g050820.3	0.46745032323779956	0
Solyc03g111230.4	0.46745032323779956	0
Solyc05g052200.4	0.46745032323779956	0
Solyc05g041430.3	0.46745032323779956	0
Solyc03g115780.2	0.46745032323779956	0
Solyc05g015720.2	0.46745032323779956	0
Solyc05g005490.4	0.46745032323779956	0
Solyc05g010160.3	0.46745032323779956	0
Solyc04g078040.3	0.46745032323779956	0
Solyc05g010280.3	0.46745032323779956	0
Solyc04g082670.4	0.46745032323779956	0
Solyc05g010516.1	0.46745032323779956	0
Solyc04g005300.4	0.46745032323779956	0
Solyc03g112030.3	0.46745032323779956	0
Solyc03g095220.3	0.46745032323779956	0
Solyc03g044160.3	0.46745032323779956	0
Solyc03g112130.1	0.46745032323779956	0
Solyc03g095470.3	0.46745032323779956	0
Solyc05g053090.2	0.46745032323779956	0
Solyc03g112450.4	0.46745032323779956	0
Solyc06g008700.3	0.46745032323779956	0
Solyc04g054520.3	0.46745032323779956	0
Solyc04g072550.3	0.46745032323779956	0
Solyc03g096000.3	0.46745032323779956	0
Solyc03g121320.3	0.46745032323779956	0
Solyc04g072660.4	0.46745032323779956	0
Solyc05g047450.3	0.46745032323779956	0
Solyc05g006740.5	0.46745032323779956	0
Solyc04g012030.3	0.46745032323779956	0
Solyc06g009170.3	0.46745032323779956	0
Solyc05g006780.3	0.46745032323779956	0
Solyc03g080060.1	0.46745032323779956	0
Solyc05g053810.3	0.46745032323779956	0
Solyc04g007340.4	0.46745032323779956	0
Solyc05g012720.3	0.46745032323779956	0
Solyc03g113100.3	0.46745032323779956	0
Solyc05g053960.3	0.46745032323779956	0
Solyc03g096650.2	0.46745032323779956	0
Solyc05g006965.1	0.46745032323779956	0
Solyc03g082390.3	0.46745032323779956	0
Solyc03g121960.3	0.46745032323779956	0
Solyc03g117840.5	0.46745032323779956	0
Solyc05g054480.3	0.46745032323779956	0
Solyc03g097140.3	0.46745032323779956	0
Solyc05g007440.3	0.46745032323779956	0
Solyc03g113680.4	0.46745032323779956	0
Solyc03g082940.3	0.46745032323779956	0
Solyc03g118210.3	0.46745032323779956	0
Solyc03g123720.4	0.46745032323779956	0
Solyc03g058430.3	0.46745032323779956	0
Solyc04g076050.4	0.46745032323779956	0
Solyc04g058200.3	0.46745032323779956	0
Solyc03g118640.3	0.46745032323779956	0
Solyc06g006090.1	0.46745032323779956	0
Solyc06g072120.3	0.46745032323779956	0
Solyc04g064520.4	0.46745032323779956	0
Solyc05g026480.2	0.46745032323779956	0
Solyc07g049480.3	0.46745032323779956	0
Solyc05g008895.1	0.46745032323779956	0
Solyc07g065630.4	0.46745032323779956	0
Solyc07g009350.4	0.46745032323779956	0
Solyc06g054590.3	0.46745032323779956	0
Solyc05g009030.5	0.46745032323779956	0
Solyc06g072600.3	0.46745032323779956	0
Solyc05g009120.3	0.46745032323779956	0
Solyc08g062800.3	0.46745032323779956	0
Solyc08g006050.2	0.46745032323779956	0
Solyc07g065870.3	0.46745032323779956	0
Solyc04g081570.3	0.46745032323779956	0
Solyc07g056460.3	0.46745032323779956	0
Solyc05g056270.3	0.46745032323779956	0
Solyc08g006150.3	0.46745032323779956	0
Solyc06g082470.3	0.46745032323779956	0
Solyc08g079500.3	0.46745032323779956	0
Solyc09g015080.3	0.46745032323779956	0
Solyc07g041290.3	0.46745032323779956	0
Solyc07g006050.4	0.46745032323779956	0
Solyc08g028690.4	0.46745032323779956	0
Solyc07g041830.5	0.46745032323779956	0
Solyc09g015770.3	0.46745032323779956	0
Solyc07g017900.3	0.46745032323779956	0
Solyc06g068280.3	0.46745032323779956	0
Solyc06g073790.3	0.46745032323779956	0
Solyc09g009220.5	0.46745032323779956	0
Solyc06g068410.3	0.46745032323779956	0
Solyc06g073900.3	0.46745032323779956	0
Solyc07g042440.3	0.46745032323779956	0
Solyc08g080560.3	0.46745032323779956	0
Solyc08g007180.3	0.46745032323779956	0
Solyc06g062360.3	0.46745032323779956	0
Solyc09g009530.4	0.46745032323779956	0
Solyc08g066610.3	0.46745032323779956	0
Solyc07g007120.3	0.46745032323779956	0
Solyc08g076180.3	0.46745032323779956	0
Solyc06g083810.3	0.46745032323779956	0
Solyc08g007400.4	0.46745032323779956	0
Solyc06g083920.4	0.46745032323779956	0
Solyc09g061930.5	0.46745032323779956	0
Solyc06g051450.2	0.46745032323779956	0
Solyc06g063120.4	0.46745032323779956	0
Solyc08g067180.5	0.46745032323779956	0
Solyc06g051540.4	0.46745032323779956	0
Solyc07g043550.3	0.46745032323779956	0
Solyc07g007860.1	0.46745032323779956	0
Solyc08g081450.5	0.46745032323779956	0
Solyc07g063510.3	0.46745032323779956	0
Solyc09g031970.3	0.46745032323779956	0
Solyc09g010410.3	0.46745032323779956	0
Solyc06g052060.3	0.46745032323779956	0
Solyc08g008310.3	0.46745032323779956	0
Solyc09g010565.1	0.46745032323779956	0
Solyc07g054470.1	0.46745032323779956	0
Solyc07g008340.4	0.46745032323779956	0
Solyc09g064860.3	0.46745032323779956	0
Solyc08g067800.3	0.46745032323779956	0
Solyc09g042700.4	0.46745032323779956	0
Solyc09g065010.4	0.46745032323779956	0
Solyc09g010850.4	0.46745032323779956	0
Solyc08g013710.4	0.46745032323779956	0
Solyc08g082240.1	0.46745032323779956	0
Solyc09g011010.3	0.46745032323779956	0
Solyc06g053630.3	0.46745032323779956	0
Solyc06g075960.1	0.46745032323779956	0
Solyc08g013940.3	0.46745032323779956	0
Solyc09g007340.5	0.46745032323779956	0
Solyc06g065370.3	0.46745032323779956	0
Solyc08g077760.3	0.46745032323779956	0
Solyc07g032080.3	0.46745032323779956	0
Solyc09g065370.3	0.46745032323779956	0
Solyc07g032260.3	0.46745032323779956	0
Solyc09g055570.3	0.46745032323779956	0
Solyc10g008100.3	0.46745032323779956	0
Solyc07g064690.1	0.46745032323779956	0
Solyc08g068820.3	0.46745032323779956	0
Solyc08g062610.4	0.46745032323779956	0
Solyc07g055700.2	0.46745032323779956	0
Solyc09g007920.4	0.46745032323779956	0
Solyc09g074350.1	0.46745032323779956	0
Solyc09g066010.3	0.46745032323779956	0
Solyc10g083910.3	0.46745032323779956	0
Solyc07g055810.3	0.46745032323779956	0
Solyc10g084060.2	0.46745032323779956	0
Solyc10g078690.3	0.46745032323779956	0
Solyc08g078670.2	0.46745032323779956	0
Solyc07g056050.1	0.46745032323779956	0
Solyc09g091160.1	0.46745032323779956	0
Solyc11g007610.2	0.46745032323779956	0
Solyc10g084370.3	0.46745032323779956	0
Solyc11g007710.2	0.46745032323779956	0
Solyc09g014300.3	0.46745032323779956	0
Solyc10g054440.3	0.46745032323779956	0
Solyc09g014410.3	0.46745032323779956	0
Solyc09g091420.4	0.46745032323779956	0
Solyc11g065380.2	0.46745032323779956	0
Solyc11g072010.3	0.46745032323779956	0
Solyc12g005140.2	0.46745032323779956	0
Solyc11g072090.2	0.46745032323779956	0
Solyc12g087870.2	0.46745032323779956	0
Solyc10g005060.4	0.46745032323779956	0
Solyc12g010640.3	0.46745032323779956	0
Solyc11g013880.1	0.46745032323779956	0
Solyc12g099200.2	0.46745032323779956	0
Solyc09g075720.4	0.46745032323779956	0
Solyc10g005310.3	0.46745032323779956	0
Solyc09g075780.2	0.46745032323779956	0
Solyc12g099370.2	0.46745032323779956	0
Solyc10g079880.2	0.46745032323779956	0
Solyc12g088410.4	0.46745032323779956	0
Solyc10g079910.2	0.46745032323779956	0
Solyc10g005650.3	0.46745032323779956	0
Solyc09g092400.2	0.46745032323779956	0
Solyc12g011190.2	0.46745032323779956	0
Solyc09g092480.1	0.46745032323779956	0
Solyc10g005790.3	0.46745032323779956	0
Solyc10g085670.2	0.46745032323779956	0
Solyc11g044360.3	0.46745032323779956	0
Solyc10g085790.2	0.46745032323779956	0
Solyc10g085800.2	0.46745032323779956	0
Solyc10g005930.2	0.46745032323779956	0
Solyc10g080230.2	0.46745032323779956	0
Solyc12g013530.2	0.46745032323779956	0
Solyc11g044560.3	0.46745032323779956	0
Solyc11g005330.2	0.46745032323779956	0
Solyc11g010100.2	0.46745032323779956	0
Solyc10g086070.2	0.46745032323779956	0
Solyc12g089060.2	0.46745032323779956	0
Solyc11g010230.2	0.46745032323779956	0
Solyc10g080590.2	0.46745032323779956	0
Solyc12g049400.2	0.46745032323779956	0
Solyc10g074630.3	0.46745032323779956	0
Solyc10g080610.1	0.46745032323779956	0
Solyc12g013950.2	0.46745032323779956	0
Solyc09g082770.3	0.46745032323779956	0
Solyc09g082790.5	0.46745032323779956	0
Solyc10g086410.3	0.46745032323779956	0
Solyc09g098300.3	0.46745032323779956	0
Solyc10g006580.3	0.46745032323779956	0
Solyc10g086510.2	0.46745032323779956	0
Solyc10g074920.2	0.46745032323779956	0
Solyc12g055840.2	0.46745032323779956	0
Solyc09g098500.4	0.46745032323779956	0
Solyc09g098510.4	0.46745032323779956	0
Solyc11g067280.2	0.46745032323779956	0
Solyc12g014480.2	0.46745032323779956	0
Solyc12g055950.2	0.46745032323779956	0
Solyc10g049890.3	0.46745032323779956	0
Solyc12g038160.2	0.46745032323779956	0
Solyc10g006930.4	0.46745032323779956	0
Solyc12g095770.2	0.46745032323779956	0
Solyc10g050160.2	0.46745032323779956	0
Solyc11g006470.2	0.46745032323779956	0
Solyc12g007120.2	0.46745032323779956	0
Solyc12g038570.4	0.46745032323779956	0
Solyc11g021060.2	0.46745032323779956	0
Solyc09g150155.1	0.46745032323779956	0
Solyc12g008420.3	0.46745032323779956	0
Solyc09g089870.3	0.46745032323779956	0
Solyc10g007460.5	0.46745032323779956	0
Solyc10g050970.1	0.46745032323779956	0
Solyc10g083170.2	0.46745032323779956	0
Solyc11g069320.1	0.46745032323779956	0
Solyc12g096670.2	0.46745032323779956	0
Solyc11g064750.3	0.46745032323779956	0
Solyc11g012490.2	0.46745032323779956	0
Solyc12g098500.2	0.46745032323779956	0
Solyc12g010030.3	0.46745032323779956	0
Solyc12g099100.2	0.46745032323779956	0
Solyc12g100110.1	0.4676495646546832	0
Solyc03g025490.3	0.46771507445702654	0
Solyc01g091100.2	0.46778056042886607	0
Solyc05g018710.3	0.46793721683538514	0
Solyc08g150142.1	0.46798315548588043	0
Solyc12g035220.1	0.46798315548588043	0
Solyc12g019645.1	0.46798315548588043	0
Solyc05g023830.1	0.46811939234745537	0
Solyc04g015730.4	0.46860538577028155	0
Solyc07g160320.1	0.46860538577028155	0
Solyc02g161210.1	0.46867952453341266	0
Solyc09g009490.5	0.46927345276908705	0
Solyc12g161350.1	0.4693022094743402	0
Solyc10g006160.1	0.46950337746410487	0
Solyc11g064990.2	0.4696971250540293	0
Solyc02g079530.4	0.4697330078091191	0
Solyc01g006910.4	0.46979036947545205	0
Solyc10g049270.2	0.46981904342724357	0
Solyc06g005010.1	0.4698696070143522	0
Solyc09g150116.1	0.4698696070143522	0
Solyc10g081800.2	0.4698696070143522	0
Solyc03g007790.3	0.4700769027681674	0
Solyc03g113480.1	0.47019138791277393	0
Solyc04g056440.3	0.47019138791277393	0
Solyc09g009760.1	0.47019138791277393	0
Solyc01g008650.3	0.47024860305784755	0
Solyc05g007650.1	0.47027720377776006	0
Solyc01g008390.3	0.4703019663682083	0
Solyc04g015380.1	0.47033439151830647	0
Solyc12g042980.2	0.47033439151830647	0
Solyc01g067210.5	0.4703915610011048	0
Solyc01g109920.3	0.4703915610011048	0
Solyc00g500104.2	0.4703915610011048	0
Solyc04g064660.1	0.4703915610011048	0
Solyc09g082900.3	0.4703915610011048	0
Solyc01g081240.3	0.47042013889883016	0
Solyc01g105387.1	0.47042013889883016	0
Solyc07g009410.5	0.47042013889883016	0
Solyc01g105090.3	0.47044871223569595	0
Solyc03g019990.2	0.47044871223569595	0
Solyc01g006070.3	0.47044871223569595	0
Solyc02g062430.3	0.47047728101289354	0
Solyc00g500025.1	0.47047728101289354	0
Solyc04g071330.4	0.47047728101289354	0
Solyc04g079240.3	0.47047728101289354	0
Solyc04g039940.3	0.47047728101289354	0
Solyc06g083750.3	0.47047728101289354	0
Solyc07g063320.3	0.47047728101289354	0
Solyc10g009020.3	0.47047728101289354	0
Solyc11g013470.1	0.47047728101289354	0
Solyc10g079460.1	0.47047728101289354	0
Solyc09g075680.1	0.47047728101289354	0
Solyc01g112220.4	0.47050584523161454	0
Solyc01g080460.3	0.47050584523161454	0
Solyc02g073580.1	0.47050584523161454	0
Solyc01g006630.3	0.47050584523161454	0
Solyc01g096550.3	0.47050584523161454	0
Solyc02g088320.4	0.47050584523161454	0
Solyc03g119840.3	0.47050584523161454	0
Solyc04g056260.2	0.47050584523161454	0
Solyc05g007220.4	0.47050584523161454	0
Solyc05g026600.3	0.47050584523161454	0
Solyc08g074550.3	0.47050584523161454	0
Solyc08g022240.1	0.47050584523161454	0
Solyc09g018230.1	0.47050584523161454	0
Solyc07g043410.1	0.47050584523161454	0
Solyc09g064160.3	0.47050584523161454	0
Solyc08g008160.4	0.47050584523161454	0
Solyc06g071340.1	0.47050584523161454	0
Solyc11g013270.2	0.47050584523161454	0
Solyc12g049440.3	0.47050584523161454	0
Solyc02g083510.3	0.47246572489487293	0
Solyc09g065770.1	0.47259324710764605	0
Solyc05g053530.1	0.47271392273505897	0
Solyc07g019450.3	0.47278435952454534	0
Solyc06g160100.1	0.4729832391263714	0
Solyc08g065370.1	0.4731326835814119	0
Solyc03g025640.2	0.4739656702300762	0
Solyc06g075770.1	0.474042665124235	0
Solyc11g005780.3	0.4740811500667571	0
Solyc03g058330.3	0.4741196266768506	0
Solyc05g054380.2	0.4741580949574704	0
Solyc12g160960.1	0.4749162905897024	0
Solyc09g014550.3	0.47524135089428354	0
Solyc05g052560.1	0.475388908810479	0
Solyc05g050730.1	0.4761037359956868	0
Solyc01g009335.2	0.4762701267612568	0
Solyc07g056300.1	0.47630338614581735	0
Solyc12g056678.1	0.47630338614581735	0
Solyc07g043710.5	0.47703321020781997	0
Solyc01g108820.1	0.47729605248062923	0
Solyc11g071450.3	0.47738357969599876	0
Solyc02g062150.3	0.47861720543556596	0
Solyc04g071060.4	0.47861720543556596	0
Solyc00g500368.1	0.4786398352857738	0
Solyc01g073850.1	0.4786398352857738	0
Solyc06g059880.3	0.4786398352857738	0
Solyc05g009440.2	0.4786398352857738	0
Solyc08g161750.1	0.4786398352857738	0
Solyc10g019190.2	0.4786398352857738	0
Solyc10g019260.3	0.4786398352857738	0
Solyc12g062220.1	0.47873786437146937	0
Solyc12g006820.1	0.478749198442483	0
Solyc05g005450.2	0.4787780656459687	0
Solyc11g038340.1	0.4787780656459687	0
Solyc10g084010.1	0.4789227732611254	0
Solyc09g092220.3	0.47979651755856023	0
Solyc03g051660.3	0.4799149358254847	0
Solyc05g055150.1	0.4799149358254847	0
Solyc05g051720.1	0.4799149358254847	0
Solyc06g043160.1	0.4799149358254847	0
Solyc08g016410.1	0.4799149358254847	0
Solyc02g161600.1	0.4806305081438845	0
Solyc03g094110.4	0.48066095828565225	0
Solyc06g082450.1	0.48069140314022674	0
Solyc10g006110.3	0.48073503434257714	0
Solyc11g070090.1	0.4812494038379467	0
Solyc07g041300.2	0.48150602325542324	0
Solyc01g110950.4	0.4815779361759198	0
Solyc01g009600.5	0.48180370949709805	0
Solyc06g005760.1	0.48186816268035004	0
Solyc01g108835.1	0.48207494491545766	0
Solyc03g111415.1	0.4821033424764867	0
Solyc11g064775.1	0.4821033424764867	0
Solyc03g044830.5	0.4822764327475899	0
Solyc03g116420.1	0.48236116343902613	0
Solyc04g150150.1	0.48236116343902613	0
Solyc03g051663.1	0.48236116343902613	0
Solyc09g031543.1	0.48236116343902613	0
Solyc07g008130.3	0.48236116343902613	0
Solyc12g055880.3	0.48236116343902613	0
Solyc10g052520.3	0.48236116343902613	0
Solyc08g066690.4	0.4823870646233822	0
Solyc10g054340.1	0.48252875312616517	0
Solyc03g058910.3	0.48264202123403066	0
Solyc06g075100.3	0.4826986277500569	0
Solyc09g010040.3	0.48306612336608856	0
Solyc06g006024.2	0.48312259252765744	0
Solyc11g161600.1	0.4832354760426878	0
Solyc04g005610.3	0.48334828654488027	0
Solyc10g082066.2	0.48337647777125303	0
Solyc00g500246.1	0.4834046644403751	0
Solyc04g051475.1	0.4834046644403751	0
Solyc11g066710.4	0.4834328465534552	0
Solyc01g099210.3	0.4834610241117019	0
Solyc08g015750.3	0.4834610241117019	0
Solyc03g119390.5	0.4834891971163231	0
Solyc11g011800.3	0.4834891971163231	0
Solyc12g039080.3	0.4835173655685264	0
Solyc08g029050.4	0.4835455294695189	0
Solyc06g065420.2	0.4835455294695189	0
Solyc01g163150.1	0.48355977470980716	0
Solyc12g062720.3	0.48355977470980716	0
Solyc03g005990.3	0.48357368882050744	0
Solyc06g007810.1	0.48357368882050744	0
Solyc05g010710.3	0.48357368882050744	0
Solyc03g078690.4	0.48357368882050744	0
Solyc12g040320.2	0.48357368882050744	0
Solyc10g078350.2	0.48357368882050744	0
Solyc02g070610.3	0.4836018436226981	0
Solyc04g079660.2	0.4836018436226981	0
Solyc07g039530.1	0.4836018436226981	0
Solyc07g006500.3	0.4836018436226981	0
Solyc01g090650.1	0.48362999387729666	0
Solyc01g008660.4	0.48362999387729666	0
Solyc00g500341.1	0.48362999387729666	0
Solyc00g500102.1	0.48362999387729666	0
Solyc03g025510.3	0.48362999387729666	0
Solyc03g025930.4	0.48362999387729666	0
Solyc03g033510.3	0.48362999387729666	0
Solyc03g116360.2	0.48362999387729666	0
Solyc03g116390.5	0.48362999387729666	0
Solyc05g012870.1	0.48362999387729666	0
Solyc05g051760.2	0.48362999387729666	0
Solyc08g075010.4	0.48362999387729666	0
Solyc06g051040.5	0.48362999387729666	0
Solyc11g069120.1	0.48362999387729666	0
Solyc10g082063.1	0.48362999387729666	0
Solyc01g008620.5	0.4836581395855085	0
Solyc03g006410.3	0.4836581395855085	0
Solyc00g500325.1	0.4836581395855085	0
Solyc01g160650.1	0.4836581395855085	0
Solyc01g110140.5	0.4836581395855085	0
Solyc01g014840.3	0.4836581395855085	0
Solyc01g088630.3	0.4836581395855085	0
Solyc02g079810.3	0.4836581395855085	0
Solyc02g093330.4	0.4836581395855085	0
Solyc01g008230.5	0.4836581395855085	0
Solyc03g093700.3	0.4836581395855085	0
Solyc06g008250.3	0.4836581395855085	0
Solyc05g012070.3	0.4836581395855085	0
Solyc04g007360.1	0.4836581395855085	0
Solyc03g113130.3	0.4836581395855085	0
Solyc04g007490.3	0.4836581395855085	0
Solyc04g079860.1	0.4836581395855085	0
Solyc03g117990.1	0.4836581395855085	0
Solyc05g008560.1	0.4836581395855085	0
Solyc07g056260.4	0.4836581395855085	0
Solyc07g066240.3	0.4836581395855085	0
Solyc06g060540.4	0.4836581395855085	0
Solyc06g073390.3	0.4836581395855085	0
Solyc08g080390.4	0.4836581395855085	0
Solyc09g018550.1	0.4836581395855085	0
Solyc07g053390.1	0.4836581395855085	0
Solyc09g010020.2	0.4836581395855085	0
Solyc06g064430.1	0.4836581395855085	0
Solyc07g065440.5	0.4836581395855085	0
Solyc11g071730.3	0.4836581395855085	0
Solyc10g079125.1	0.4836581395855085	0
Solyc11g071990.2	0.4836581395855085	0
Solyc12g005250.2	0.4836581395855085	0
Solyc11g008380.3	0.4836581395855085	0
Solyc12g044700.2	0.4836581395855085	0
Solyc10g075030.3	0.4836581395855085	0
Solyc09g083320.1	0.4836581395855085	0
Solyc09g089680.4	0.4836581395855085	0
Solyc12g096350.2	0.4836581395855085	0
Solyc09g160710.1	0.4836581395855085	0
Solyc09g082420.1	0.48391212477401824	0
Solyc02g021160.2	0.48394864862192366	0
Solyc07g064220.1	0.48394864862192366	0
Solyc03g008015.1	0.48414574513606745	0
Solyc05g012660.3	0.4842136486037575	0
Solyc04g054915.1	0.48428152559202664	0
Solyc09g061390.1	0.4845792287965296	0
Solyc02g076910.3	0.4846243212935316	0
Solyc07g021170.3	0.4846243212935316	0
Solyc02g067760.5	0.4846694021020669	0
Solyc03g096620.3	0.4846694021020669	0
Solyc04g074060.3	0.4846694021020669	0
Solyc03g031900.2	0.48508453331309265	0
Solyc05g053420.1	0.4852303824436712	0
Solyc02g038809.1	0.485327547207937	0
Solyc02g094270.2	0.485327547207937	0
Solyc04g162630.1	0.48537610921196084	0
Solyc07g053340.2	0.48537610921196084	0
Solyc12g006390.2	0.48537610921196084	0
Solyc12g042840.2	0.48537610921196084	0
Solyc12g056890.1	0.4866354787233297	0
Solyc10g049470.1	0.48676083367252343	0
Solyc12g010000.3	0.48875201427103787	0
Solyc01g095930.4	0.4888972689811659	0
Solyc08g005370.2	0.4892696286149154	0
Solyc01g066990.1	0.4894965564774413	0
Solyc04g076770.3	0.49041515629878096	0
Solyc10g047500.2	0.4904294836074322	0
Solyc10g082061.1	0.4909390642036148	0
Solyc07g055480.2	0.4915390885052381	0
Solyc07g021450.3	0.49178264339491096	0
Solyc11g020660.1	0.49178264339491096	0
Solyc06g060500.1	0.4918521669781859	0
Solyc11g068580.1	0.4918521669781859	0
Solyc09g089910.1	0.4923186159411247	0
Solyc01g090150.1	0.49240399278040736	0
Solyc01g080050.5	0.49348390382545987	0
Solyc02g080140.4	0.49348390382545987	0
Solyc02g038740.4	0.49348390382545987	0
Solyc01g097390.4	0.49348390382545987	0
Solyc02g084850.3	0.49348390382545987	0
Solyc01g080340.4	0.49348390382545987	0
Solyc01g107940.3	0.49348390382545987	0
Solyc01g097510.4	0.49348390382545987	0
Solyc00g500295.1	0.49348390382545987	0
Solyc02g071870.4	0.49348390382545987	0
Solyc01g108000.3	0.49348390382545987	0
Solyc01g103250.4	0.49348390382545987	0
Solyc02g071940.1	0.49348390382545987	0
Solyc01g008990.4	0.49348390382545987	0
Solyc01g097740.3	0.49348390382545987	0
Solyc02g089690.3	0.49348390382545987	0
Solyc02g072220.1	0.49348390382545987	0
Solyc00g500328.1	0.49348390382545987	0
Solyc01g150166.1	0.49348390382545987	0
Solyc02g014750.3	0.49348390382545987	0
Solyc01g104020.2	0.49348390382545987	0
Solyc01g066590.3	0.49348390382545987	0
Solyc02g076660.3	0.49348390382545987	0
Solyc02g085750.4	0.49348390382545987	0
Solyc02g020980.4	0.49348390382545987	0
Solyc01g091860.5	0.49348390382545987	0
Solyc02g021060.4	0.49348390382545987	0
Solyc02g085870.3	0.49348390382545987	0
Solyc02g081440.4	0.49348390382545987	0
Solyc01g104400.3	0.49348390382545987	0
Solyc02g086080.4	0.49348390382545987	0
Solyc01g098710.3	0.49348390382545987	0
Solyc03g007530.3	0.49348390382545987	0
Solyc02g062140.2	0.49348390382545987	0
Solyc01g010060.2	0.49348390382545987	0
Solyc02g077100.3	0.49348390382545987	0
Solyc03g007670.4	0.49348390382545987	0
Solyc03g007700.1	0.49348390382545987	0
Solyc02g086260.1	0.49348390382545987	0
Solyc02g062350.3	0.49348390382545987	0
Solyc01g098930.3	0.49348390382545987	0
Solyc01g049650.4	0.49348390382545987	0
Solyc02g022830.3	0.49348390382545987	0
Solyc01g094460.3	0.49348390382545987	0
Solyc02g062640.4	0.49348390382545987	0
Solyc02g082130.2	0.49348390382545987	0
Solyc02g062680.3	0.49348390382545987	0
Solyc01g099440.5	0.49348390382545987	0
Solyc01g094700.5	0.49348390382545987	0
Solyc01g105310.3	0.49348390382545987	0
Solyc02g069230.3	0.49348390382545987	0
Solyc01g105370.4	0.49348390382545987	0
Solyc00g500049.1	0.49348390382545987	0
Solyc01g094920.4	0.49348390382545987	0
Solyc01g099790.3	0.49348390382545987	0
Solyc01g087490.4	0.49348390382545987	0
Solyc02g063230.1	0.49348390382545987	0
Solyc01g056810.4	0.49348390382545987	0
Solyc01g068130.4	0.49348390382545987	0
Solyc02g087120.4	0.49348390382545987	0
Solyc03g019790.3	0.49348390382545987	0
Solyc01g109930.4	0.49348390382545987	0
Solyc03g019880.3	0.49348390382545987	0
Solyc02g031860.3	0.49348390382545987	0
Solyc02g069610.3	0.49348390382545987	0
Solyc01g100040.3	0.49348390382545987	0
Solyc02g069690.1	0.49348390382545987	0
Solyc01g100110.4	0.49348390382545987	0
Solyc02g069830.5	0.49348390382545987	0
Solyc02g064750.4	0.49348390382545987	0
Solyc01g110460.4	0.49348390382545987	0
Solyc02g064940.1	0.49348390382545987	0
Solyc01g006520.3	0.49348390382545987	0
Solyc02g087740.3	0.49348390382545987	0
Solyc02g065000.1	0.49348390382545987	0
Solyc02g087770.3	0.49348390382545987	0
Solyc02g083220.2	0.49348390382545987	0
Solyc02g070210.3	0.49348390382545987	0
Solyc02g070340.3	0.49348390382545987	0
Solyc01g074020.3	0.49348390382545987	0
Solyc03g005280.4	0.49348390382545987	0
Solyc01g058470.1	0.49348390382545987	0
Solyc01g111150.2	0.49348390382545987	0
Solyc01g101020.4	0.49348390382545987	0
Solyc01g059830.3	0.49348390382545987	0
Solyc01g096430.4	0.49348390382545987	0
Solyc01g088800.4	0.49348390382545987	0
Solyc02g070870.4	0.49348390382545987	0
Solyc01g106770.4	0.49348390382545987	0
Solyc01g111500.3	0.49348390382545987	0
Solyc01g111630.3	0.49348390382545987	0
Solyc03g083480.5	0.49348390382545987	0
Solyc02g092860.3	0.49348390382545987	0
Solyc02g079590.3	0.49348390382545987	0
Solyc02g079600.3	0.49348390382545987	0
Solyc02g066940.5	0.49348390382545987	0
Solyc02g088690.5	0.49348390382545987	0
Solyc01g079750.3	0.49348390382545987	0
Solyc01g090280.4	0.49348390382545987	0
Solyc03g119530.3	0.49348390382545987	0
Solyc02g084400.4	0.49348390382545987	0
Solyc04g077270.4	0.49348390382545987	0
Solyc05g009500.3	0.49348390382545987	0
Solyc04g050560.4	0.49348390382545987	0
Solyc04g009140.4	0.49348390382545987	0
Solyc06g007250.4	0.49348390382545987	0
Solyc03g115410.3	0.49348390382545987	0
Solyc05g005070.2	0.49348390382545987	0
Solyc04g077490.3	0.49348390382545987	0
Solyc05g005100.4	0.49348390382545987	0
Solyc04g009320.3	0.49348390382545987	0
Solyc05g005130.3	0.49348390382545987	0
Solyc04g077560.3	0.49348390382545987	0
Solyc03g111320.1	0.49348390382545987	0
Solyc03g111330.5	0.49348390382545987	0
Solyc03g115640.3	0.49348390382545987	0
Solyc05g052240.3	0.49348390382545987	0
Solyc03g120155.1	0.49348390382545987	0
Solyc03g093550.1	0.49348390382545987	0
Solyc03g115720.3	0.49348390382545987	0
Solyc03g115760.3	0.49348390382545987	0
Solyc04g077920.3	0.49348390382545987	0
Solyc04g071610.5	0.49348390382545987	0
Solyc03g065340.3	0.49348390382545987	0
Solyc04g071650.4	0.49348390382545987	0
Solyc03g116160.1	0.49348390382545987	0
Solyc04g051820.4	0.49348390382545987	0
Solyc04g082780.3	0.49348390382545987	0
Solyc06g008160.4	0.49348390382545987	0
Solyc04g078490.1	0.49348390382545987	0
Solyc03g112210.1	0.49348390382545987	0
Solyc04g078670.3	0.49348390382545987	0
Solyc03g044260.3	0.49348390382545987	0
Solyc05g017760.4	0.49348390382545987	0
Solyc03g116700.5	0.49348390382545987	0
Solyc05g006215.1	0.49348390382545987	0
Solyc04g054270.5	0.49348390382545987	0
Solyc03g095770.3	0.49348390382545987	0
Solyc04g072410.4	0.49348390382545987	0
Solyc05g046150.3	0.49348390382545987	0
Solyc03g116970.3	0.49348390382545987	0
Solyc05g006510.3	0.49348390382545987	0
Solyc04g007010.3	0.49348390382545987	0
Solyc05g006540.3	0.49348390382545987	0
Solyc03g117090.3	0.49348390382545987	0
Solyc05g006580.3	0.49348390382545987	0
Solyc05g006590.3	0.49348390382545987	0
Solyc04g072800.4	0.49348390382545987	0
Solyc06g009190.5	0.49348390382545987	0
Solyc04g079380.1	0.49348390382545987	0
Solyc03g113030.5	0.49348390382545987	0
Solyc04g054890.3	0.49348390382545987	0
Solyc05g048750.3	0.49348390382545987	0
Solyc05g006880.1	0.49348390382545987	0
Solyc05g006910.4	0.49348390382545987	0
Solyc03g121730.3	0.49348390382545987	0
Solyc04g074080.3	0.49348390382545987	0
Solyc05g007100.3	0.49348390382545987	0
Solyc03g117740.3	0.49348390382545987	0
Solyc03g082520.1	0.49348390382545987	0
Solyc05g050210.5	0.49348390382545987	0
Solyc04g014700.4	0.49348390382545987	0
Solyc05g050240.3	0.49348390382545987	0
Solyc03g097120.3	0.49348390382545987	0
Solyc03g122240.3	0.49348390382545987	0
Solyc05g013310.1	0.49348390382545987	0
Solyc04g074760.3	0.49348390382545987	0
Solyc03g122370.4	0.49348390382545987	0
Solyc04g080160.3	0.49348390382545987	0
Solyc03g113910.3	0.49348390382545987	0
Solyc03g123590.4	0.49348390382545987	0
Solyc03g113970.4	0.49348390382545987	0
Solyc05g013670.3	0.49348390382545987	0
Solyc06g011400.2	0.49348390382545987	0
Solyc04g080580.3	0.49348390382545987	0
Solyc04g015620.3	0.49348390382545987	0
Solyc05g050950.2	0.49348390382545987	0
Solyc04g076240.3	0.49348390382545987	0
Solyc03g097980.4	0.49348390382545987	0
Solyc03g058880.5	0.49348390382545987	0
Solyc06g005780.1	0.49348390382545987	0
Solyc03g118540.4	0.49348390382545987	0
Solyc03g083390.5	0.49348390382545987	0
Solyc03g098140.3	0.49348390382545987	0
Solyc03g114390.1	0.49348390382545987	0
Solyc06g005980.5	0.49348390382545987	0
Solyc06g054020.3	0.49348390382545987	0
Solyc06g005990.4	0.49348390382545987	0
Solyc06g006000.3	0.49348390382545987	0
Solyc05g055430.5	0.49348390382545987	0
Solyc06g054130.1	0.49348390382545987	0
Solyc06g076590.3	0.49348390382545987	0
Solyc05g026240.3	0.49348390382545987	0
Solyc05g051520.3	0.49348390382545987	0
Solyc07g056060.4	0.49348390382545987	0
Solyc05g051690.3	0.49348390382545987	0
Solyc05g055780.4	0.49348390382545987	0
Solyc06g076965.1	0.49348390382545987	0
Solyc07g056210.5	0.49348390382545987	0
Solyc08g074590.2	0.49348390382545987	0
Solyc07g065850.3	0.49348390382545987	0
Solyc06g072740.1	0.49348390382545987	0
Solyc08g021930.2	0.49348390382545987	0
Solyc07g005590.4	0.49348390382545987	0
Solyc05g056280.2	0.49348390382545987	0
Solyc08g079420.3	0.49348390382545987	0
Solyc08g063080.3	0.49348390382545987	0
Solyc06g035490.3	0.49348390382545987	0
Solyc07g066190.3	0.49348390382545987	0
Solyc05g009390.3	0.49348390382545987	0
Solyc06g060350.4	0.49348390382545987	0
Solyc06g060460.3	0.49348390382545987	0
Solyc08g079670.3	0.49348390382545987	0
Solyc06g082870.4	0.49348390382545987	0
Solyc06g082900.3	0.49348390382545987	0
Solyc06g067960.3	0.49348390382545987	0
Solyc07g062030.3	0.49348390382545987	0
Solyc09g059310.3	0.49348390382545987	0
Solyc08g075400.3	0.49348390382545987	0
Solyc07g052720.4	0.49348390382545987	0
Solyc08g080150.1	0.49348390382545987	0
Solyc06g050170.4	0.49348390382545987	0
Solyc06g073730.2	0.49348390382545987	0
Solyc07g052910.3	0.49348390382545987	0
Solyc08g075790.5	0.49348390382545987	0
Solyc08g080420.5	0.49348390382545987	0
Solyc08g066260.3	0.49348390382545987	0
Solyc09g009500.3	0.49348390382545987	0
Solyc06g050810.3	0.49348390382545987	0
Solyc07g007130.1	0.49348390382545987	0
Solyc07g042820.3	0.49348390382545987	0
Solyc07g007270.3	0.49348390382545987	0
Solyc08g081040.3	0.49348390382545987	0
Solyc09g009720.3	0.49348390382545987	0
Solyc06g062830.4	0.49348390382545987	0
Solyc06g062920.3	0.49348390382545987	0
Solyc08g081130.4	0.49348390382545987	0
Solyc08g067020.5	0.49348390382545987	0
Solyc09g025260.4	0.49348390382545987	0
Solyc09g025270.3	0.49348390382545987	0
Solyc08g076570.3	0.49348390382545987	0
Solyc09g005300.3	0.49348390382545987	0
Solyc08g081300.4	0.49348390382545987	0
Solyc06g063160.1	0.49348390382545987	0
Solyc06g069300.1	0.49348390382545987	0
Solyc06g084360.4	0.49348390382545987	0
Solyc09g010000.5	0.49348390382545987	0
Solyc08g076880.3	0.49348390382545987	0
Solyc08g048450.4	0.49348390382545987	0
Solyc07g063430.3	0.49348390382545987	0
Solyc06g069520.4	0.49348390382545987	0
Solyc07g044840.3	0.49348390382545987	0
Solyc09g005760.3	0.49348390382545987	0
Solyc08g077220.3	0.49348390382545987	0
Solyc07g045080.3	0.49348390382545987	0
Solyc08g067820.3	0.49348390382545987	0
Solyc06g053320.4	0.49348390382545987	0
Solyc08g068050.3	0.49348390382545987	0
Solyc08g005060.3	0.49348390382545987	0
Solyc06g071050.5	0.49348390382545987	0
Solyc07g064150.4	0.49348390382545987	0
Solyc08g005200.3	0.49348390382545987	0
Solyc06g071160.3	0.49348390382545987	0
Solyc09g065180.3	0.49348390382545987	0
Solyc08g068300.3	0.49348390382545987	0
Solyc08g005310.4	0.49348390382545987	0
Solyc08g082540.3	0.49348390382545987	0
Solyc09g065520.5	0.49348390382545987	0
Solyc08g082810.4	0.49348390382545987	0
Solyc08g078100.1	0.49348390382545987	0
Solyc08g078150.1	0.49348390382545987	0
Solyc09g065910.3	0.49348390382545987	0
Solyc09g074510.3	0.49348390382545987	0
Solyc07g055920.4	0.49348390382545987	0
Solyc09g074570.1	0.49348390382545987	0
Solyc10g008630.3	0.49348390382545987	0
Solyc09g057950.3	0.49348390382545987	0
Solyc10g054060.2	0.49348390382545987	0
Solyc08g078610.4	0.49348390382545987	0
Solyc10g054080.3	0.49348390382545987	0
Solyc09g013080.3	0.49348390382545987	0
Solyc08g074450.3	0.49348390382545987	0
Solyc09g066460.4	0.49348390382545987	0
Solyc11g007660.1	0.49348390382545987	0
Solyc08g078820.3	0.49348390382545987	0
Solyc11g071640.3	0.49348390382545987	0
Solyc08g078940.1	0.49348390382545987	0
Solyc09g091470.3	0.49348390382545987	0
Solyc11g071840.2	0.49348390382545987	0
Solyc09g091560.3	0.49348390382545987	0
Solyc10g079200.2	0.49348390382545987	0
Solyc12g020050.2	0.49348390382545987	0
Solyc10g084920.2	0.49348390382545987	0
Solyc12g005180.2	0.49348390382545987	0
Solyc11g008100.3	0.49348390382545987	0
Solyc09g075550.3	0.49348390382545987	0
Solyc12g044350.1	0.49348390382545987	0
Solyc09g075800.4	0.49348390382545987	0
Solyc10g079755.1	0.49348390382545987	0
Solyc10g085340.1	0.49348390382545987	0
Solyc11g066050.1	0.49348390382545987	0
Solyc12g099390.2	0.49348390382545987	0
Solyc12g088370.2	0.49348390382545987	0
Solyc11g072580.2	0.49348390382545987	0
Solyc11g042880.3	0.49348390382545987	0
Solyc12g005690.1	0.49348390382545987	0
Solyc12g099490.3	0.49348390382545987	0
Solyc10g079970.2	0.49348390382545987	0
Solyc12g088530.2	0.49348390382545987	0
Solyc11g017420.2	0.49348390382545987	0
Solyc12g011270.2	0.49348390382545987	0
Solyc12g044820.3	0.49348390382545987	0
Solyc09g092520.3	0.49348390382545987	0
Solyc10g005960.1	0.49348390382545987	0
Solyc10g085880.1	0.49348390382545987	0
Solyc12g088810.3	0.49348390382545987	0
Solyc10g006050.3	0.49348390382545987	0
Solyc12g013550.2	0.49348390382545987	0
Solyc11g005370.2	0.49348390382545987	0
Solyc12g013650.2	0.49348390382545987	0
Solyc09g097850.1	0.49348390382545987	0
Solyc11g009060.2	0.49348390382545987	0
Solyc11g009070.2	0.49348390382545987	0
Solyc10g086020.4	0.49348390382545987	0
Solyc09g097960.3	0.49348390382545987	0
Solyc09g097970.3	0.49348390382545987	0
Solyc10g074560.2	0.49348390382545987	0
Solyc10g017880.2	0.49348390382545987	0
Solyc12g006310.2	0.49348390382545987	0
Solyc11g020040.2	0.49348390382545987	0
Solyc11g067010.2	0.49348390382545987	0
Solyc11g067020.3	0.49348390382545987	0
Solyc12g014170.2	0.49348390382545987	0
Solyc12g006630.2	0.49348390382545987	0
Solyc10g080950.2	0.49348390382545987	0
Solyc11g006020.2	0.49348390382545987	0
Solyc10g081030.3	0.49348390382545987	0
Solyc12g095760.2	0.49348390382545987	0
Solyc10g150128.1	0.49348390382545987	0
Solyc11g068710.3	0.49348390382545987	0
Solyc10g081720.2	0.49348390382545987	0
Solyc12g039170.1	0.49348390382545987	0
Solyc10g076810.1	0.49348390382545987	0
Solyc11g006930.3	0.49348390382545987	0
Solyc10g081920.2	0.49348390382545987	0
Solyc11g069050.2	0.49348390382545987	0
Solyc10g076920.3	0.49348390382545987	0
Solyc12g056710.4	0.49348390382545987	0
Solyc10g007700.3	0.49348390382545987	0
Solyc10g007760.5	0.49348390382545987	0
Solyc12g096570.1	0.49348390382545987	0
Solyc12g096580.2	0.49348390382545987	0
Solyc11g030390.2	0.49348390382545987	0
Solyc10g078310.2	0.49348390382545987	0
Solyc11g069400.2	0.49348390382545987	0
Solyc12g041880.2	0.49348390382545987	0
Solyc10g083260.1	0.49348390382545987	0
Solyc12g057120.3	0.49348390382545987	0
Solyc12g097030.2	0.49348390382545987	0
Solyc03g070390.3	0.49356655761026647	0
Solyc01g111790.2	0.4944198355964218	0
Solyc12g095950.1	0.494569576269839	0
Solyc09g031800.1	0.49458386561910317	0
Solyc07g054800.1	0.49595180293104246	0
Solyc00g500346.1	0.4960207726051453	0
Solyc02g086120.2	0.4960632301272728	0
Solyc08g067120.3	0.4960632301272728	0
Solyc05g007230.4	0.49645265048350984	0
Solyc08g161430.1	0.49659151292733883	0
Solyc04g058000.2	0.4966192717824093	0
Solyc01g111270.3	0.4966747758686362	0
Solyc09g005540.3	0.4966747758686362	0
Solyc02g064570.2	0.4967579979565139	0
Solyc04g007810.1	0.4967579979565139	0
Solyc10g079810.1	0.4967579979565139	0
Solyc05g009770.4	0.4968411792239277	0
Solyc05g160250.1	0.4968411792239277	0
Solyc03g111130.1	0.4968688972475419	0
Solyc05g047530.3	0.4969243197037957	0
Solyc04g005620.3	0.4969520241388704	0
Solyc04g063300.3	0.4969520241388704	0
Solyc08g075590.2	0.4969520241388704	0
Solyc02g089220.4	0.4969797240468663	0
Solyc08g061570.3	0.4969797240468663	0
Solyc10g008570.3	0.4969797240468663	0
Solyc01g017720.2	0.49700741942900006	0
Solyc00g118690.1	0.49700741942900006	0
Solyc02g085790.3	0.49700741942900006	0
Solyc00g180440.2	0.49700741942900006	0
Solyc01g087060.4	0.49700741942900006	0
Solyc04g082620.3	0.49700741942900006	0
Solyc03g045020.5	0.49700741942900006	0
Solyc05g047640.3	0.49700741942900006	0
Solyc05g054370.2	0.49700741942900006	0
Solyc03g123890.4	0.49700741942900006	0
Solyc06g035810.1	0.49700741942900006	0
Solyc06g059810.1	0.49700741942900006	0
Solyc08g036500.1	0.49700741942900006	0
Solyc08g081340.4	0.49700741942900006	0
Solyc08g077340.2	0.49700741942900006	0
Solyc07g064110.3	0.49700741942900006	0
Solyc06g076130.3	0.49700741942900006	0
Solyc11g042820.2	0.49700741942900006	0
Solyc09g082110.5	0.49700741942900006	0
Solyc11g011140.2	0.49700741942900006	0
Solyc01g109140.3	0.49765465009199217	0
Solyc06g064960.3	0.4986581073992006	0
Solyc06g043260.2	0.4988371097624399	0
Solyc05g017795.1	0.49899875114368264	0
Solyc01g059910.3	0.4991576559140106	0
Solyc10g055423.2	0.4991576559140106	0
Solyc12g077690.1	0.4991576559140106	0
Solyc07g064370.1	0.5006166039629799	0
Solyc12g056820.2	0.5014927052664054	0
Solyc08g078350.1	0.5015810459415941	0
Solyc08g007930.2	0.5016251988528699	0
Solyc10g009310.5	0.5018957884520883	0
Solyc12g088280.3	0.5022079456350093	0
Solyc10g085540.1	0.5022599153817556	0
Solyc08g067125.1	0.5023638065632201	0
Solyc10g083320.3	0.5023638065632201	0
Solyc10g054790.2	0.5024080029482267	0
Solyc01g097960.3	0.5024157280143611	0
Solyc02g081220.3	0.5024157280143611	0
Solyc01g081584.1	0.5024157280143611	0
Solyc01g067940.2	0.5024157280143611	0
Solyc04g072090.1	0.5024157280143611	0
Solyc08g005760.1	0.5024157280143611	0
Solyc10g045525.2	0.5024157280143611	0
Solyc03g116960.4	0.5026079296343476	0
Solyc05g007790.3	0.5028588388894386	0
Solyc02g070200.3	0.502906383594711	0
Solyc04g050403.1	0.5029539148005471	0
Solyc09g011950.2	0.5041988022303459	0
Solyc01g160110.1	0.5042553399825439	0
Solyc01g007580.3	0.5044530714359752	0
Solyc07g017230.3	0.5050212466969755	0
Solyc03g058490.1	0.5050268032297851	0
Solyc10g052790.2	0.5050268032297851	0
Solyc01g057330.1	0.5051750853684382	0
Solyc09g031910.2	0.5051819144518244	0
Solyc12g042797.1	0.5059146371770935	0
Solyc02g005607.1	0.5059426188616596	0
Solyc05g011825.2	0.5059705958396644	0
Solyc06g053280.2	0.5061537572759078	0
Solyc08g075800.1	0.5065551690490403	0
Solyc01g008640.5	0.5066741896543063	0
Solyc01g081588.1	0.5066741896543063	0
Solyc02g161020.1	0.5066741896543063	0
Solyc02g161100.1	0.5066741896543063	0
Solyc01g057747.2	0.5066741896543063	0
Solyc01g110825.1	0.5066741896543063	0
Solyc05g041390.1	0.5066741896543063	0
Solyc04g051760.1	0.5066741896543063	0
Solyc04g072480.3	0.5066741896543063	0
Solyc03g095903.1	0.5066741896543063	0
Solyc05g018190.1	0.5066741896543063	0
Solyc03g078590.1	0.5066741896543063	0
Solyc03g044970.1	0.5066741896543063	0
Solyc04g014200.2	0.5066741896543063	0
Solyc04g056490.3	0.5066741896543063	0
Solyc06g010270.1	0.5066741896543063	0
Solyc04g015250.1	0.5066741896543063	0
Solyc06g011440.1	0.5066741896543063	0
Solyc04g162000.1	0.5066741896543063	0
Solyc05g008155.1	0.5066741896543063	0
Solyc04g162400.1	0.5066741896543063	0
Solyc06g017870.1	0.5066741896543063	0
Solyc07g017930.1	0.5066741896543063	0
Solyc09g009320.2	0.5066741896543063	0
Solyc07g042670.1	0.5066741896543063	0
Solyc06g052143.1	0.5066741896543063	0
Solyc09g090450.1	0.5066741896543063	0
Solyc07g009133.2	0.5066741896543063	0
Solyc09g011700.1	0.5066741896543063	0
Solyc08g150110.1	0.5066741896543063	0
Solyc10g009260.1	0.5066741896543063	0
Solyc11g040410.1	0.5066741896543063	0
Solyc10g162930.1	0.5066741896543063	0
Solyc11g018776.1	0.5066741896543063	0
Solyc11g068700.2	0.5066741896543063	0
Solyc10g076490.1	0.5066741896543063	0
Solyc12g161700.1	0.5066741896543063	0
Solyc11g063590.2	0.5066741896543063	0
Solyc01g005230.5	0.507196943082229	0
Solyc03g034455.2	0.507196943082229	0
Solyc08g075830.5	0.5081107916781852	0
Solyc02g069730.3	0.5082212194256337	0
Solyc02g032820.3	0.5087722554632786	0
Solyc06g084330.3	0.5087997591322393	0
Solyc11g044453.1	0.5089646851174645	0
Solyc06g065073.1	0.5089921567885997	0
Solyc09g091630.1	0.5090470864337855	0
Solyc11g012600.3	0.5090470864337855	0
Solyc09g010720.3	0.5091843307053937	0
Solyc02g070910.3	0.5095132524018087	0
Solyc03g097960.1	0.5098688461593764	0
Solyc09g160500.1	0.5099234849281691	0
Solyc06g005120.1	0.5099312832170573	0
Solyc06g048840.3	0.5099781056014772	0
Solyc02g084173.1	0.5100054091554098	0
Solyc05g021190.3	0.5100327081891729	0
Solyc04g014940.2	0.5100327081891729	0
Solyc12g017267.1	0.5100327081891729	0
Solyc02g081510.3	0.5101145781817686	0
Solyc12g005680.3	0.5102236749642568	0
Solyc01g094600.2	0.5102509378810036	0
Solyc07g005033.1	0.5102509378810036	0
Solyc12g036670.1	0.5102509378810036	0
Solyc10g011925.2	0.5102781962886591	0
Solyc02g093545.1	0.5103054501884521	0
Solyc03g112110.1	0.5104144207335544	0
Solyc07g014620.1	0.5104416521124477	0
Solyc01g160270.1	0.510460785858466	0
Solyc03g115320.3	0.510460785858466	0
Solyc04g015060.3	0.510460785858466	0
Solyc01g008150.1	0.5104688789908406	0
Solyc12g099180.3	0.5104688789908406	0
Solyc03g034120.3	0.5104961013699585	0
Solyc09g009250.3	0.5104961013699585	0
Solyc10g007360.4	0.5104961013699585	0
Solyc02g044030.1	0.5105233192510259	0
Solyc01g005780.1	0.5105233192510259	0
Solyc00g500227.1	0.5105233192510259	0
Solyc03g111997.1	0.5105233192510259	0
Solyc05g013500.4	0.5105233192510259	0
Solyc08g065910.1	0.5105233192510259	0
Solyc08g077490.2	0.5105233192510259	0
Solyc06g076270.3	0.5105233192510259	0
Solyc12g099280.2	0.5105233192510259	0
Solyc11g066600.2	0.5105233192510259	0
Solyc09g098060.3	0.5105233192510259	0
Solyc11g010590.3	0.5105233192510259	0
Solyc02g084870.3	0.510550532635268	0
Solyc01g097530.3	0.510550532635268	0
Solyc01g103690.4	0.510550532635268	0
Solyc01g108490.3	0.510550532635268	0
Solyc01g109390.3	0.510550532635268	0
Solyc02g082440.2	0.510550532635268	0
Solyc01g087450.3	0.510550532635268	0
Solyc02g069560.3	0.510550532635268	0
Solyc02g092090.3	0.510550532635268	0
Solyc01g073750.4	0.510550532635268	0
Solyc02g065020.2	0.510550532635268	0
Solyc02g092260.3	0.510550532635268	0
Solyc02g070890.3	0.510550532635268	0
Solyc03g034230.3	0.510550532635268	0
Solyc05g044610.3	0.510550532635268	0
Solyc03g120840.3	0.510550532635268	0
Solyc05g053200.3	0.510550532635268	0
Solyc03g046200.1	0.510550532635268	0
Solyc05g048820.3	0.510550532635268	0
Solyc04g056280.4	0.510550532635268	0
Solyc04g056640.1	0.510550532635268	0
Solyc03g083210.4	0.510550532635268	0
Solyc06g054400.3	0.510550532635268	0
Solyc06g054450.3	0.510550532635268	0
Solyc07g009443.1	0.510550532635268	0
Solyc05g055970.4	0.510550532635268	0
Solyc06g060050.1	0.510550532635268	0
Solyc07g005850.3	0.510550532635268	0
Solyc06g048610.3	0.510550532635268	0
Solyc08g007230.3	0.510550532635268	0
Solyc06g083830.4	0.510550532635268	0
Solyc06g052020.2	0.510550532635268	0
Solyc06g075530.1	0.510550532635268	0
Solyc09g007090.5	0.510550532635268	0
Solyc08g068130.1	0.510550532635268	0
Solyc09g007530.3	0.510550532635268	0
Solyc09g065590.3	0.510550532635268	0
Solyc07g048100.3	0.510550532635268	0
Solyc12g021130.2	0.510550532635268	0
Solyc10g085620.2	0.510550532635268	0
Solyc10g012430.3	0.510550532635268	0
Solyc12g036410.3	0.510550532635268	0
Solyc11g020330.1	0.510550532635268	0
Solyc11g068400.2	0.510550532635268	0
Solyc12g056150.2	0.510550532635268	0
Solyc12g056920.3	0.510550532635268	0
Solyc06g009540.1	0.5105900564957511	0
Solyc05g055575.1	0.5106162662801141	0
Solyc07g052020.2	0.5107060376581785	0
Solyc10g086100.2	0.5107060376581785	0
Solyc09g055990.2	0.5107446798985444	0
Solyc12g100363.1	0.5107446798985444	0
Solyc01g008410.3	0.5115684310041768	0
Solyc12g009130.4	0.51378452979613	0
Solyc09g008750.1	0.5139152923280841	0
Solyc04g074880.2	0.5141184930846463	0
Solyc03g031660.1	0.5152437118808275	0
Solyc03g044120.1	0.5152437118808275	0
Solyc06g011270.1	0.5153466070936498	0
Solyc06g073010.3	0.5153872349902728	0
Solyc07g063780.2	0.516040402964639	0
Solyc06g060015.1	0.5162369660655942	0
Solyc05g052890.3	0.516433291985515	0
Solyc09g061460.3	0.5164613192112972	0
Solyc12g010530.3	0.5186741440958771	0
Solyc04g054250.4	0.5188036789424493	0
Solyc06g036250.2	0.5188468341915882	0
Solyc09g042690.2	0.5188468341915882	0
Solyc08g016660.2	0.5188468341915882	0
Solyc02g093240.3	0.5188899779326435	0
Solyc06g066690.4	0.5192135736147787	0
Solyc09g065750.3	0.5193314750130296	0
Solyc02g079720.1	0.5197349958714499	0
Solyc00g160770.1	0.5198173678961655	0
Solyc11g032060.3	0.5200291517498703	0
Solyc01g008490.4	0.5202506222430322	0
Solyc01g060140.4	0.5202506222430322	0
Solyc02g093480.4	0.5202506222430322	0
Solyc00g006900.2	0.5202506222430322	0
Solyc02g084760.3	0.5202506222430322	0
Solyc01g080160.5	0.5202506222430322	0
Solyc01g107790.2	0.5202506222430322	0
Solyc02g080410.3	0.5202506222430322	0
Solyc02g067340.5	0.5202506222430322	0
Solyc02g089440.3	0.5202506222430322	0
Solyc01g091040.3	0.5202506222430322	0
Solyc01g080540.3	0.5202506222430322	0
Solyc01g009020.5	0.5202506222430322	0
Solyc02g050180.5	0.5202506222430322	0
Solyc02g067700.1	0.5202506222430322	0
Solyc01g009310.3	0.5202506222430322	0
Solyc02g050330.1	0.5202506222430322	0
Solyc02g089980.3	0.5202506222430322	0
Solyc03g007030.3	0.5202506222430322	0
Solyc01g081150.3	0.5202506222430322	0
Solyc01g066640.2	0.5202506222430322	0
Solyc01g066700.4	0.5202506222430322	0
Solyc01g104160.4	0.5202506222430322	0
Solyc03g007230.4	0.5202506222430322	0
Solyc01g104270.4	0.5202506222430322	0
Solyc01g098590.3	0.5202506222430322	0
Solyc02g081560.1	0.5202506222430322	0
Solyc03g007600.3	0.5202506222430322	0
Solyc03g007610.4	0.5202506222430322	0
Solyc02g086190.3	0.5202506222430322	0
Solyc01g067295.1	0.5202506222430322	0
Solyc02g086250.4	0.5202506222430322	0
Solyc02g062420.4	0.5202506222430322	0
Solyc02g082020.3	0.5202506222430322	0
Solyc01g086830.4	0.5202506222430322	0
Solyc01g010660.3	0.5202506222430322	0
Solyc03g013240.5	0.5202506222430322	0
Solyc01g105100.3	0.5202506222430322	0
Solyc01g010880.3	0.5202506222430322	0
Solyc02g062810.4	0.5202506222430322	0
Solyc01g067830.3	0.5202506222430322	0
Solyc01g005540.5	0.5202506222430322	0
Solyc00g500036.1	0.5202506222430322	0
Solyc02g063060.4	0.5202506222430322	0
Solyc01g109750.2	0.5202506222430322	0
Solyc02g091535.1	0.5202506222430322	0
Solyc02g077950.3	0.5202506222430322	0
Solyc03g019730.5	0.5202506222430322	0
Solyc02g063280.4	0.5202506222430322	0
Solyc03g019910.3	0.5202506222430322	0
Solyc01g110100.4	0.5202506222430322	0
Solyc02g091920.3	0.5202506222430322	0
Solyc02g078530.3	0.5202506222430322	0
Solyc02g032300.3	0.5202506222430322	0
Solyc02g087630.3	0.5202506222430322	0
Solyc02g092160.3	0.5202506222430322	0
Solyc00g500129.1	0.5202506222430322	0
Solyc02g078790.4	0.5202506222430322	0
Solyc01g058170.4	0.5202506222430322	0
Solyc01g088400.4	0.5202506222430322	0
Solyc03g005220.4	0.5202506222430322	0
Solyc01g106360.3	0.5202506222430322	0
Solyc01g074030.3	0.5202506222430322	0
Solyc02g083460.3	0.5202506222430322	0
Solyc01g111050.4	0.5202506222430322	0
Solyc02g083490.3	0.5202506222430322	0
Solyc01g006880.4	0.5202506222430322	0
Solyc01g006890.3	0.5202506222430322	0
Solyc02g092570.1	0.5202506222430322	0
Solyc02g088130.1	0.5202506222430322	0
Solyc02g083670.4	0.5202506222430322	0
Solyc02g092650.4	0.5202506222430322	0
Solyc01g111460.3	0.5202506222430322	0
Solyc02g079340.3	0.5202506222430322	0
Solyc00g500199.1	0.5202506222430322	0
Solyc03g031680.3	0.5202506222430322	0
Solyc01g079420.4	0.5202506222430322	0
Solyc01g007260.3	0.5202506222430322	0
Solyc02g079410.2	0.5202506222430322	0
Solyc01g079430.2	0.5202506222430322	0
Solyc02g079415.1	0.5202506222430322	0
Solyc03g031750.2	0.5202506222430322	0
Solyc03g059030.4	0.5202506222430322	0
Solyc02g083880.3	0.5202506222430322	0
Solyc03g031830.1	0.5202506222430322	0
Solyc03g026270.3	0.5202506222430322	0
Solyc01g111770.2	0.5202506222430322	0
Solyc03g098330.3	0.5202506222430322	0
Solyc01g097020.4	0.5202506222430322	0
Solyc03g119330.3	0.5202506222430322	0
Solyc01g008080.3	0.5202506222430322	0
Solyc02g088830.5	0.5202506222430322	0
Solyc03g114980.4	0.5202506222430322	0
Solyc02g093300.3	0.5202506222430322	0
Solyc02g079990.3	0.5202506222430322	0
Solyc03g115110.4	0.5202506222430322	0
Solyc02g089070.3	0.5202506222430322	0
Solyc01g112130.5	0.5202506222430322	0
Solyc03g063030.4	0.5202506222430322	0
Solyc01g008370.4	0.5202506222430322	0
Solyc04g081755.3	0.5202506222430322	0
Solyc05g056390.2	0.5202506222430322	0
Solyc03g110990.1	0.5202506222430322	0
Solyc03g111150.5	0.5202506222430322	0
Solyc04g081980.2	0.5202506222430322	0
Solyc03g119970.3	0.5202506222430322	0
Solyc03g033835.2	0.5202506222430322	0
Solyc05g009710.4	0.5202506222430322	0
Solyc04g071340.5	0.5202506222430322	0
Solyc05g052210.3	0.5202506222430322	0
Solyc06g007780.3	0.5202506222430322	0
Solyc05g005550.4	0.5202506222430322	0
Solyc04g082480.3	0.5202506222430322	0
Solyc03g111700.3	0.5202506222430322	0
Solyc05g042030.3	0.5202506222430322	0
Solyc05g052790.3	0.5202506222430322	0
Solyc05g005880.2	0.5202506222430322	0
Solyc03g094177.1	0.5202506222430322	0
Solyc04g082800.3	0.5202506222430322	0
Solyc04g078690.3	0.5202506222430322	0
Solyc04g150104.1	0.5202506222430322	0
Solyc03g078150.3	0.5202506222430322	0
Solyc04g054260.5	0.5202506222430322	0
Solyc04g011500.3	0.5202506222430322	0
Solyc04g150132.1	0.5202506222430322	0
Solyc05g012110.4	0.5202506222430322	0
Solyc03g117000.3	0.5202506222430322	0
Solyc04g079100.3	0.5202506222430322	0
Solyc03g112650.3	0.5202506222430322	0
Solyc04g079120.3	0.5202506222430322	0
Solyc03g121360.1	0.5202506222430322	0
Solyc05g046330.5	0.5202506222430322	0
Solyc05g012440.4	0.5202506222430322	0
Solyc05g006570.1	0.5202506222430322	0
Solyc04g079230.5	0.5202506222430322	0
Solyc04g072810.4	0.5202506222430322	0
Solyc03g121550.3	0.5202506222430322	0
Solyc04g012040.3	0.5202506222430322	0
Solyc03g121570.3	0.5202506222430322	0
Solyc03g117350.1	0.5202506222430322	0
Solyc03g113070.4	0.5202506222430322	0
Solyc03g117410.2	0.5202506222430322	0
Solyc05g012820.2	0.5202506222430322	0
Solyc04g007640.3	0.5202506222430322	0
Solyc05g054210.3	0.5202506222430322	0
Solyc04g055253.1	0.5202506222430322	0
Solyc05g007130.5	0.5202506222430322	0
Solyc05g054400.3	0.5202506222430322	0
Solyc03g097070.3	0.5202506222430322	0
Solyc04g074490.3	0.5202506222430322	0
Solyc05g054500.1	0.5202506222430322	0
Solyc05g013290.2	0.5202506222430322	0
Solyc05g007450.3	0.5202506222430322	0
Solyc03g117980.3	0.5202506222430322	0
Solyc04g049080.4	0.5202506222430322	0
Solyc06g005260.3	0.5202506222430322	0
Solyc03g097450.4	0.5202506222430322	0
Solyc03g097520.3	0.5202506222430322	0
Solyc04g161840.1	0.5202506222430322	0
Solyc03g083000.3	0.5202506222430322	0
Solyc06g011380.2	0.5202506222430322	0
Solyc05g054970.3	0.5202506222430322	0
Solyc03g083050.3	0.5202506222430322	0
Solyc04g008550.4	0.5202506222430322	0
Solyc04g076040.3	0.5202506222430322	0
Solyc04g015470.3	0.5202506222430322	0
Solyc03g114090.1	0.5202506222430322	0
Solyc04g076080.3	0.5202506222430322	0
Solyc03g123830.5	0.5202506222430322	0
Solyc06g005600.3	0.5202506222430322	0
Solyc03g114170.3	0.5202506222430322	0
Solyc03g118410.3	0.5202506222430322	0
Solyc06g005750.3	0.5202506222430322	0
Solyc04g063230.3	0.5202506222430322	0
Solyc05g014000.5	0.5202506222430322	0
Solyc03g118610.4	0.5202506222430322	0
Solyc04g015830.3	0.5202506222430322	0
Solyc03g114320.4	0.5202506222430322	0
Solyc03g114380.4	0.5202506222430322	0
Solyc04g076450.1	0.5202506222430322	0
Solyc05g008420.4	0.5202506222430322	0
Solyc04g016060.1	0.5202506222430322	0
Solyc06g019170.3	0.5202506222430322	0
Solyc06g076630.3	0.5202506222430322	0
Solyc05g014260.3	0.5202506222430322	0
Solyc05g014280.4	0.5202506222430322	0
Solyc06g007210.3	0.5202506222430322	0
Solyc03g114730.3	0.5202506222430322	0
Solyc06g065980.3	0.5202506222430322	0
Solyc05g014630.2	0.5202506222430322	0
Solyc06g082070.3	0.5202506222430322	0
Solyc07g005300.1	0.5202506222430322	0
Solyc07g049680.4	0.5202506222430322	0
Solyc07g065740.3	0.5202506222430322	0
Solyc06g072550.3	0.5202506222430322	0
Solyc04g081400.3	0.5202506222430322	0
Solyc07g005400.3	0.5202506222430322	0
Solyc05g056040.3	0.5202506222430322	0
Solyc05g014970.3	0.5202506222430322	0
Solyc08g006010.3	0.5202506222430322	0
Solyc04g081460.2	0.5202506222430322	0
Solyc08g062920.3	0.5202506222430322	0
Solyc06g043150.4	0.5202506222430322	0
Solyc08g006170.1	0.5202506222430322	0
Solyc07g066020.2	0.5202506222430322	0
Solyc07g052150.4	0.5202506222430322	0
Solyc07g056650.5	0.5202506222430322	0
Solyc08g079610.3	0.5202506222430322	0
Solyc07g005910.3	0.5202506222430322	0
Solyc07g016200.3	0.5202506222430322	0
Solyc07g052350.3	0.5202506222430322	0
Solyc09g008640.1	0.5202506222430322	0
Solyc07g006040.3	0.5202506222430322	0
Solyc08g079790.1	0.5202506222430322	0
Solyc09g008830.4	0.5202506222430322	0
Solyc07g041770.1	0.5202506222430322	0
Solyc09g008970.1	0.5202506222430322	0
Solyc09g015660.4	0.5202506222430322	0
Solyc07g006400.3	0.5202506222430322	0
Solyc07g062290.3	0.5202506222430322	0
Solyc07g006490.3	0.5202506222430322	0
Solyc08g029170.3	0.5202506222430322	0
Solyc06g068330.1	0.5202506222430322	0
Solyc08g080320.3	0.5202506222430322	0
Solyc06g083300.4	0.5202506222430322	0
Solyc06g083340.3	0.5202506222430322	0
Solyc08g075860.3	0.5202506222430322	0
Solyc06g061200.1	0.5202506222430322	0
Solyc06g068540.3	0.5202506222430322	0
Solyc06g062290.1	0.5202506222430322	0
Solyc06g083530.3	0.5202506222430322	0
Solyc06g083540.4	0.5202506222430322	0
Solyc06g050630.3	0.5202506222430322	0
Solyc06g068750.4	0.5202506222430322	0
Solyc08g007320.3	0.5202506222430322	0
Solyc06g050840.4	0.5202506222430322	0
Solyc09g009590.1	0.5202506222430322	0
Solyc09g018830.2	0.5202506222430322	0
Solyc06g083890.4	0.5202506222430322	0
Solyc07g020790.4	0.5202506222430322	0
Solyc08g080990.3	0.5202506222430322	0
Solyc07g043050.1	0.5202506222430322	0
Solyc06g051130.1	0.5202506222430322	0
Solyc06g069020.5	0.5202506222430322	0
Solyc07g062970.3	0.5202506222430322	0
Solyc06g069030.3	0.5202506222430322	0
Solyc09g061620.3	0.5202506222430322	0
Solyc09g005080.1	0.5202506222430322	0
Solyc06g051250.1	0.5202506222430322	0
Solyc08g076510.3	0.5202506222430322	0
Solyc06g084170.3	0.5202506222430322	0
Solyc06g051410.4	0.5202506222430322	0
Solyc09g009900.4	0.5202506222430322	0
Solyc07g007640.3	0.5202506222430322	0
Solyc07g063260.4	0.5202506222430322	0
Solyc09g031680.3	0.5202506222430322	0
Solyc09g064380.3	0.5202506222430322	0
Solyc08g048500.3	0.5202506222430322	0
Solyc07g044750.3	0.5202506222430322	0
Solyc09g010220.5	0.5202506222430322	0
Solyc07g054180.5	0.5202506222430322	0
Solyc09g005700.3	0.5202506222430322	0
Solyc07g063560.5	0.5202506222430322	0
Solyc07g023990.3	0.5202506222430322	0
Solyc06g075350.3	0.5202506222430322	0
Solyc08g081790.3	0.5202506222430322	0
Solyc09g005810.4	0.5202506222430322	0
Solyc08g060925.1	0.5202506222430322	0
Solyc09g005940.4	0.5202506222430322	0
Solyc09g010630.3	0.5202506222430322	0
Solyc06g053200.3	0.5202506222430322	0
Solyc06g064890.5	0.5202506222430322	0
Solyc08g061260.5	0.5202506222430322	0
Solyc08g061270.1	0.5202506222430322	0
Solyc08g077530.4	0.5202506222430322	0
Solyc08g082160.3	0.5202506222430322	0
Solyc07g045255.1	0.5202506222430322	0
Solyc08g068070.3	0.5202506222430322	0
Solyc09g007180.3	0.5202506222430322	0
Solyc08g005210.3	0.5202506222430322	0
Solyc06g065380.4	0.5202506222430322	0
Solyc07g045530.2	0.5202506222430322	0
Solyc06g071380.3	0.5202506222430322	0
Solyc08g077880.3	0.5202506222430322	0
Solyc07g032480.3	0.5202506222430322	0
Solyc09g011270.5	0.5202506222430322	0
Solyc07g047890.4	0.5202506222430322	0
Solyc08g082870.3	0.5202506222430322	0
Solyc08g014430.3	0.5202506222430322	0
Solyc06g071680.5	0.5202506222430322	0
Solyc07g064850.3	0.5202506222430322	0
Solyc06g071750.3	0.5202506222430322	0
Solyc07g048050.3	0.5202506222430322	0
Solyc09g065860.3	0.5202506222430322	0
Solyc09g056340.3	0.5202506222430322	0
Solyc06g071840.3	0.5202506222430322	0
Solyc08g069040.3	0.5202506222430322	0
Solyc09g066000.1	0.5202506222430322	0
Solyc10g044450.3	0.5202506222430322	0
Solyc06g071900.3	0.5202506222430322	0
Solyc07g049190.4	0.5202506222430322	0
Solyc07g065060.1	0.5202506222430322	0
Solyc10g084000.4	0.5202506222430322	0
Solyc09g011880.3	0.5202506222430322	0
Solyc10g008540.3	0.5202506222430322	0
Solyc07g049350.3	0.5202506222430322	0
Solyc09g011930.3	0.5202506222430322	0
Solyc07g065250.3	0.5202506222430322	0
Solyc07g056010.3	0.5202506222430322	0
Solyc09g091120.3	0.5202506222430322	0
Solyc09g008290.4	0.5202506222430322	0
Solyc07g065310.3	0.5202506222430322	0
Solyc11g013080.3	0.5202506222430322	0
Solyc09g091190.3	0.5202506222430322	0
Solyc08g078750.4	0.5202506222430322	0
Solyc11g013310.2	0.5202506222430322	0
Solyc10g084670.3	0.5202506222430322	0
Solyc10g009160.3	0.5202506222430322	0
Solyc11g071830.2	0.5202506222430322	0
Solyc10g045490.2	0.5202506222430322	0
Solyc11g013520.3	0.5202506222430322	0
Solyc09g091580.3	0.5202506222430322	0
Solyc10g045540.2	0.5202506222430322	0
Solyc10g054910.1	0.5202506222430322	0
Solyc12g005270.2	0.5202506222430322	0
Solyc09g091840.4	0.5202506222430322	0
Solyc10g005110.3	0.5202506222430322	0
Solyc12g010680.3	0.5202506222430322	0
Solyc10g079550.3	0.5202506222430322	0
Solyc11g072260.2	0.5202506222430322	0
Solyc12g010870.4	0.5202506222430322	0
Solyc11g042560.1	0.5202506222430322	0
Solyc11g065960.3	0.5202506222430322	0
Solyc12g010930.2	0.5202506222430322	0
Solyc10g085350.2	0.5202506222430322	0
Solyc11g042930.2	0.5202506222430322	0
Solyc11g066150.3	0.5202506222430322	0
Solyc10g012070.5	0.5202506222430322	0
Solyc11g005090.2	0.5202506222430322	0
Solyc12g005840.2	0.5202506222430322	0
Solyc12g005880.2	0.5202506222430322	0
Solyc12g013510.1	0.5202506222430322	0
Solyc12g013540.2	0.5202506222430322	0
Solyc12g006200.1	0.5202506222430322	0
Solyc09g097910.5	0.5202506222430322	0
Solyc11g044840.2	0.5202506222430322	0
Solyc12g089050.3	0.5202506222430322	0
Solyc09g097980.5	0.5202506222430322	0
Solyc11g010200.3	0.5202506222430322	0
Solyc10g086180.2	0.5202506222430322	0
Solyc10g006410.3	0.5202506222430322	0
Solyc11g066960.3	0.5202506222430322	0
Solyc10g086330.2	0.5202506222430322	0
Solyc10g080720.2	0.5202506222430322	0
Solyc09g098330.3	0.5202506222430322	0
Solyc10g086550.2	0.5202506222430322	0
Solyc11g045370.1	0.5202506222430322	0
Solyc11g067260.3	0.5202506222430322	0
Solyc09g083050.3	0.5202506222430322	0
Solyc11g010840.2	0.5202506222430322	0
Solyc12g056030.2	0.5202506222430322	0
Solyc12g006920.2	0.5202506222430322	0
Solyc11g068480.2	0.5202506222430322	0
Solyc09g083390.3	0.5202506222430322	0
Solyc10g150102.1	0.5202506222430322	0
Solyc10g007000.3	0.5202506222430322	0
Solyc10g007010.1	0.5202506222430322	0
Solyc09g083420.3	0.5202506222430322	0
Solyc11g068540.2	0.5202506222430322	0
Solyc10g007060.4	0.5202506222430322	0
Solyc10g081570.3	0.5202506222430322	0
Solyc12g056390.1	0.5202506222430322	0
Solyc09g150156.1	0.5202506222430322	0
Solyc10g076590.3	0.5202506222430322	0
Solyc12g008460.2	0.5202506222430322	0
Solyc11g022470.2	0.5202506222430322	0
Solyc10g007470.4	0.5202506222430322	0
Solyc12g096150.2	0.5202506222430322	0
Solyc12g056610.3	0.5202506222430322	0
Solyc12g008680.4	0.5202506222430322	0
Solyc09g090160.3	0.5202506222430322	0
Solyc11g069110.2	0.5202506222430322	0
Solyc11g062190.2	0.5202506222430322	0
Solyc10g037960.3	0.5202506222430322	0
Solyc11g069140.2	0.5202506222430322	0
Solyc11g007160.2	0.5202506222430322	0
Solyc10g038110.1	0.5202506222430322	0
Solyc12g008940.2	0.5202506222430322	0
Solyc11g062390.3	0.5202506222430322	0
Solyc11g012190.3	0.5202506222430322	0
Solyc11g030700.1	0.5202506222430322	0
Solyc10g052540.1	0.5202506222430322	0
Solyc10g083350.2	0.5202506222430322	0
Solyc11g069700.2	0.5202506222430322	0
Solyc10g083640.2	0.5202506222430322	0
Solyc12g042570.2	0.5202506222430322	0
Solyc11g070160.2	0.5202506222430322	0
Solyc11g071460.2	0.5202506222430322	0
Solyc12g098810.2	0.5202506222430322	0
Solyc12g098950.2	0.5202506222430322	0
Solyc10g047170.2	0.5208665061336683	0
Solyc07g065350.2	0.5209128985097735	0
Solyc03g061653.1	0.5209592775270739	0
Solyc04g056510.1	0.5209592775270739	0
Solyc05g050620.2	0.5209592775270739	0
Solyc08g150112.1	0.5209592775270739	0
Solyc11g066570.1	0.5209592775270739	0
Solyc12g049250.2	0.5209934348615983	0
Solyc06g060580.3	0.5210206834065074	0
Solyc10g005440.3	0.521727531168783	0
Solyc01g109820.1	0.5221643150848272	0
Solyc05g026370.4	0.522197710600629	0
Solyc01g007960.3	0.5227281009816481	0
Solyc04g071690.4	0.5227281009816481	0
Solyc07g038130.4	0.5227550570507937	0
Solyc04g080500.3	0.5228290107272897	0
Solyc10g078810.1	0.5228290107272897	0
Solyc10g005980.1	0.5230512751873785	0
Solyc02g094040.3	0.5232932290551435	0
Solyc01g008450.1	0.5235884551251939	0
Solyc09g064815.1	0.5235884551251939	0
Solyc02g150109.1	0.5236956752699873	0
Solyc10g160080.1	0.523749258426621	0
Solyc06g060530.1	0.5240169054482311	0
Solyc12g010990.3	0.5240169054482311	0
Solyc11g073100.2	0.5240169054482311	0
Solyc02g088380.4	0.524043645543367	0
Solyc06g008990.1	0.524043645543367	0
Solyc02g062790.3	0.5241238390192949	0
Solyc11g012210.1	0.5241238390192949	0
Solyc01g081560.2	0.5241772790076661	0
Solyc02g021680.3	0.5241772790076661	0
Solyc02g031940.3	0.5241772790076661	0
Solyc05g054820.1	0.5241772790076661	0
Solyc09g090760.4	0.5241772790076661	0
Solyc09g075660.3	0.5241772790076661	0
Solyc12g099780.2	0.5241772790076661	0
Solyc02g069270.2	0.5242039923068709	0
Solyc01g106500.4	0.5242039923068709	0
Solyc04g007030.4	0.5242307011443956	0
Solyc11g010290.2	0.5242307011443956	0
Solyc02g071590.3	0.5242574055214697	0
Solyc01g009910.1	0.5242574055214697	0
Solyc02g024020.3	0.5242574055214697	0
Solyc04g150162.1	0.5242574055214697	0
Solyc05g053370.3	0.5242574055214697	0
Solyc04g039960.4	0.5242574055214697	0
Solyc06g060785.1	0.5242574055214697	0
Solyc08g082150.2	0.5242574055214697	0
Solyc06g071190.5	0.5242574055214697	0
Solyc09g090890.3	0.5242574055214697	0
Solyc11g066940.2	0.5242574055214697	0
Solyc00g500276.1	0.5242841054393228	0
Solyc00g022100.1	0.5242841054393228	0
Solyc03g007560.2	0.5242841054393228	0
Solyc01g087050.3	0.5242841054393228	0
Solyc02g082360.4	0.5242841054393228	0
Solyc03g111500.3	0.5242841054393228	0
Solyc04g009980.4	0.5242841054393228	0
Solyc03g117160.4	0.5242841054393228	0
Solyc03g046270.5	0.5242841054393228	0
Solyc03g096890.3	0.5242841054393228	0
Solyc05g051530.5	0.5242841054393228	0
Solyc06g036420.4	0.5242841054393228	0
Solyc06g074370.3	0.5242841054393228	0
Solyc07g064480.1	0.5242841054393228	0
Solyc08g082680.3	0.5242841054393228	0
Solyc09g011330.3	0.5242841054393228	0
Solyc09g090640.3	0.5242841054393228	0
Solyc07g055880.1	0.5242841054393228	0
Solyc11g010940.2	0.5242841054393228	0
Solyc09g091140.4	0.5251197607760505	0
Solyc00g500168.1	0.5251807250198284	0
Solyc05g049920.1	0.5252721277354946	0
Solyc07g018430.3	0.5252721277354946	0
Solyc02g088310.1	0.5257714353726235	0
Solyc04g072320.3	0.5258280366771901	0
Solyc04g024960.1	0.5258563297918849	0
Solyc11g008030.3	0.5274607793171666	0
Solyc04g051460.4	0.5281594057529295	0
Solyc06g065790.1	0.5282709009502512	0
Solyc04g008670.2	0.5283544709072889	0
Solyc10g051250.1	0.5284101597376092	0
Solyc12g097090.3	0.5289645657316042	0
Solyc02g161330.1	0.5290285615909006	0
Solyc11g007450.3	0.5290285615909006	0
Solyc01g098960.3	0.5292427267020676	0
Solyc12g056320.1	0.5298653441995007	0
Solyc01g060270.1	0.5298931809673431	0
Solyc01g110240.1	0.5299617890263801	0
Solyc01g014710.1	0.5299617890263801	0
Solyc01g096140.3	0.5321516845930172	0
Solyc04g007920.1	0.5322902496681634	0
Solyc04g025995.1	0.5323418795436352	0
Solyc09g010990.3	0.533451274216775	0
Solyc03g113150.3	0.5335791583125117	0
Solyc01g098730.2	0.5337475859177103	0
Solyc03g113690.1	0.5337813252138446	0
Solyc06g074590.3	0.533828300994339	0
Solyc08g014560.3	0.5347151538741222	0
Solyc04g080210.1	0.5348385256574315	0
Solyc07g063990.1	0.5349001750300022	0
Solyc08g062930.3	0.5350073620602868	0
Solyc01g097660.2	0.5350234008163153	0
Solyc07g039420.1	0.5350234008163153	0
Solyc09g082100.3	0.5350234008163153	0
Solyc12g056675.2	0.5350234008163153	0
Solyc02g079560.1	0.5350340557913522	0
Solyc07g052560.3	0.5350340557913522	0
Solyc05g021510.2	0.5350607449595397	0
Solyc10g017835.1	0.5350607449595397	0
Solyc10g051230.1	0.5350607449595397	0
Solyc10g083430.2	0.5358593046399912	0
Solyc02g080460.3	0.5359920012117341	0
Solyc02g089710.3	0.5360356234120467	0
Solyc00g500258.1	0.5364146219148381	0
Solyc12g011300.2	0.5364146219148381	0
Solyc11g061985.2	0.5364146219148381	0
Solyc03g093075.1	0.5364566759674656	0
Solyc04g008080.1	0.5364566759674656	0
Solyc09g018590.1	0.5364566759674656	0
Solyc06g051910.4	0.5366537934367472	0
Solyc11g017210.3	0.536680206687058	0
Solyc11g010540.1	0.5367066154534357	0
Solyc01g150139.1	0.5367330197371378	0
Solyc03g082700.4	0.5368913513735345	0
Solyc09g072560.5	0.5370939784426416	0
Solyc05g008320.1	0.5371504799829152	0
Solyc11g017475.1	0.5371582077965562	0
Solyc04g025510.4	0.5372075317371492	0
Solyc04g014770.1	0.5372290507710996	0
Solyc04g078340.3	0.5372864764190887	0
Solyc06g074100.1	0.5376018545214831	0
Solyc12g087860.3	0.5376018545214831	0
Solyc12g160470.1	0.53765435531774	0
Solyc08g023570.2	0.5379427926658157	0
Solyc09g075870.2	0.5379427926658157	0
Solyc10g086200.1	0.5379427926658157	0
Solyc07g160290.1	0.538073723488008	0
Solyc09g089780.3	0.538073723488008	0
Solyc03g007880.3	0.5381260648826638	0
Solyc05g051330.1	0.5381260648826638	0
Solyc06g074560.1	0.5381260648826638	0
Solyc09g160260.1	0.5381260648826638	0
Solyc06g083130.5	0.5381522289561597	0
Solyc08g061010.4	0.5381522289561597	0
Solyc10g005390.4	0.5381522289561597	0
Solyc12g006560.3	0.5381522289561597	0
Solyc01g060490.5	0.5381783886154092	0
Solyc02g150149.1	0.5381783886154092	0
Solyc02g021600.1	0.5381783886154092	0
Solyc03g005460.4	0.5381783886154092	0
Solyc07g052490.4	0.5381783886154092	0
Solyc08g078550.1	0.5381783886154092	0
Solyc09g074750.3	0.5381783886154092	0
Solyc10g054730.1	0.5381783886154092	0
Solyc11g069850.3	0.5381783886154092	0
Solyc01g080140.3	0.5382045438616431	0
Solyc02g089400.4	0.5382045438616431	0
Solyc02g014470.5	0.5382045438616431	0
Solyc01g091310.3	0.5382045438616431	0
Solyc03g006780.2	0.5382045438616431	0
Solyc02g072440.4	0.5382045438616431	0
Solyc02g062050.3	0.5382045438616431	0
Solyc01g067270.4	0.5382045438616431	0
Solyc02g065180.3	0.5382045438616431	0
Solyc02g032950.3	0.5382045438616431	0
Solyc03g033350.3	0.5382045438616431	0
Solyc03g063210.3	0.5382045438616431	0
Solyc04g071120.3	0.5382045438616431	0
Solyc04g009640.4	0.5382045438616431	0
Solyc05g005670.1	0.5382045438616431	0
Solyc06g008530.4	0.5382045438616431	0
Solyc03g121030.2	0.5382045438616431	0
Solyc03g112430.1	0.5382045438616431	0
Solyc05g012480.4	0.5382045438616431	0
Solyc06g009807.1	0.5382045438616431	0
Solyc04g074630.4	0.5382045438616431	0
Solyc04g015070.3	0.5382045438616431	0
Solyc06g005370.3	0.5382045438616431	0
Solyc03g097720.5	0.5382045438616431	0
Solyc05g013800.1	0.5382045438616431	0
Solyc04g016080.2	0.5382045438616431	0
Solyc07g049580.3	0.5382045438616431	0
Solyc06g059840.5	0.5382045438616431	0
Solyc06g034360.2	0.5382045438616431	0
Solyc07g017410.3	0.5382045438616431	0
Solyc06g050210.3	0.5382045438616431	0
Solyc06g074360.4	0.5382045438616431	0
Solyc08g076430.3	0.5382045438616431	0
Solyc07g063290.3	0.5382045438616431	0
Solyc09g005640.3	0.5382045438616431	0
Solyc09g065320.3	0.5382045438616431	0
Solyc08g082670.4	0.5382045438616431	0
Solyc07g055910.4	0.5382045438616431	0
Solyc11g007650.1	0.5382045438616431	0
Solyc10g085400.3	0.5382045438616431	0
Solyc11g066090.1	0.5382045438616431	0
Solyc11g072610.3	0.5382045438616431	0
Solyc12g035190.2	0.5382045438616431	0
Solyc11g017380.2	0.5382045438616431	0
Solyc12g099850.1	0.5382045438616431	0
Solyc09g082470.4	0.5382045438616431	0
Solyc11g005580.1	0.5382045438616431	0
Solyc09g098160.3	0.5382045438616431	0
Solyc10g049660.2	0.5382045438616431	0
Solyc11g006640.3	0.5382045438616431	0
Solyc09g015630.2	0.5391965275461108	0
Solyc04g078530.3	0.5397830994775962	0
Solyc05g050660.1	0.5401126707836953	0
Solyc02g079240.1	0.5401713877820509	0
Solyc01g090350.3	0.5401722617175293	0
Solyc02g030468.1	0.5402020485594737	0
Solyc10g024365.1	0.5402267779086696	0
Solyc00g500285.1	0.540242160527717	0
Solyc03g095880.1	0.540242160527717	0
Solyc01g017825.1	0.5402913746074199	0
Solyc02g050267.1	0.5402913746074199	0
Solyc09g066450.3	0.5436451865644831	0
Solyc06g150122.1	0.5436820426490558	0
Solyc06g067930.2	0.5437188898653632	0
Solyc05g010045.1	0.5437557282169336	0
Solyc03g123970.1	0.5437557282169336	0
Solyc00g025300.1	0.5437925577072927	0
Solyc01g068520.1	0.5437925577072927	0
Solyc04g054870.1	0.5437925577072927	0
Solyc12g006430.4	0.544335905608939	0
Solyc04g056620.2	0.5443984254962488	0
Solyc01g106510.2	0.5444322476169662	0
Solyc03g160380.1	0.5446349377219519	0
Solyc02g091985.1	0.5447828705611507	0
Solyc00g500122.1	0.5447828705611507	0
Solyc12g010370.1	0.5447828705611507	0
Solyc09g005745.1	0.5448366221213703	0
Solyc11g071227.1	0.5463606344893805	0
Solyc02g037530.3	0.5476909238768822	0
Solyc02g084700.3	0.5476909238768822	0
Solyc00g500256.1	0.5476909238768822	0
Solyc01g008550.4	0.5476909238768822	0
Solyc02g093510.3	0.5476909238768822	0
Solyc01g090690.5	0.5476909238768822	0
Solyc02g089200.4	0.5476909238768822	0
Solyc02g093580.5	0.5476909238768822	0
Solyc00g500275.1	0.5476909238768822	0
Solyc01g107980.3	0.5476909238768822	0
Solyc03g006490.3	0.5476909238768822	0
Solyc02g014090.3	0.5476909238768822	0
Solyc00g500298.1	0.5476909238768822	0
Solyc01g108030.5	0.5476909238768822	0
Solyc02g080490.3	0.5476909238768822	0
Solyc00g500300.1	0.5476909238768822	0
Solyc03g006580.3	0.5476909238768822	0
Solyc02g014310.4	0.5476909238768822	0
Solyc02g094000.1	0.5476909238768822	0
Solyc02g089660.2	0.5476909238768822	0
Solyc02g067660.4	0.5476909238768822	0
Solyc01g097860.4	0.5476909238768822	0
Solyc01g080830.3	0.5476909238768822	0
Solyc01g108330.2	0.5476909238768822	0
Solyc01g020190.2	0.5476909238768822	0
Solyc02g089880.4	0.5476909238768822	0
Solyc01g150162.1	0.5476909238768822	0
Solyc01g091450.3	0.5476909238768822	0
Solyc02g090090.3	0.5476909238768822	0
Solyc02g085700.1	0.5476909238768822	0
Solyc02g068130.4	0.5476909238768822	0
Solyc01g081320.5	0.5476909238768822	0
Solyc01g104300.3	0.5476909238768822	0
Solyc01g160370.1	0.5476909238768822	0
Solyc01g067070.3	0.5476909238768822	0
Solyc01g010000.3	0.5476909238768822	0
Solyc03g007660.4	0.5476909238768822	0
Solyc02g081830.4	0.5476909238768822	0
Solyc01g094220.3	0.5476909238768822	0
Solyc02g021640.3	0.5476909238768822	0
Solyc01g104770.4	0.5476909238768822	0
Solyc01g086750.4	0.5476909238768822	0
Solyc01g094370.3	0.5476909238768822	0
Solyc01g094380.2	0.5476909238768822	0
Solyc02g086490.3	0.5476909238768822	0
Solyc03g007990.2	0.5476909238768822	0
Solyc02g086670.4	0.5476909238768822	0
Solyc00g500029.1	0.5476909238768822	0
Solyc01g094750.5	0.5476909238768822	0
Solyc02g077760.2	0.5476909238768822	0
Solyc01g087240.3	0.5476909238768822	0
Solyc01g099680.3	0.5476909238768822	0
Solyc01g056620.4	0.5476909238768822	0
Solyc02g086970.4	0.5476909238768822	0
Solyc02g082460.3	0.5476909238768822	0
Solyc01g094960.3	0.5476909238768822	0
Solyc01g099910.5	0.5476909238768822	0
Solyc00g500074.1	0.5476909238768822	0
Solyc03g019930.5	0.5476909238768822	0
Solyc02g069585.1	0.5476909238768822	0
Solyc01g110190.4	0.5476909238768822	0
Solyc01g057770.3	0.5476909238768822	0
Solyc01g073710.2	0.5476909238768822	0
Solyc01g057910.3	0.5476909238768822	0
Solyc01g110640.2	0.5476909238768822	0
Solyc01g088380.3	0.5476909238768822	0
Solyc01g088390.3	0.5476909238768822	0
Solyc02g070440.3	0.5476909238768822	0
Solyc01g079110.5	0.5476909238768822	0
Solyc03g005470.3	0.5476909238768822	0
Solyc01g106590.4	0.5476909238768822	0
Solyc02g070990.1	0.5476909238768822	0
Solyc02g083835.1	0.5476909238768822	0
Solyc01g102330.3	0.5476909238768822	0
Solyc03g098210.4	0.5476909238768822	0
Solyc03g005930.3	0.5476909238768822	0
Solyc03g059170.3	0.5476909238768822	0
Solyc01g096810.3	0.5476909238768822	0
Solyc01g102570.5	0.5476909238768822	0
Solyc01g096840.3	0.5476909238768822	0
Solyc01g096870.5	0.5476909238768822	0
Solyc03g083770.1	0.5476909238768822	0
Solyc03g032150.3	0.5476909238768822	0
Solyc02g093220.3	0.5476909238768822	0
Solyc02g093230.4	0.5476909238768822	0
Solyc01g107290.3	0.5476909238768822	0
Solyc02g088910.3	0.5476909238768822	0
Solyc01g107520.3	0.5476909238768822	0
Solyc04g064860.1	0.5476909238768822	0
Solyc03g115220.5	0.5476909238768822	0
Solyc03g033530.4	0.5476909238768822	0
Solyc03g111000.3	0.5476909238768822	0
Solyc05g009560.4	0.5476909238768822	0
Solyc05g056440.3	0.5476909238768822	0
Solyc05g009600.4	0.5476909238768822	0
Solyc05g056510.3	0.5476909238768822	0
Solyc03g063350.3	0.5476909238768822	0
Solyc03g111200.3	0.5476909238768822	0
Solyc04g050950.3	0.5476909238768822	0
Solyc05g009740.1	0.5476909238768822	0
Solyc05g009840.3	0.5476909238768822	0
Solyc03g120170.1	0.5476909238768822	0
Solyc03g063750.3	0.5476909238768822	0
Solyc03g120340.3	0.5476909238768822	0
Solyc05g052450.3	0.5476909238768822	0
Solyc03g111690.4	0.5476909238768822	0
Solyc04g051540.3	0.5476909238768822	0
Solyc04g071700.3	0.5476909238768822	0
Solyc04g009830.3	0.5476909238768822	0
Solyc04g005030.4	0.5476909238768822	0
Solyc04g082640.3	0.5476909238768822	0
Solyc03g111850.3	0.5476909238768822	0
Solyc04g071890.4	0.5476909238768822	0
Solyc06g008057.1	0.5476909238768822	0
Solyc05g010590.4	0.5476909238768822	0
Solyc03g043930.4	0.5476909238768822	0
Solyc03g094175.1	0.5476909238768822	0
Solyc03g044010.4	0.5476909238768822	0
Solyc04g078470.3	0.5476909238768822	0
Solyc03g044150.4	0.5476909238768822	0
Solyc05g011920.3	0.5476909238768822	0
Solyc03g078120.5	0.5476909238768822	0
Solyc03g112360.1	0.5476909238768822	0
Solyc04g005680.5	0.5476909238768822	0
Solyc03g095950.3	0.5476909238768822	0
Solyc03g044880.4	0.5476909238768822	0
Solyc03g078780.3	0.5476909238768822	0
Solyc03g121410.3	0.5476909238768822	0
Solyc06g009020.2	0.5476909238768822	0
Solyc03g121450.3	0.5476909238768822	0
Solyc06g009050.3	0.5476909238768822	0
Solyc03g112910.3	0.5476909238768822	0
Solyc04g007220.4	0.5476909238768822	0
Solyc04g072930.1	0.5476909238768822	0
Solyc04g079470.3	0.5476909238768822	0
Solyc05g053890.3	0.5476909238768822	0
Solyc04g074150.3	0.5476909238768822	0
Solyc03g121900.1	0.5476909238768822	0
Solyc03g113380.5	0.5476909238768822	0
Solyc04g045565.1	0.5476909238768822	0
Solyc04g007730.3	0.5476909238768822	0
Solyc04g079800.4	0.5476909238768822	0
Solyc04g056270.4	0.5476909238768822	0
Solyc04g056370.3	0.5476909238768822	0
Solyc04g074410.2	0.5476909238768822	0
Solyc03g097060.4	0.5476909238768822	0
Solyc04g014720.5	0.5476909238768822	0
Solyc03g051900.4	0.5476909238768822	0
Solyc03g113640.4	0.5476909238768822	0
Solyc05g054580.3	0.5476909238768822	0
Solyc06g009960.3	0.5476909238768822	0
Solyc06g010030.4	0.5476909238768822	0
Solyc04g015040.3	0.5476909238768822	0
Solyc04g008310.3	0.5476909238768822	0
Solyc03g118150.3	0.5476909238768822	0
Solyc03g114000.3	0.5476909238768822	0
Solyc06g005410.3	0.5476909238768822	0
Solyc06g005420.1	0.5476909238768822	0
Solyc03g123790.4	0.5476909238768822	0
Solyc03g058440.1	0.5476909238768822	0
Solyc04g015540.1	0.5476909238768822	0
Solyc05g008070.4	0.5476909238768822	0
Solyc04g058150.3	0.5476909238768822	0
Solyc04g080630.5	0.5476909238768822	0
Solyc03g058860.3	0.5476909238768822	0
Solyc03g098060.3	0.5476909238768822	0
Solyc05g013990.3	0.5476909238768822	0
Solyc05g025910.4	0.5476909238768822	0
Solyc03g124110.2	0.5476909238768822	0
Solyc06g072140.4	0.5476909238768822	0
Solyc06g076780.3	0.5476909238768822	0
Solyc06g065900.4	0.5476909238768822	0
Solyc05g008770.3	0.5476909238768822	0
Solyc07g005130.3	0.5476909238768822	0
Solyc05g008780.4	0.5476909238768822	0
Solyc07g038160.4	0.5476909238768822	0
Solyc06g054470.1	0.5476909238768822	0
Solyc04g076940.3	0.5476909238768822	0
Solyc05g055820.3	0.5476909238768822	0
Solyc07g056160.4	0.5476909238768822	0
Solyc07g049560.4	0.5476909238768822	0
Solyc06g082010.4	0.5476909238768822	0
Solyc05g055870.3	0.5476909238768822	0
Solyc05g014690.3	0.5476909238768822	0
Solyc06g082080.3	0.5476909238768822	0
Solyc08g016808.2	0.5476909238768822	0
Solyc08g006090.3	0.5476909238768822	0
Solyc06g066380.1	0.5476909238768822	0
Solyc06g066420.5	0.5476909238768822	0
Solyc06g082360.5	0.5476909238768822	0
Solyc07g005720.3	0.5476909238768822	0
Solyc06g060260.3	0.5476909238768822	0
Solyc06g082590.1	0.5476909238768822	0
Solyc08g065420.3	0.5476909238768822	0
Solyc07g061780.4	0.5476909238768822	0
Solyc06g073230.4	0.5476909238768822	0
Solyc06g082850.5	0.5476909238768822	0
Solyc06g068010.3	0.5476909238768822	0
Solyc08g075460.3	0.5476909238768822	0
Solyc09g009030.4	0.5476909238768822	0
Solyc09g009040.3	0.5476909238768822	0
Solyc07g041930.3	0.5476909238768822	0
Solyc06g073710.5	0.5476909238768822	0
Solyc06g061020.3	0.5476909238768822	0
Solyc06g061023.1	0.5476909238768822	0
Solyc07g052900.1	0.5476909238768822	0
Solyc06g068320.3	0.5476909238768822	0
Solyc06g073820.3	0.5476909238768822	0
Solyc06g061150.3	0.5476909238768822	0
Solyc07g042390.3	0.5476909238768822	0
Solyc06g061230.3	0.5476909238768822	0
Solyc08g066440.3	0.5476909238768822	0
Solyc06g068720.3	0.5476909238768822	0
Solyc06g062530.4	0.5476909238768822	0
Solyc08g007310.3	0.5476909238768822	0
Solyc08g043170.5	0.5476909238768822	0
Solyc06g074550.3	0.5476909238768822	0
Solyc08g076400.3	0.5476909238768822	0
Solyc06g051310.3	0.5476909238768822	0
Solyc06g069210.3	0.5476909238768822	0
Solyc06g069230.3	0.5476909238768822	0
Solyc06g051510.2	0.5476909238768822	0
Solyc07g043600.4	0.5476909238768822	0
Solyc07g007780.3	0.5476909238768822	0
Solyc08g008000.2	0.5476909238768822	0
Solyc06g051760.3	0.5476909238768822	0
Solyc06g063310.2	0.5476909238768822	0
Solyc07g054160.3	0.5476909238768822	0
Solyc07g063480.4	0.5476909238768822	0
Solyc07g008100.4	0.5476909238768822	0
Solyc07g008260.3	0.5476909238768822	0
Solyc09g064790.3	0.5476909238768822	0
Solyc09g042660.4	0.5476909238768822	0
Solyc06g053330.5	0.5476909238768822	0
Solyc09g007110.3	0.5476909238768822	0
Solyc06g065170.4	0.5476909238768822	0
Solyc09g050070.1	0.5476909238768822	0
Solyc06g053620.5	0.5476909238768822	0
Solyc09g065200.4	0.5476909238768822	0
Solyc07g064290.3	0.5476909238768822	0
Solyc06g065470.4	0.5476909238768822	0
Solyc08g082590.3	0.5476909238768822	0
Solyc09g007490.3	0.5476909238768822	0
Solyc07g055180.3	0.5476909238768822	0
Solyc08g014170.1	0.5476909238768822	0
Solyc07g055220.3	0.5476909238768822	0
Solyc07g064680.3	0.5476909238768822	0
Solyc08g005610.3	0.5476909238768822	0
Solyc09g007710.3	0.5476909238768822	0
Solyc07g009160.3	0.5476909238768822	0
Solyc09g007790.1	0.5476909238768822	0
Solyc09g090610.3	0.5476909238768822	0
Solyc09g090630.3	0.5476909238768822	0
Solyc10g008220.4	0.5476909238768822	0
Solyc10g039270.2	0.5476909238768822	0
Solyc10g083800.2	0.5476909238768822	0
Solyc07g048120.3	0.5476909238768822	0
Solyc06g071920.5	0.5476909238768822	0
Solyc07g049180.3	0.5476909238768822	0
Solyc08g069140.4	0.5476909238768822	0
Solyc09g057630.3	0.5476909238768822	0
Solyc09g074630.3	0.5476909238768822	0
Solyc08g083505.2	0.5476909238768822	0
Solyc11g065100.3	0.5476909238768822	0
Solyc11g065110.2	0.5476909238768822	0
Solyc09g072690.1	0.5476909238768822	0
Solyc10g079090.3	0.5476909238768822	0
Solyc11g007810.3	0.5476909238768822	0
Solyc10g009220.3	0.5476909238768822	0
Solyc09g075170.1	0.5476909238768822	0
Solyc10g084840.2	0.5476909238768822	0
Solyc12g010420.1	0.5476909238768822	0
Solyc10g079350.3	0.5476909238768822	0
Solyc10g005020.3	0.5476909238768822	0
Solyc11g008090.2	0.5476909238768822	0
Solyc12g043110.2	0.5476909238768822	0
Solyc12g088030.2	0.5476909238768822	0
Solyc10g005230.3	0.5476909238768822	0
Solyc10g005260.3	0.5476909238768822	0
Solyc10g085250.2	0.5476909238768822	0
Solyc11g042620.3	0.5476909238768822	0
Solyc12g010980.3	0.5476909238768822	0
Solyc12g011023.1	0.5476909238768822	0
Solyc10g047320.2	0.5476909238768822	0
Solyc10g011960.3	0.5476909238768822	0
Solyc11g066160.1	0.5476909238768822	0
Solyc10g085660.3	0.5476909238768822	0
Solyc12g044880.2	0.5476909238768822	0
Solyc10g085710.3	0.5476909238768822	0
Solyc10g012400.3	0.5476909238768822	0
Solyc09g092670.3	0.5476909238768822	0
Solyc12g099990.2	0.5476909238768822	0
Solyc10g006310.3	0.5476909238768822	0
Solyc10g006360.2	0.5476909238768822	0
Solyc10g006400.3	0.5476909238768822	0
Solyc12g100330.2	0.5476909238768822	0
Solyc12g049500.3	0.5476909238768822	0
Solyc10g074910.2	0.5476909238768822	0
Solyc10g074930.1	0.5476909238768822	0
Solyc10g074970.1	0.5476909238768822	0
Solyc10g080960.1	0.5476909238768822	0
Solyc09g083003.1	0.5476909238768822	0
Solyc10g006710.4	0.5476909238768822	0
Solyc12g014430.2	0.5476909238768822	0
Solyc10g081250.3	0.5476909238768822	0
Solyc10g081260.2	0.5476909238768822	0
Solyc11g006320.2	0.5476909238768822	0
Solyc10g007030.2	0.5476909238768822	0
Solyc12g038527.1	0.5476909238768822	0
Solyc09g089500.3	0.5476909238768822	0
Solyc10g050230.3	0.5476909238768822	0
Solyc12g095850.2	0.5476909238768822	0
Solyc12g007200.2	0.5476909238768822	0
Solyc12g007210.2	0.5476909238768822	0
Solyc09g089670.3	0.5476909238768822	0
Solyc10g150149.1	0.5476909238768822	0
Solyc12g008360.2	0.5476909238768822	0
Solyc11g006690.1	0.5476909238768822	0
Solyc12g056400.3	0.5476909238768822	0
Solyc10g007330.1	0.5476909238768822	0
Solyc10g007350.4	0.5476909238768822	0
Solyc12g056560.2	0.5476909238768822	0
Solyc10g076860.2	0.5476909238768822	0
Solyc12g008720.2	0.5476909238768822	0
Solyc10g007650.3	0.5476909238768822	0
Solyc10g037980.2	0.5476909238768822	0
Solyc11g062260.3	0.5476909238768822	0
Solyc12g056840.2	0.5476909238768822	0
Solyc09g090350.3	0.5476909238768822	0
Solyc12g096590.3	0.5476909238768822	0
Solyc12g096600.2	0.5476909238768822	0
Solyc10g051340.2	0.5476909238768822	0
Solyc11g062430.2	0.5476909238768822	0
Solyc10g083240.2	0.5476909238768822	0
Solyc11g030600.3	0.5476909238768822	0
Solyc10g007990.3	0.5476909238768822	0
Solyc10g083330.1	0.5476909238768822	0
Solyc12g009210.2	0.5476909238768822	0
Solyc11g012400.2	0.5476909238768822	0
Solyc11g064790.2	0.5476909238768822	0
Solyc12g009440.2	0.5476909238768822	0
Solyc12g019550.2	0.5476909238768822	0
Solyc12g009580.2	0.5476909238768822	0
Solyc12g098740.2	0.5476909238768822	0
Solyc12g098920.2	0.5476909238768822	0
Solyc09g030370.3	0.5480011860802639	0
Solyc10g049590.1	0.5480275018635585	0
Solyc01g090600.5	0.5480538130805104	0
Solyc08g015640.1	0.5485203395885478	0
Solyc06g048720.1	0.5485485438257856	0
Solyc12g098607.1	0.5485485438257856	0
Solyc11g007290.1	0.5494342181265783	0
Solyc10g079660.3	0.5494728501968539	0
Solyc05g051820.3	0.5495114723945722	0
Solyc04g007430.2	0.5495114723945722	0
Solyc01g094440.1	0.5495500847239064	0
Solyc01g095330.2	0.5495500847239064	0
Solyc02g161250.1	0.5495500847239064	0
Solyc07g053780.4	0.5495500847239064	0
Solyc05g011950.3	0.5496209435190955	0
Solyc08g078920.2	0.5501180805331412	0
Solyc02g077070.3	0.5501699762946745	0
Solyc01g066020.3	0.5508430012268288	0
Solyc01g099200.3	0.5508430012268288	0
Solyc08g081440.2	0.5508688268846799	0
Solyc10g076610.2	0.5512556812735369	0
Solyc10g080210.2	0.5513329330075627	0
Solyc03g111780.1	0.5514101451056814	0
Solyc01g057853.2	0.5514358736695568	0
Solyc06g065830.3	0.5516469358068606	0
Solyc02g071560.5	0.551757409278019	0
Solyc07g052120.5	0.5520007913255838	0
Solyc10g018750.1	0.55202641902627	0
Solyc02g055533.1	0.5520776613173493	0
Solyc03g113600.4	0.5520776613173493	0
Solyc11g065310.3	0.5520776613173493	0
Solyc01g162730.1	0.552103275910208	0
Solyc07g042460.2	0.552103275910208	0
Solyc03g005290.2	0.5521544919967252	0
Solyc04g063340.3	0.5521800934928465	0
Solyc11g063540.2	0.552205690625851	0
Solyc02g087830.4	0.552231283396969	0
Solyc05g005040.5	0.552231283396969	0
Solyc02g069280.2	0.5522568718074304	0
Solyc08g016770.5	0.5522568718074304	0
Solyc07g063060.2	0.5522568718074304	0
Solyc07g054340.1	0.5522568718074304	0
Solyc11g005240.1	0.5522568718074304	0
Solyc01g080170.3	0.5522824558584644	0
Solyc02g089175.2	0.5522824558584644	0
Solyc02g094380.3	0.5522824558584644	0
Solyc02g081040.4	0.5522824558584644	0
Solyc01g066620.4	0.5522824558584644	0
Solyc03g059420.4	0.5522824558584644	0
Solyc05g014120.1	0.5522824558584644	0
Solyc09g083200.4	0.5522824558584644	0
Solyc11g051176.1	0.5522824558584644	0
Solyc01g081050.4	0.5523080355512998	0
Solyc02g150135.1	0.5523080355512998	0
Solyc01g079480.3	0.5523080355512998	0
Solyc03g031440.4	0.5523080355512998	0
Solyc03g115120.1	0.5523080355512998	0
Solyc02g084510.3	0.5523080355512998	0
Solyc03g093140.3	0.5523080355512998	0
Solyc04g064950.1	0.5523080355512998	0
Solyc04g071000.1	0.5523080355512998	0
Solyc03g033650.3	0.5523080355512998	0
Solyc03g120110.3	0.5523080355512998	0
Solyc05g012610.3	0.5523080355512998	0
Solyc03g096830.4	0.5523080355512998	0
Solyc07g056170.4	0.5523080355512998	0
Solyc06g075330.3	0.5523080355512998	0
Solyc06g069900.3	0.5523080355512998	0
Solyc09g090550.3	0.5523080355512998	0
Solyc08g083300.4	0.5523080355512998	0
Solyc11g011040.2	0.5523080355512998	0
Solyc12g096980.3	0.5523080355512998	0
Solyc11g007790.1	0.5524185500762486	0
Solyc05g053110.3	0.5528077445105264	0
Solyc02g086960.2	0.5532228803046098	0
Solyc03g160340.1	0.5534140942668475	0
Solyc02g061825.1	0.5534459395425197	0
Solyc03g033290.1	0.5534459395425197	0
Solyc03g063640.1	0.5534459395425197	0
Solyc04g008420.1	0.5534459395425197	0
Solyc04g054385.2	0.5534777780479692	0
Solyc02g083075.1	0.5535617638379658	0
Solyc12g160080.1	0.5535962838053299	0
Solyc03g007950.3	0.5542358853411808	0
Solyc05g161860.1	0.5542767813758858	0
Solyc05g054660.2	0.5542767813758858	0
Solyc03g071870.1	0.5543176662244336	0
Solyc05g018380.1	0.5543176662244336	0
Solyc12g099520.3	0.5543176662244336	0
Solyc08g007780.3	0.5547639791335532	0
Solyc02g078250.4	0.5547910364001274	0
Solyc10g079180.2	0.5547910364001274	0
Solyc09g009980.3	0.5552518170552097	0
Solyc01g060160.1	0.5563880783401685	0
Solyc02g089570.3	0.5563880783401685	0
Solyc02g043940.1	0.5563880783401685	0
Solyc01g150138.1	0.5563880783401685	0
Solyc02g094080.1	0.5563880783401685	0
Solyc02g085410.1	0.5563880783401685	0
Solyc03g006950.3	0.5563880783401685	0
Solyc01g014355.1	0.5563880783401685	0
Solyc01g059840.3	0.5563880783401685	0
Solyc05g161270.1	0.5563880783401685	0
Solyc04g047885.1	0.5563880783401685	0
Solyc07g065563.1	0.5563880783401685	0
Solyc07g056380.1	0.5563880783401685	0
Solyc07g042220.2	0.5563880783401685	0
Solyc06g064677.1	0.5563880783401685	0
Solyc06g065070.1	0.5563880783401685	0
Solyc08g062200.3	0.5563880783401685	0
Solyc10g044965.1	0.5563880783401685	0
Solyc10g161560.1	0.5563880783401685	0
Solyc10g162040.1	0.5563880783401685	0
Solyc11g065480.3	0.5563880783401685	0
Solyc11g028140.1	0.5563880783401685	0
Solyc11g007470.1	0.5564323137745797	0
Solyc01g097370.1	0.5565492531131423	0
Solyc00g500270.1	0.5565492531131423	0
Solyc02g038790.3	0.5565492531131423	0
Solyc02g067190.4	0.5565492531131423	0
Solyc01g008720.2	0.5565492531131423	0
Solyc01g008740.2	0.5565492531131423	0
Solyc02g011910.1	0.5565492531131423	0
Solyc00g500287.1	0.5565492531131423	0
Solyc01g150105.1	0.5565492531131423	0
Solyc01g107970.1	0.5565492531131423	0
Solyc02g093775.1	0.5565492531131423	0
Solyc01g090960.2	0.5565492531131423	0
Solyc02g014020.3	0.5565492531131423	0
Solyc02g038818.1	0.5565492531131423	0
Solyc02g043965.1	0.5565492531131423	0
Solyc00g047190.1	0.5565492531131423	0
Solyc01g065930.1	0.5565492531131423	0
Solyc01g020113.1	0.5565492531131423	0
Solyc01g066150.1	0.5565492531131423	0
Solyc02g072330.3	0.5565492531131423	0
Solyc02g072340.1	0.5565492531131423	0
Solyc00g500338.1	0.5565492531131423	0
Solyc01g066230.1	0.5565492531131423	0
Solyc02g089910.1	0.5565492531131423	0
Solyc01g020327.1	0.5565492531131423	0
Solyc03g006903.1	0.5565492531131423	0
Solyc01g066425.1	0.5565492531131423	0
Solyc02g061670.1	0.5565492531131423	0
Solyc00g500366.1	0.5565492531131423	0
Solyc00g500370.1	0.5565492531131423	0
Solyc00g500371.1	0.5565492531131423	0
Solyc00g160300.1	0.5565492531131423	0
Solyc01g160310.1	0.5565492531131423	0
Solyc02g061880.1	0.5565492531131423	0
Solyc01g104360.1	0.5565492531131423	0
Solyc01g104380.3	0.5565492531131423	0
Solyc00g500397.1	0.5565492531131423	0
Solyc01g108850.3	0.5565492531131423	0
Solyc00g500401.1	0.5565492531131423	0
Solyc02g090590.1	0.5565492531131423	0
Solyc01g160520.1	0.5565492531131423	0
Solyc00g500408.1	0.5565492531131423	0
Solyc01g160560.1	0.5565492531131423	0
Solyc01g067145.1	0.5565492531131423	0
Solyc01g010160.3	0.5565492531131423	0
Solyc02g062200.1	0.5565492531131423	0
Solyc01g005050.4	0.5565492531131423	0
Solyc01g044275.1	0.5565492531131423	0
Solyc01g067320.1	0.5565492531131423	0
Solyc02g160180.1	0.5565492531131423	0
Solyc02g077500.2	0.5565492531131423	0
Solyc00g500015.1	0.5565492531131423	0
Solyc01g056240.1	0.5565492531131423	0
Solyc02g030135.1	0.5565492531131423	0
Solyc02g062830.2	0.5565492531131423	0
Solyc02g030220.1	0.5565492531131423	0
Solyc01g105250.1	0.5565492531131423	0
Solyc01g011170.1	0.5565492531131423	0
Solyc01g109740.3	0.5565492531131423	0
Solyc01g161760.1	0.5565492531131423	0
Solyc02g077860.1	0.5565492531131423	0
Solyc02g063133.1	0.5565492531131423	0
Solyc02g030520.1	0.5565492531131423	0
Solyc02g087020.1	0.5565492531131423	0
Solyc02g030620.1	0.5565492531131423	0
Solyc01g162010.1	0.5565492531131423	0
Solyc02g160980.1	0.5565492531131423	0
Solyc02g063325.2	0.5565492531131423	0
Solyc01g005860.2	0.5565492531131423	0
Solyc02g031890.3	0.5565492531131423	0
Solyc01g057185.2	0.5565492531131423	0
Solyc02g161260.1	0.5565492531131423	0
Solyc00g500092.2	0.5565492531131423	0
Solyc01g162350.1	0.5565492531131423	0
Solyc01g162520.1	0.5565492531131423	0
Solyc01g162530.1	0.5565492531131423	0
Solyc02g087590.3	0.5565492531131423	0
Solyc02g032520.1	0.5565492531131423	0
Solyc02g064860.3	0.5565492531131423	0
Solyc01g057743.2	0.5565492531131423	0
Solyc02g032570.1	0.5565492531131423	0
Solyc02g083100.2	0.5565492531131423	0
Solyc01g162690.1	0.5565492531131423	0
Solyc01g110620.1	0.5565492531131423	0
Solyc01g162750.1	0.5565492531131423	0
Solyc01g058000.3	0.5565492531131423	0
Solyc02g083160.3	0.5565492531131423	0
Solyc01g014820.2	0.5565492531131423	0
Solyc01g058340.1	0.5565492531131423	0
Solyc01g006770.2	0.5565492531131423	0
Solyc01g058550.1	0.5565492531131423	0
Solyc01g058590.1	0.5565492531131423	0
Solyc01g106530.1	0.5565492531131423	0
Solyc02g036230.3	0.5565492531131423	0
Solyc03g005490.4	0.5565492531131423	0
Solyc02g070830.1	0.5565492531131423	0
Solyc01g059884.2	0.5565492531131423	0
Solyc03g031580.3	0.5565492531131423	0
Solyc01g089840.2	0.5565492531131423	0
Solyc02g083830.3	0.5565492531131423	0
Solyc01g106955.1	0.5565492531131423	0
Solyc01g106990.2	0.5565492531131423	0
Solyc02g079660.1	0.5565492531131423	0
Solyc02g079690.1	0.5565492531131423	0
Solyc03g026411.1	0.5565492531131423	0
Solyc03g083780.1	0.5565492531131423	0
Solyc03g083830.1	0.5565492531131423	0
Solyc03g031480.3	0.5565492531131423	0
Solyc03g119410.1	0.5565492531131423	0
Solyc03g031540.3	0.5565492531131423	0
Solyc04g050200.1	0.5565492531131423	0
Solyc04g050250.1	0.5565492531131423	0
Solyc03g160480.1	0.5565492531131423	0
Solyc04g064952.1	0.5565492531131423	0
Solyc04g009100.1	0.5565492531131423	0
Solyc01g008473.1	0.5565492531131423	0
Solyc04g077295.2	0.5565492531131423	0
Solyc04g081830.1	0.5565492531131423	0
Solyc04g050622.1	0.5565492531131423	0
Solyc04g050740.1	0.5565492531131423	0
Solyc04g017873.1	0.5565492531131423	0
Solyc03g115430.2	0.5565492531131423	0
Solyc04g050910.1	0.5565492531131423	0
Solyc05g040065.1	0.5565492531131423	0
Solyc04g050935.2	0.5565492531131423	0
Solyc04g051050.1	0.5565492531131423	0
Solyc05g041240.1	0.5565492531131423	0
Solyc04g051230.3	0.5565492531131423	0
Solyc05g150133.1	0.5565492531131423	0
Solyc03g161450.1	0.5565492531131423	0
Solyc05g041500.1	0.5565492531131423	0
Solyc06g007560.3	0.5565492531131423	0
Solyc03g111460.3	0.5565492531131423	0
Solyc03g111470.3	0.5565492531131423	0
Solyc03g161520.1	0.5565492531131423	0
Solyc03g161590.1	0.5565492531131423	0
Solyc03g093740.1	0.5565492531131423	0
Solyc05g160030.1	0.5565492531131423	0
Solyc05g010175.1	0.5565492531131423	0
Solyc03g042528.2	0.5565492531131423	0
Solyc05g160100.1	0.5565492531131423	0
Solyc04g025100.1	0.5565492531131423	0
Solyc04g051720.3	0.5565492531131423	0
Solyc05g160270.1	0.5565492531131423	0
Solyc05g043270.2	0.5565492531131423	0
Solyc03g071735.1	0.5565492531131423	0
Solyc03g071790.1	0.5565492531131423	0
Solyc03g043970.3	0.5565492531131423	0
Solyc05g044460.1	0.5565492531131423	0
Solyc04g053037.1	0.5565492531131423	0
Solyc04g053040.3	0.5565492531131423	0
Solyc04g072080.1	0.5565492531131423	0
Solyc05g016690.3	0.5565492531131423	0
Solyc04g025760.1	0.5565492531131423	0
Solyc04g025780.1	0.5565492531131423	0
Solyc05g017740.1	0.5565492531131423	0
Solyc05g160900.1	0.5565492531131423	0
Solyc05g017745.2	0.5565492531131423	0
Solyc04g150109.1	0.5565492531131423	0
Solyc05g017870.2	0.5565492531131423	0
Solyc03g044440.2	0.5565492531131423	0
Solyc05g006280.1	0.5565492531131423	0
Solyc03g095830.3	0.5565492531131423	0
Solyc04g150143.1	0.5565492531131423	0
Solyc04g072430.1	0.5565492531131423	0
Solyc03g044560.1	0.5565492531131423	0
Solyc04g150145.1	0.5565492531131423	0
Solyc03g078433.2	0.5565492531131423	0
Solyc04g005880.1	0.5565492531131423	0
Solyc04g026278.2	0.5565492531131423	0
Solyc05g006465.1	0.5565492531131423	0
Solyc05g046220.1	0.5565492531131423	0
Solyc04g054524.1	0.5565492531131423	0
Solyc05g161300.1	0.5565492531131423	0
Solyc05g018270.2	0.5565492531131423	0
Solyc05g161380.1	0.5565492531131423	0
Solyc03g121365.1	0.5565492531131423	0
Solyc03g096120.1	0.5565492531131423	0
Solyc05g006605.1	0.5565492531131423	0
Solyc04g011940.3	0.5565492531131423	0
Solyc04g160280.1	0.5565492531131423	0
Solyc04g160290.1	0.5565492531131423	0
Solyc04g039830.3	0.5565492531131423	0
Solyc04g039840.1	0.5565492531131423	0
Solyc04g160420.1	0.5565492531131423	0
Solyc04g039920.1	0.5565492531131423	0
Solyc03g096385.1	0.5565492531131423	0
Solyc03g080113.1	0.5565492531131423	0
Solyc04g040010.3	0.5565492531131423	0
Solyc05g161910.1	0.5565492531131423	0
Solyc04g040020.1	0.5565492531131423	0
Solyc03g096530.1	0.5565492531131423	0
Solyc04g040140.2	0.5565492531131423	0
Solyc04g160670.1	0.5565492531131423	0
Solyc03g121740.3	0.5565492531131423	0
Solyc06g009440.3	0.5565492531131423	0
Solyc04g160740.1	0.5565492531131423	0
Solyc05g162070.1	0.5565492531131423	0
Solyc05g162090.1	0.5565492531131423	0
Solyc04g007765.1	0.5565492531131423	0
Solyc05g162330.1	0.5565492531131423	0
Solyc03g051640.3	0.5565492531131423	0
Solyc05g021500.2	0.5565492531131423	0
Solyc05g013090.4	0.5565492531131423	0
Solyc04g161030.1	0.5565492531131423	0
Solyc05g023635.1	0.5565492531131423	0
Solyc04g161160.1	0.5565492531131423	0
Solyc03g051710.1	0.5565492531131423	0
Solyc05g023737.1	0.5565492531131423	0
Solyc04g048910.1	0.5565492531131423	0
Solyc04g074620.1	0.5565492531131423	0
Solyc04g161320.1	0.5565492531131423	0
Solyc04g056535.1	0.5565492531131423	0
Solyc05g013350.5	0.5565492531131423	0
Solyc03g122330.1	0.5565492531131423	0
Solyc04g049290.2	0.5565492531131423	0
Solyc06g010120.1	0.5565492531131423	0
Solyc03g053135.1	0.5565492531131423	0
Solyc04g056720.1	0.5565492531131423	0
Solyc04g049403.1	0.5565492531131423	0
Solyc04g049750.3	0.5565492531131423	0
Solyc04g058040.3	0.5565492531131423	0
Solyc04g076155.1	0.5565492531131423	0
Solyc04g162240.1	0.5565492531131423	0
Solyc04g162320.1	0.5565492531131423	0
Solyc06g016673.1	0.5565492531131423	0
Solyc03g114237.2	0.5565492531131423	0
Solyc05g008170.1	0.5565492531131423	0
Solyc03g098040.2	0.5565492531131423	0
Solyc04g162370.1	0.5565492531131423	0
Solyc04g162380.1	0.5565492531131423	0
Solyc04g162450.1	0.5565492531131423	0
Solyc05g025920.3	0.5565492531131423	0
Solyc03g150100.1	0.5565492531131423	0
Solyc06g054000.1	0.5565492531131423	0
Solyc06g065600.1	0.5565492531131423	0
Solyc06g019130.1	0.5565492531131423	0
Solyc04g063440.3	0.5565492531131423	0
Solyc04g080910.1	0.5565492531131423	0
Solyc03g114490.3	0.5565492531131423	0
Solyc05g055500.1	0.5565492531131423	0
Solyc06g054180.1	0.5565492531131423	0
Solyc04g081010.2	0.5565492531131423	0
Solyc06g030658.2	0.5565492531131423	0
Solyc03g114620.1	0.5565492531131423	0
Solyc04g064600.1	0.5565492531131423	0
Solyc06g031712.1	0.5565492531131423	0
Solyc05g008660.1	0.5565492531131423	0
Solyc07g037930.1	0.5565492531131423	0
Solyc07g005160.1	0.5565492531131423	0
Solyc06g036570.1	0.5565492531131423	0
Solyc07g039440.1	0.5565492531131423	0
Solyc08g016794.1	0.5565492531131423	0
Solyc08g016796.1	0.5565492531131423	0
Solyc05g009200.3	0.5565492531131423	0
Solyc06g034310.4	0.5565492531131423	0
Solyc07g005655.2	0.5565492531131423	0
Solyc06g082330.1	0.5565492531131423	0
Solyc06g060190.3	0.5565492531131423	0
Solyc08g150140.1	0.5565492531131423	0
Solyc06g060210.1	0.5565492531131423	0
Solyc08g006253.1	0.5565492531131423	0
Solyc06g060215.1	0.5565492531131423	0
Solyc08g065130.3	0.5565492531131423	0
Solyc07g016070.1	0.5565492531131423	0
Solyc08g160030.1	0.5565492531131423	0
Solyc07g041027.2	0.5565492531131423	0
Solyc08g075040.1	0.5565492531131423	0
Solyc08g006400.1	0.5565492531131423	0
Solyc08g160180.1	0.5565492531131423	0
Solyc07g005920.3	0.5565492531131423	0
Solyc09g015250.1	0.5565492531131423	0
Solyc07g041623.2	0.5565492531131423	0
Solyc08g028875.1	0.5565492531131423	0
Solyc08g160780.1	0.5565492531131423	0
Solyc07g006450.1	0.5565492531131423	0
Solyc07g017827.2	0.5565492531131423	0
Solyc08g160820.1	0.5565492531131423	0
Solyc09g015920.1	0.5565492531131423	0
Solyc08g160950.1	0.5565492531131423	0
Solyc07g062360.1	0.5565492531131423	0
Solyc06g050330.1	0.5565492531131423	0
Solyc09g009240.1	0.5565492531131423	0
Solyc07g042280.4	0.5565492531131423	0
Solyc07g006750.3	0.5565492531131423	0
Solyc09g009310.2	0.5565492531131423	0
Solyc07g160190.1	0.5565492531131423	0
Solyc08g161350.1	0.5565492531131423	0
Solyc09g059980.3	0.5565492531131423	0
Solyc09g059997.2	0.5565492531131423	0
Solyc08g036510.1	0.5565492531131423	0
Solyc09g060175.2	0.5565492531131423	0
Solyc06g083590.5	0.5565492531131423	0
Solyc06g050640.1	0.5565492531131423	0
Solyc08g041663.2	0.5565492531131423	0
Solyc08g161540.1	0.5565492531131423	0
Solyc08g161550.1	0.5565492531131423	0
Solyc08g066560.3	0.5565492531131423	0
Solyc07g160410.1	0.5565492531131423	0
Solyc07g007090.1	0.5565492531131423	0
Solyc09g061470.1	0.5565492531131423	0
Solyc08g080970.3	0.5565492531131423	0
Solyc06g083940.1	0.5565492531131423	0
Solyc06g083950.3	0.5565492531131423	0
Solyc06g051090.3	0.5565492531131423	0
Solyc06g051150.1	0.5565492531131423	0
Solyc08g007600.2	0.5565492531131423	0
Solyc06g062910.2	0.5565492531131423	0
Solyc09g005135.1	0.5565492531131423	0
Solyc08g081110.2	0.5565492531131423	0
Solyc09g009750.3	0.5565492531131423	0
Solyc09g061780.1	0.5565492531131423	0
Solyc07g043280.1	0.5565492531131423	0
Solyc06g051550.5	0.5565492531131423	0
Solyc07g161200.1	0.5565492531131423	0
Solyc08g007900.3	0.5565492531131423	0
Solyc08g048410.2	0.5565492531131423	0
Solyc07g044710.2	0.5565492531131423	0
Solyc07g161410.1	0.5565492531131423	0
Solyc07g161420.1	0.5565492531131423	0
Solyc07g161520.1	0.5565492531131423	0
Solyc06g052045.1	0.5565492531131423	0
Solyc06g075320.3	0.5565492531131423	0
Solyc09g005780.3	0.5565492531131423	0
Solyc07g161720.1	0.5565492531131423	0
Solyc06g064770.1	0.5565492531131423	0
Solyc06g070920.3	0.5565492531131423	0
Solyc09g010750.3	0.5565492531131423	0
Solyc07g026570.1	0.5565492531131423	0
Solyc07g054700.4	0.5565492531131423	0
Solyc08g077575.2	0.5565492531131423	0
Solyc08g077600.1	0.5565492531131423	0
Solyc08g005110.1	0.5565492531131423	0
Solyc08g013780.1	0.5565492531131423	0
Solyc08g077650.1	0.5565492531131423	0
Solyc07g032050.1	0.5565492531131423	0
Solyc09g011110.1	0.5565492531131423	0
Solyc09g055500.1	0.5565492531131423	0
Solyc09g072935.1	0.5565492531131423	0
Solyc08g014140.1	0.5565492531131423	0
Solyc06g160800.1	0.5565492531131423	0
Solyc09g055713.1	0.5565492531131423	0
Solyc07g009030.4	0.5565492531131423	0
Solyc09g073020.1	0.5565492531131423	0
Solyc07g032620.3	0.5565492531131423	0
Solyc10g008090.1	0.5565492531131423	0
Solyc07g009100.4	0.5565492531131423	0
Solyc07g055380.1	0.5565492531131423	0
Solyc09g056190.1	0.5565492531131423	0
Solyc08g068950.1	0.5565492531131423	0
Solyc07g055610.3	0.5565492531131423	0
Solyc10g052710.1	0.5565492531131423	0
Solyc10g008263.2	0.5565492531131423	0
Solyc09g090790.3	0.5565492531131423	0
Solyc10g052810.1	0.5565492531131423	0
Solyc08g069090.1	0.5565492531131423	0
Solyc07g055800.2	0.5565492531131423	0
Solyc08g069150.1	0.5565492531131423	0
Solyc09g008180.1	0.5565492531131423	0
Solyc09g066340.1	0.5565492531131423	0
Solyc10g044950.1	0.5565492531131423	0
Solyc10g008820.5	0.5565492531131423	0
Solyc08g150107.1	0.5565492531131423	0
Solyc11g039380.1	0.5565492531131423	0
Solyc11g013215.1	0.5565492531131423	0
Solyc09g161650.1	0.5565492531131423	0
Solyc10g008970.1	0.5565492531131423	0
Solyc09g161700.1	0.5565492531131423	0
Solyc10g084520.1	0.5565492531131423	0
Solyc09g161880.1	0.5565492531131423	0
Solyc10g054520.1	0.5565492531131423	0
Solyc10g084710.3	0.5565492531131423	0
Solyc09g161930.1	0.5565492531131423	0
Solyc10g084750.1	0.5565492531131423	0
Solyc09g091610.3	0.5565492531131423	0
Solyc10g162010.1	0.5565492531131423	0
Solyc11g013570.4	0.5565492531131423	0
Solyc12g020035.1	0.5565492531131423	0
Solyc09g014645.1	0.5565492531131423	0
Solyc12g042963.1	0.5565492531131423	0
Solyc12g042964.1	0.5565492531131423	0
Solyc12g010620.1	0.5565492531131423	0
Solyc10g055120.1	0.5565492531131423	0
Solyc11g040280.2	0.5565492531131423	0
Solyc10g005170.1	0.5565492531131423	0
Solyc10g162380.1	0.5565492531131423	0
Solyc11g008245.1	0.5565492531131423	0
Solyc12g027560.1	0.5565492531131423	0
Solyc09g092025.1	0.5565492531131423	0
Solyc11g072370.1	0.5565492531131423	0
Solyc10g162620.1	0.5565492531131423	0
Solyc11g065970.3	0.5565492531131423	0
Solyc10g162660.1	0.5565492531131423	0
Solyc10g162810.1	0.5565492531131423	0
Solyc12g032960.1	0.5565492531131423	0
Solyc12g033100.1	0.5565492531131423	0
Solyc11g017305.1	0.5565492531131423	0
Solyc11g004005.1	0.5565492531131423	0
Solyc10g012100.1	0.5565492531131423	0
Solyc12g035260.1	0.5565492531131423	0
Solyc12g099690.1	0.5565492531131423	0
Solyc10g061980.1	0.5565492531131423	0
Solyc11g044380.1	0.5565492531131423	0
Solyc10g005905.1	0.5565492531131423	0
Solyc11g005210.1	0.5565492531131423	0
Solyc10g047825.1	0.5565492531131423	0
Solyc10g047865.1	0.5565492531131423	0
Solyc12g049100.3	0.5565492531131423	0
Solyc12g049150.1	0.5565492531131423	0
Solyc10g080270.1	0.5565492531131423	0
Solyc12g099880.1	0.5565492531131423	0
Solyc12g006090.1	0.5565492531131423	0
Solyc12g049235.2	0.5565492531131423	0
Solyc10g048110.1	0.5565492531131423	0
Solyc10g074447.1	0.5565492531131423	0
Solyc11g044810.2	0.5565492531131423	0
Solyc10g049230.1	0.5565492531131423	0
Solyc11g073234.1	0.5565492531131423	0
Solyc10g049330.3	0.5565492531131423	0
Solyc10g049370.2	0.5565492531131423	0
Solyc10g018015.1	0.5565492531131423	0
Solyc12g036510.1	0.5565492531131423	0
Solyc10g049500.1	0.5565492531131423	0
Solyc12g150109.1	0.5565492531131423	0
Solyc11g010530.2	0.5565492531131423	0
Solyc10g049520.1	0.5565492531131423	0
Solyc10g074822.1	0.5565492531131423	0
Solyc12g150118.1	0.5565492531131423	0
Solyc11g045400.1	0.5565492531131423	0
Solyc09g098470.3	0.5565492531131423	0
Solyc11g005990.2	0.5565492531131423	0
Solyc12g014300.3	0.5565492531131423	0
Solyc10g018420.3	0.5565492531131423	0
Solyc10g018480.1	0.5565492531131423	0
Solyc11g020540.1	0.5565492531131423	0
Solyc12g014550.1	0.5565492531131423	0
Solyc10g049913.1	0.5565492531131423	0
Solyc09g083305.1	0.5565492531131423	0
Solyc11g050855.1	0.5565492531131423	0
Solyc09g150102.1	0.5565492531131423	0
Solyc12g006977.1	0.5565492531131423	0
Solyc12g056123.1	0.5565492531131423	0
Solyc09g150113.1	0.5565492531131423	0
Solyc10g018920.2	0.5565492531131423	0
Solyc10g150122.1	0.5565492531131423	0
Solyc12g160680.1	0.5565492531131423	0
Solyc12g160720.1	0.5565492531131423	0
Solyc10g150136.1	0.5565492531131423	0
Solyc12g007270.3	0.5565492531131423	0
Solyc12g160830.1	0.5565492531131423	0
Solyc12g160900.1	0.5565492531131423	0
Solyc12g008335.1	0.5565492531131423	0
Solyc12g160910.1	0.5565492531131423	0
Solyc12g160970.1	0.5565492531131423	0
Solyc09g089820.2	0.5565492531131423	0
Solyc11g061730.3	0.5565492531131423	0
Solyc12g016150.1	0.5565492531131423	0
Solyc10g160150.1	0.5565492531131423	0
Solyc10g007370.2	0.5565492531131423	0
Solyc10g007380.1	0.5565492531131423	0
Solyc11g006783.1	0.5565492531131423	0
Solyc12g161150.1	0.5565492531131423	0
Solyc12g039060.1	0.5565492531131423	0
Solyc11g006800.2	0.5565492531131423	0
Solyc09g089990.3	0.5565492531131423	0
Solyc09g090000.1	0.5565492531131423	0
Solyc10g007530.2	0.5565492531131423	0
Solyc12g040365.1	0.5565492531131423	0
Solyc11g161110.1	0.5565492531131423	0
Solyc11g161150.1	0.5565492531131423	0
Solyc11g161180.1	0.5565492531131423	0
Solyc11g011900.1	0.5565492531131423	0
Solyc10g160620.1	0.5565492531131423	0
Solyc12g017670.4	0.5565492531131423	0
Solyc09g160540.1	0.5565492531131423	0
Solyc10g077135.1	0.5565492531131423	0
Solyc09g160560.1	0.5565492531131423	0
Solyc12g040710.1	0.5565492531131423	0
Solyc10g039215.1	0.5565492531131423	0
Solyc10g160870.1	0.5565492531131423	0
Solyc12g040812.2	0.5565492531131423	0
Solyc12g161810.1	0.5565492531131423	0
Solyc12g017855.2	0.5565492531131423	0
Solyc09g160720.1	0.5565492531131423	0
Solyc11g063480.1	0.5565492531131423	0
Solyc12g017883.2	0.5565492531131423	0
Solyc10g161000.1	0.5565492531131423	0
Solyc11g161630.1	0.5565492531131423	0
Solyc11g030910.1	0.5565492531131423	0
Solyc12g162070.1	0.5565492531131423	0
Solyc12g042123.1	0.5565492531131423	0
Solyc10g161090.1	0.5565492531131423	0
Solyc11g161670.1	0.5565492531131423	0
Solyc12g162130.1	0.5565492531131423	0
Solyc11g069760.1	0.5565492531131423	0
Solyc12g009360.1	0.5565492531131423	0
Solyc12g162280.1	0.5565492531131423	0
Solyc12g019620.2	0.5565492531131423	0
Solyc12g062680.3	0.5565492531131423	0
Solyc12g098250.1	0.5565492531131423	0
Solyc12g019870.1	0.5565492531131423	0
Solyc12g098460.2	0.5565492531131423	0
Solyc12g063010.3	0.5565492531131423	0
Solyc12g019955.2	0.5565492531131423	0
Solyc12g019970.1	0.5565492531131423	0
Solyc12g042790.1	0.5565492531131423	0
Solyc12g077355.1	0.5565492531131423	0
Solyc12g077360.1	0.5565492531131423	0
Solyc12g099120.3	0.5565492531131423	0
Solyc12g098090.1	0.5572062905092123	0
Solyc02g044005.1	0.5576207573208107	0
Solyc04g011890.1	0.5576207573208107	0
Solyc03g082790.5	0.5576646316734166	0
Solyc05g053910.1	0.5577961769013555	0
Solyc08g065790.3	0.5577961769013555	0
Solyc02g011840.1	0.5578399993885346	0
Solyc04g150156.1	0.5578399993885346	0
Solyc05g162260.1	0.5578399993885346	0
Solyc07g045610.1	0.5578399993885346	0
Solyc12g044690.3	0.5578399993885346	0
Solyc10g075080.1	0.5578399993885346	0
Solyc12g019440.4	0.5586368187807633	0
Solyc08g067620.2	0.5587938634270853	0
Solyc11g011560.3	0.5591368839996237	0
Solyc04g150136.1	0.5592944485598426	0
Solyc02g090393.1	0.559502676313349	0
Solyc07g021030.3	0.559502676313349	0
Solyc04g160360.1	0.5596084157503127	0
Solyc02g072060.3	0.5598040992119393	0
Solyc08g078930.1	0.5606705576090656	0
Solyc10g008080.3	0.5608609104945009	0
Solyc06g066130.1	0.5609647516457766	0
Solyc06g066510.1	0.5609647516457766	0
Solyc08g022100.1	0.5609647516457766	0
Solyc09g018785.2	0.5610166447594032	0
Solyc00g022070.1	0.5621146633106675	0
Solyc01g014470.1	0.5624108785874609	0
Solyc02g030137.2	0.5632819811623764	0
Solyc09g042665.1	0.5635372047625296	0
Solyc04g051783.1	0.5635881960996001	0
Solyc04g007680.5	0.5635881960996001	0
Solyc09g065490.2	0.5635881960996001	0
Solyc10g086080.2	0.5642240917491123	0
Solyc09g074280.1	0.5644776770237907	0
Solyc06g065930.5	0.5651097188342551	0
Solyc02g079700.1	0.5651349436108078	0
Solyc03g122130.3	0.5651601640220478	0
Solyc01g110647.1	0.5652105917535938	0
Solyc11g020180.3	0.5652105917535938	0
Solyc03g026015.1	0.5654876326933169	0
Solyc05g053160.3	0.5656359904031006	0
Solyc11g008920.1	0.5656385240872869	0
Solyc06g071130.3	0.5656887864822919	0
Solyc08g077870.4	0.5656887864822919	0
Solyc03g031610.1	0.5656946157967885	0
Solyc05g026100.1	0.5656946157967885	0
Solyc11g006160.3	0.5656946157967885	0
Solyc04g018120.1	0.5657390315256914	0
Solyc07g026740.1	0.5657390315256914	0
Solyc02g092280.1	0.5660902618168498	0
Solyc05g024380.1	0.5661153172688048	0
Solyc09g150128.1	0.5661153172688048	0
Solyc02g089790.4	0.5661403684038764	0
Solyc02g067450.4	0.5661904577282972	0
Solyc08g065380.3	0.5662405297999621	0
Solyc01g111430.2	0.566290584628713	0
Solyc01g059900.5	0.5663156055800691	0
Solyc04g026315.2	0.5663156055800691	0
Solyc12g005920.2	0.5663156055800691	0
Solyc01g014270.3	0.5663656345628854	0
Solyc04g078720.1	0.5663656345628854	0
Solyc10g017640.1	0.5663656345628854	0
Solyc01g098370.1	0.5663906425968012	0
Solyc04g005370.2	0.5664156463273582	0
Solyc03g007350.1	0.5664406457557832	0
Solyc02g084113.1	0.5664406457557832	0
Solyc05g161730.1	0.5664406457557832	0
Solyc08g007660.2	0.5664406457557832	0
Solyc11g005230.1	0.5664406457557832	0
Solyc03g006440.4	0.5664906317111407	0
Solyc04g082240.1	0.5664906317111407	0
Solyc05g015940.2	0.566515618240524	0
Solyc05g055650.3	0.566515618240524	0
Solyc09g056130.4	0.566515618240524	0
Solyc02g088120.4	0.5665406004726767	0
Solyc04g074120.4	0.5665406004726767	0
Solyc12g099655.1	0.5665406004726767	0
Solyc10g050105.1	0.5665406004726767	0
Solyc01g103620.4	0.5665655784088228	0
Solyc02g090810.4	0.5665655784088228	0
Solyc02g068730.3	0.5665655784088228	0
Solyc01g056520.3	0.5665655784088228	0
Solyc01g094850.3	0.5665655784088228	0
Solyc02g070070.1	0.5665655784088228	0
Solyc03g118980.2	0.5665655784088228	0
Solyc09g064520.3	0.5665655784088228	0
Solyc07g064740.3	0.5665655784088228	0
Solyc10g079210.2	0.5665655784088228	0
Solyc11g042810.2	0.5665655784088228	0
Solyc02g038825.1	0.5665905520501864	0
Solyc01g091140.4	0.5665905520501864	0
Solyc00g125990.1	0.5665905520501864	0
Solyc01g081033.1	0.5665905520501864	0
Solyc01g009500.4	0.5665905520501864	0
Solyc02g081550.3	0.5665905520501864	0
Solyc02g062110.4	0.5665905520501864	0
Solyc01g005060.3	0.5665905520501864	0
Solyc01g067300.3	0.5665905520501864	0
Solyc02g086454.2	0.5665905520501864	0
Solyc02g077670.3	0.5665905520501864	0
Solyc01g099450.4	0.5665905520501864	0
Solyc01g099660.4	0.5665905520501864	0
Solyc02g082430.4	0.5665905520501864	0
Solyc02g087580.3	0.5665905520501864	0
Solyc01g100790.1	0.5665905520501864	0
Solyc01g079490.2	0.5665905520501864	0
Solyc03g006080.4	0.5665905520501864	0
Solyc05g015640.3	0.5665905520501864	0
Solyc05g052950.5	0.5665905520501864	0
Solyc06g009150.1	0.5665905520501864	0
Solyc06g009390.3	0.5665905520501864	0
Solyc03g046440.3	0.5665905520501864	0
Solyc05g050220.3	0.5665905520501864	0
Solyc07g005190.3	0.5665905520501864	0
Solyc07g056340.4	0.5665905520501864	0
Solyc06g082200.4	0.5665905520501864	0
Solyc07g052460.3	0.5665905520501864	0
Solyc08g079890.2	0.5665905520501864	0
Solyc07g062050.3	0.5665905520501864	0
Solyc06g083370.3	0.5665905520501864	0
Solyc06g068740.4	0.5665905520501864	0
Solyc07g042830.4	0.5665905520501864	0
Solyc07g053420.5	0.5665905520501864	0
Solyc08g067270.4	0.5665905520501864	0
Solyc06g084570.4	0.5665905520501864	0
Solyc09g031760.1	0.5665905520501864	0
Solyc07g008480.3	0.5665905520501864	0
Solyc09g090560.2	0.5665905520501864	0
Solyc10g079140.2	0.5665905520501864	0
Solyc10g079155.1	0.5665905520501864	0
Solyc11g071940.1	0.5665905520501864	0
Solyc10g004000.1	0.5665905520501864	0
Solyc09g075730.3	0.5665905520501864	0
Solyc11g042470.1	0.5665905520501864	0
Solyc10g005320.3	0.5665905520501864	0
Solyc10g080340.4	0.5665905520501864	0
Solyc09g082620.3	0.5665905520501864	0
Solyc11g020060.2	0.5665905520501864	0
Solyc11g045160.4	0.5665905520501864	0
Solyc12g094660.2	0.5665905520501864	0
Solyc11g056640.3	0.5665905520501864	0
Solyc10g052530.1	0.5665905520501864	0
Solyc12g019060.2	0.5665905520501864	0
Solyc12g097060.1	0.5665905520501864	0
Solyc11g012620.2	0.5665905520501864	0
Solyc01g080520.3	0.5693334222057698	0
Solyc12g009950.3	0.5693928637046197	0
Solyc04g063200.1	0.5694126720967009	0
Solyc09g009360.1	0.5694918784771794	0
Solyc09g012040.1	0.5694918784771794	0
Solyc07g066130.1	0.5699115159653342	0
Solyc06g072210.1	0.5702740646003386	0
Solyc08g076560.1	0.5702740646003386	0
Solyc08g075180.1	0.5705930780429421	0
Solyc12g005783.1	0.5723458205698642	0
Solyc06g064650.5	0.5723854798986627	0
Solyc04g050070.3	0.5724251282504277	0
Solyc09g065310.1	0.5724251282504277	0
Solyc03g007020.2	0.5724647656301932	0
Solyc02g161320.1	0.5724647656301932	0
Solyc01g006820.2	0.5724647656301932	0
Solyc11g012660.2	0.5737054887323243	0
Solyc02g077530.2	0.573833587216038	0
Solyc00g160370.1	0.5745882793069805	0
Solyc00g160570.1	0.5745882793069805	0
Solyc04g082350.3	0.5745882793069805	0
Solyc12g056430.1	0.5747534934250869	0
Solyc06g008930.3	0.5748085222433368	0
Solyc00g500235.1	0.5748635298070636	0
Solyc08g006860.3	0.575412520475607	0
Solyc02g062210.4	0.5757889217105852	0
Solyc02g071730.2	0.5758068623343766	0
Solyc01g097250.4	0.5758068623343766	0
Solyc01g060130.3	0.5758068623343766	0
Solyc01g107780.4	0.5758068623343766	0
Solyc02g084810.3	0.5758068623343766	0
Solyc02g093610.3	0.5758068623343766	0
Solyc01g107900.3	0.5758068623343766	0
Solyc02g093750.3	0.5758068623343766	0
Solyc01g065490.5	0.5758068623343766	0
Solyc00g500293.1	0.5758068623343766	0
Solyc01g008940.2	0.5758068623343766	0
Solyc02g080580.1	0.5758068623343766	0
Solyc01g009100.5	0.5758068623343766	0
Solyc02g072170.3	0.5758068623343766	0
Solyc01g091320.3	0.5758068623343766	0
Solyc02g085320.1	0.5758068623343766	0
Solyc02g067680.1	0.5758068623343766	0
Solyc01g103800.3	0.5758068623343766	0
Solyc02g055470.3	0.5758068623343766	0
Solyc02g085570.4	0.5758068623343766	0
Solyc02g090000.3	0.5758068623343766	0
Solyc01g103960.3	0.5758068623343766	0
Solyc01g091570.3	0.5758068623343766	0
Solyc02g094520.3	0.5758068623343766	0
Solyc01g091620.3	0.5758068623343766	0
Solyc03g007000.4	0.5758068623343766	0
Solyc01g009620.3	0.5758068623343766	0
Solyc02g090360.3	0.5758068623343766	0
Solyc02g061810.3	0.5758068623343766	0
Solyc01g081310.3	0.5758068623343766	0
Solyc02g081390.3	0.5758068623343766	0
Solyc01g081400.3	0.5758068623343766	0
Solyc02g150128.1	0.5758068623343766	0
Solyc01g094040.3	0.5758068623343766	0
Solyc01g098740.4	0.5758068623343766	0
Solyc03g007650.2	0.5758068623343766	0
Solyc01g010310.4	0.5758068623343766	0
Solyc01g067280.3	0.5758068623343766	0
Solyc02g150148.1	0.5758068623343766	0
Solyc02g062400.3	0.5758068623343766	0
Solyc03g007890.3	0.5758068623343766	0
Solyc01g010540.3	0.5758068623343766	0
Solyc02g090970.1	0.5758068623343766	0
Solyc01g104880.3	0.5758068623343766	0
Solyc02g077430.5	0.5758068623343766	0
Solyc02g077440.3	0.5758068623343766	0
Solyc02g077450.3	0.5758068623343766	0
Solyc02g062620.3	0.5758068623343766	0
Solyc02g086650.3	0.5758068623343766	0
Solyc01g010990.3	0.5758068623343766	0
Solyc00g500038.1	0.5758068623343766	0
Solyc02g086880.4	0.5758068623343766	0
Solyc02g063000.5	0.5758068623343766	0
Solyc01g094930.3	0.5758068623343766	0
Solyc01g099760.4	0.5758068623343766	0
Solyc02g082500.1	0.5758068623343766	0
Solyc01g087470.3	0.5758068623343766	0
Solyc01g105510.3	0.5758068623343766	0
Solyc01g068190.3	0.5758068623343766	0
Solyc01g099880.5	0.5758068623343766	0
Solyc02g031770.5	0.5758068623343766	0
Solyc01g057000.3	0.5758068623343766	0
Solyc02g078180.3	0.5758068623343766	0
Solyc02g082700.3	0.5758068623343766	0
Solyc00g500080.1	0.5758068623343766	0
Solyc01g095320.4	0.5758068623343766	0
Solyc02g063440.3	0.5758068623343766	0
Solyc00g500082.1	0.5758068623343766	0
Solyc01g068330.4	0.5758068623343766	0
Solyc02g082800.3	0.5758068623343766	0
Solyc02g069780.3	0.5758068623343766	0
Solyc01g006200.3	0.5758068623343766	0
Solyc01g110340.5	0.5758068623343766	0
Solyc02g069860.4	0.5758068623343766	0
Solyc02g069950.3	0.5758068623343766	0
Solyc01g088090.3	0.5758068623343766	0
Solyc03g025340.1	0.5758068623343766	0
Solyc02g092210.1	0.5758068623343766	0
Solyc03g005060.4	0.5758068623343766	0
Solyc01g058040.2	0.5758068623343766	0
Solyc02g065070.3	0.5758068623343766	0
Solyc01g106210.3	0.5758068623343766	0
Solyc02g078870.1	0.5758068623343766	0
Solyc02g078940.3	0.5758068623343766	0
Solyc03g025560.4	0.5758068623343766	0
Solyc01g100820.3	0.5758068623343766	0
Solyc02g032960.3	0.5758068623343766	0
Solyc02g079000.5	0.5758068623343766	0
Solyc01g088560.3	0.5758068623343766	0
Solyc02g065540.3	0.5758068623343766	0
Solyc01g096350.3	0.5758068623343766	0
Solyc01g007060.3	0.5758068623343766	0
Solyc00g500194.1	0.5758068623343766	0
Solyc01g102310.3	0.5758068623343766	0
Solyc02g065780.1	0.5758068623343766	0
Solyc01g111570.3	0.5758068623343766	0
Solyc01g111670.4	0.5758068623343766	0
Solyc03g083530.3	0.5758068623343766	0
Solyc03g083570.3	0.5758068623343766	0
Solyc01g102580.3	0.5758068623343766	0
Solyc03g059350.3	0.5758068623343766	0
Solyc01g007930.5	0.5758068623343766	0
Solyc03g032020.5	0.5758068623343766	0
Solyc01g079790.5	0.5758068623343766	0
Solyc01g107250.3	0.5758068623343766	0
Solyc01g102800.3	0.5758068623343766	0
Solyc01g090380.3	0.5758068623343766	0
Solyc03g119440.3	0.5758068623343766	0
Solyc01g107300.5	0.5758068623343766	0
Solyc01g111950.4	0.5758068623343766	0
Solyc03g119590.1	0.5758068623343766	0
Solyc04g077140.3	0.5758068623343766	0
Solyc04g008940.4	0.5758068623343766	0
Solyc04g081740.3	0.5758068623343766	0
Solyc05g051850.3	0.5758068623343766	0
Solyc05g056420.4	0.5758068623343766	0
Solyc03g115360.3	0.5758068623343766	0
Solyc04g071083.1	0.5758068623343766	0
Solyc05g052040.1	0.5758068623343766	0
Solyc05g005140.4	0.5758068623343766	0
Solyc04g082140.3	0.5758068623343766	0
Solyc05g052270.3	0.5758068623343766	0
Solyc04g082290.4	0.5758068623343766	0
Solyc04g024500.3	0.5758068623343766	0
Solyc04g082330.3	0.5758068623343766	0
Solyc05g150144.1	0.5758068623343766	0
Solyc03g120240.3	0.5758068623343766	0
Solyc05g150146.1	0.5758068623343766	0
Solyc03g111550.4	0.5758068623343766	0
Solyc05g041990.1	0.5758068623343766	0
Solyc06g007870.3	0.5758068623343766	0
Solyc05g005700.4	0.5758068623343766	0
Solyc04g051710.2	0.5758068623343766	0
Solyc06g008130.4	0.5758068623343766	0
Solyc05g005920.4	0.5758068623343766	0
Solyc04g082830.3	0.5758068623343766	0
Solyc03g116500.4	0.5758068623343766	0
Solyc04g072047.1	0.5758068623343766	0
Solyc03g095490.3	0.5758068623343766	0
Solyc05g053040.3	0.5758068623343766	0
Solyc03g044300.3	0.5758068623343766	0
Solyc04g005570.5	0.5758068623343766	0
Solyc04g078830.3	0.5758068623343766	0
Solyc03g095820.4	0.5758068623343766	0
Solyc04g011570.3	0.5758068623343766	0
Solyc04g006980.1	0.5758068623343766	0
Solyc05g053440.5	0.5758068623343766	0
Solyc03g112630.3	0.5758068623343766	0
Solyc03g121310.2	0.5758068623343766	0
Solyc03g121330.3	0.5758068623343766	0
Solyc05g053520.3	0.5758068623343766	0
Solyc05g046320.1	0.5758068623343766	0
Solyc03g117080.4	0.5758068623343766	0
Solyc04g072640.3	0.5758068623343766	0
Solyc04g054690.3	0.5758068623343766	0
Solyc06g009040.4	0.5758068623343766	0
Solyc05g053670.3	0.5758068623343766	0
Solyc03g117320.4	0.5758068623343766	0
Solyc04g072920.5	0.5758068623343766	0
Solyc04g012180.5	0.5758068623343766	0
Solyc05g053835.2	0.5758068623343766	0
Solyc03g045140.4	0.5758068623343766	0
Solyc04g079640.3	0.5758068623343766	0
Solyc04g007520.3	0.5758068623343766	0
Solyc03g117490.5	0.5758068623343766	0
Solyc04g045340.3	0.5758068623343766	0
Solyc05g054170.5	0.5758068623343766	0
Solyc05g054180.3	0.5758068623343766	0
Solyc04g045560.4	0.5758068623343766	0
Solyc05g049970.3	0.5758068623343766	0
Solyc06g009640.2	0.5758068623343766	0
Solyc03g117690.3	0.5758068623343766	0
Solyc04g007800.5	0.5758068623343766	0
Solyc04g056340.4	0.5758068623343766	0
Solyc03g117810.4	0.5758068623343766	0
Solyc03g097080.4	0.5758068623343766	0
Solyc03g097160.4	0.5758068623343766	0
Solyc05g007480.1	0.5758068623343766	0
Solyc05g013400.4	0.5758068623343766	0
Solyc03g097290.4	0.5758068623343766	0
Solyc05g013410.3	0.5758068623343766	0
Solyc03g097320.3	0.5758068623343766	0
Solyc05g013480.4	0.5758068623343766	0
Solyc04g049330.3	0.5758068623343766	0
Solyc04g008330.1	0.5758068623343766	0
Solyc05g007810.3	0.5758068623343766	0
Solyc03g114020.3	0.5758068623343766	0
Solyc06g011450.3	0.5758068623343766	0
Solyc03g083200.5	0.5758068623343766	0
Solyc03g083320.4	0.5758068623343766	0
Solyc04g076280.4	0.5758068623343766	0
Solyc06g016790.3	0.5758068623343766	0
Solyc04g063280.3	0.5758068623343766	0
Solyc05g055290.3	0.5758068623343766	0
Solyc05g008440.3	0.5758068623343766	0
Solyc03g118820.4	0.5758068623343766	0
Solyc05g051410.3	0.5758068623343766	0
Solyc04g064490.3	0.5758068623343766	0
Solyc06g076640.3	0.5758068623343766	0
Solyc05g008630.4	0.5758068623343766	0
Solyc03g114720.3	0.5758068623343766	0
Solyc06g076880.3	0.5758068623343766	0
Solyc07g009380.5	0.5758068623343766	0
Solyc07g005240.4	0.5758068623343766	0
Solyc07g039310.1	0.5758068623343766	0
Solyc05g055890.3	0.5758068623343766	0
Solyc08g062770.3	0.5758068623343766	0
Solyc07g040660.4	0.5758068623343766	0
Solyc06g059870.1	0.5758068623343766	0
Solyc05g009180.1	0.5758068623343766	0
Solyc08g074683.1	0.5758068623343766	0
Solyc08g079240.4	0.5758068623343766	0
Solyc08g062910.4	0.5758068623343766	0
Solyc07g056560.3	0.5758068623343766	0
Solyc07g040940.3	0.5758068623343766	0
Solyc06g066580.4	0.5758068623343766	0
Solyc07g052230.3	0.5758068623343766	0
Solyc07g005860.3	0.5758068623343766	0
Solyc08g065440.5	0.5758068623343766	0
Solyc08g006510.3	0.5758068623343766	0
Solyc07g041310.3	0.5758068623343766	0
Solyc08g160350.1	0.5758068623343766	0
Solyc06g067910.3	0.5758068623343766	0
Solyc06g060720.3	0.5758068623343766	0
Solyc06g073400.3	0.5758068623343766	0
Solyc08g075370.3	0.5758068623343766	0
Solyc06g073470.3	0.5758068623343766	0
Solyc07g041720.1	0.5758068623343766	0
Solyc08g075440.4	0.5758068623343766	0
Solyc08g006850.4	0.5758068623343766	0
Solyc09g009100.4	0.5758068623343766	0
Solyc08g080120.3	0.5758068623343766	0
Solyc07g006530.3	0.5758068623343766	0
Solyc08g006970.5	0.5758068623343766	0
Solyc08g066200.3	0.5758068623343766	0
Solyc06g068430.4	0.5758068623343766	0
Solyc06g083360.3	0.5758068623343766	0
Solyc08g066500.5	0.5758068623343766	0
Solyc08g041780.3	0.5758068623343766	0
Solyc06g062600.3	0.5758068623343766	0
Solyc07g053480.4	0.5758068623343766	0
Solyc08g076450.3	0.5758068623343766	0
Solyc07g021120.3	0.5758068623343766	0
Solyc08g081150.4	0.5758068623343766	0
Solyc07g053730.4	0.5758068623343766	0
Solyc06g063020.4	0.5758068623343766	0
Solyc08g081220.1	0.5758068623343766	0
Solyc09g005270.3	0.5758068623343766	0
Solyc06g063100.3	0.5758068623343766	0
Solyc06g074840.3	0.5758068623343766	0
Solyc09g009960.3	0.5758068623343766	0
Solyc08g076800.4	0.5758068623343766	0
Solyc06g084430.4	0.5758068623343766	0
Solyc08g076840.3	0.5758068623343766	0
Solyc07g007810.3	0.5758068623343766	0
Solyc06g051800.3	0.5758068623343766	0
Solyc07g063520.3	0.5758068623343766	0
Solyc06g150109.1	0.5758068623343766	0
Solyc06g051970.3	0.5758068623343766	0
Solyc07g022910.3	0.5758068623343766	0
Solyc06g069690.4	0.5758068623343766	0
Solyc07g044980.3	0.5758068623343766	0
Solyc06g069730.3	0.5758068623343766	0
Solyc09g010510.4	0.5758068623343766	0
Solyc06g150135.1	0.5758068623343766	0
Solyc09g064820.1	0.5758068623343766	0
Solyc06g150138.1	0.5758068623343766	0
Solyc07g008370.5	0.5758068623343766	0
Solyc07g063960.3	0.5758068623343766	0
Solyc08g067960.3	0.5758068623343766	0
Solyc06g053370.3	0.5758068623343766	0
Solyc06g065020.3	0.5758068623343766	0
Solyc09g007140.5	0.5758068623343766	0
Solyc06g071110.3	0.5758068623343766	0
Solyc09g050069.1	0.5758068623343766	0
Solyc07g045450.1	0.5758068623343766	0
Solyc06g075930.1	0.5758068623343766	0
Solyc07g064280.3	0.5758068623343766	0
Solyc07g008770.5	0.5758068623343766	0
Solyc06g071200.3	0.5758068623343766	0
Solyc07g008840.3	0.5758068623343766	0
Solyc08g014030.1	0.5758068623343766	0
Solyc09g007450.3	0.5758068623343766	0
Solyc08g077830.1	0.5758068623343766	0
Solyc08g068460.1	0.5758068623343766	0
Solyc08g082730.4	0.5758068623343766	0
Solyc08g082830.3	0.5758068623343766	0
Solyc08g082850.3	0.5758068623343766	0
Solyc07g032740.4	0.5758068623343766	0
Solyc07g047950.1	0.5758068623343766	0
Solyc08g078090.1	0.5758068623343766	0
Solyc07g009140.3	0.5758068623343766	0
Solyc08g014450.4	0.5758068623343766	0
Solyc09g007800.3	0.5758068623343766	0
Solyc08g078180.1	0.5758068623343766	0
Solyc08g078210.3	0.5758068623343766	0
Solyc07g055640.1	0.5758068623343766	0
Solyc06g071830.2	0.5758068623343766	0
Solyc06g071880.4	0.5758068623343766	0
Solyc08g069080.4	0.5758068623343766	0
Solyc09g074370.4	0.5758068623343766	0
Solyc10g078500.1	0.5758068623343766	0
Solyc09g011770.3	0.5758068623343766	0
Solyc09g090930.3	0.5758068623343766	0
Solyc09g008080.3	0.5758068623343766	0
Solyc07g049230.1	0.5758068623343766	0
Solyc10g084050.2	0.5758068623343766	0
Solyc09g011860.5	0.5758068623343766	0
Solyc10g053970.2	0.5758068623343766	0
Solyc07g049370.2	0.5758068623343766	0
Solyc07g056000.2	0.5758068623343766	0
Solyc08g074410.5	0.5758068623343766	0
Solyc09g013130.3	0.5758068623343766	0
Solyc10g084310.2	0.5758068623343766	0
Solyc11g065080.2	0.5758068623343766	0
Solyc08g078840.3	0.5758068623343766	0
Solyc10g008990.5	0.5758068623343766	0
Solyc10g009070.3	0.5758068623343766	0
Solyc11g065210.3	0.5758068623343766	0
Solyc09g072750.3	0.5758068623343766	0
Solyc12g010220.3	0.5758068623343766	0
Solyc08g078960.4	0.5758068623343766	0
Solyc11g065350.2	0.5758068623343766	0
Solyc11g071870.2	0.5758068623343766	0
Solyc10g084800.2	0.5758068623343766	0
Solyc10g054670.3	0.5758068623343766	0
Solyc12g005050.2	0.5758068623343766	0
Solyc10g009360.5	0.5758068623343766	0
Solyc12g010480.2	0.5758068623343766	0
Solyc12g087840.1	0.5758068623343766	0
Solyc10g085040.1	0.5758068623343766	0
Solyc12g043000.3	0.5758068623343766	0
Solyc09g091810.1	0.5758068623343766	0
Solyc12g087960.2	0.5758068623343766	0
Solyc10g085130.2	0.5758068623343766	0
Solyc11g072390.2	0.5758068623343766	0
Solyc10g085320.2	0.5758068623343766	0
Solyc10g012050.3	0.5758068623343766	0
Solyc10g055800.2	0.5758068623343766	0
Solyc12g005780.3	0.5758068623343766	0
Solyc12g044730.2	0.5758068623343766	0
Solyc12g011370.3	0.5758068623343766	0
Solyc12g035710.2	0.5758068623343766	0
Solyc10g080180.3	0.5758068623343766	0
Solyc10g085830.2	0.5758068623343766	0
Solyc10g006070.3	0.5758068623343766	0
Solyc09g082550.3	0.5758068623343766	0
Solyc10g086065.1	0.5758068623343766	0
Solyc11g066870.3	0.5758068623343766	0
Solyc11g010250.1	0.5758068623343766	0
Solyc10g086210.2	0.5758068623343766	0
Solyc12g049420.2	0.5758068623343766	0
Solyc12g013920.2	0.5758068623343766	0
Solyc10g006560.4	0.5758068623343766	0
Solyc12g006540.2	0.5758068623343766	0
Solyc10g049650.3	0.5758068623343766	0
Solyc12g014280.2	0.5758068623343766	0
Solyc11g045520.2	0.5758068623343766	0
Solyc10g049800.2	0.5758068623343766	0
Solyc10g081270.2	0.5758068623343766	0
Solyc12g095800.2	0.5758068623343766	0
Solyc12g056220.2	0.5758068623343766	0
Solyc12g056240.2	0.5758068623343766	0
Solyc12g015870.2	0.5758068623343766	0
Solyc11g011490.2	0.5758068623343766	0
Solyc11g068880.2	0.5758068623343766	0
Solyc12g096040.3	0.5758068623343766	0
Solyc10g024320.2	0.5758068623343766	0
Solyc10g160190.1	0.5758068623343766	0
Solyc11g011610.2	0.5758068623343766	0
Solyc09g090020.4	0.5758068623343766	0
Solyc12g096210.2	0.5758068623343766	0
Solyc11g011760.3	0.5758068623343766	0
Solyc09g090120.3	0.5758068623343766	0
Solyc11g069115.2	0.5758068623343766	0
Solyc12g096390.2	0.5758068623343766	0
Solyc10g083060.1	0.5758068623343766	0
Solyc10g083160.2	0.5758068623343766	0
Solyc11g012140.2	0.5758068623343766	0
Solyc10g052660.5	0.5758068623343766	0
Solyc11g064950.3	0.5758068623343766	0
Solyc12g019490.2	0.5758068623343766	0
Solyc12g019700.1	0.5758068623343766	0
Solyc11g070183.1	0.5758068623343766	0
Solyc12g009960.2	0.5758068623343766	0
Solyc12g098640.3	0.5758068623343766	0
Solyc12g076350.2	0.5758068623343766	0
Solyc12g077440.2	0.5758068623343766	0
Solyc12g062340.2	0.5758185628779812	0
Solyc07g150136.1	0.5765328192872505	0
Solyc03g114270.1	0.5767025761073432	0
Solyc12g160460.1	0.5767025761073432	0
Solyc04g051620.3	0.5768237424747262	0
Solyc03g123820.2	0.5768488157417282	0
Solyc05g013430.1	0.5768738845734684	0
Solyc00g254910.1	0.5768989489712475	0
Solyc06g048420.2	0.5769741155738131	0
Solyc11g017310.3	0.5769991622487407	0
Solyc08g075480.4	0.5779974124983382	0
Solyc09g050063.1	0.5784241370991123	0
Solyc06g054600.2	0.5785013212130785	0
Solyc01g106600.2	0.5785281205307362	0
Solyc07g055010.3	0.5785549147609013	0
Solyc11g072140.3	0.5794324602520475	0
Solyc12g005670.2	0.5794516204382383	0
Solyc12g041940.1	0.5794977033059039	0
Solyc01g010960.3	0.5795437710971808	0
Solyc03g019630.1	0.5795437710971808	0
Solyc10g046870.1	0.5795437710971808	0
Solyc07g006610.3	0.5795554900828269	0
Solyc02g077230.3	0.579629256412381	0
Solyc12g009510.1	0.5798748653307497	0
Solyc08g036533.1	0.5800220251411099	0
Solyc12g096080.2	0.5800220251411099	0
Solyc08g080450.4	0.5800465368133756	0
Solyc09g098080.5	0.5800465368133756	0
Solyc12g040700.1	0.5805114483509772	0
Solyc02g091310.2	0.5806823444954872	0
Solyc11g069820.3	0.5807311337882641	0
Solyc03g118060.3	0.5807799061313683	0
Solyc09g009060.1	0.5808042859498438	0
Solyc09g098420.3	0.5808042859498438	0
Solyc02g062630.1	0.58090176289835	0
Solyc12g044190.3	0.58090176289835	0
Solyc02g090640.5	0.5809261215602189	0
Solyc04g071430.2	0.5809261215602189	0
Solyc10g007560.2	0.5809261215602189	0
Solyc03g095370.3	0.5809504759944195	0
Solyc06g069710.3	0.5809504759944195	0
Solyc04g055080.3	0.5809748262021681	0
Solyc02g021270.3	0.580999172184681	0
Solyc02g077210.1	0.580999172184681	0
Solyc01g106150.1	0.580999172184681	0
Solyc07g051860.1	0.580999172184681	0
Solyc08g079080.6	0.580999172184681	0
Solyc11g017280.2	0.580999172184681	0
Solyc02g092660.3	0.5810235139431735	0
Solyc01g059920.5	0.5810235139431735	0
Solyc04g081950.4	0.5810235139431735	0
Solyc06g007260.1	0.5810235139431735	0
Solyc05g012300.1	0.5810235139431735	0
Solyc05g013060.4	0.5810235139431735	0
Solyc04g074790.3	0.5810235139431735	0
Solyc09g059030.4	0.5810235139431735	0
Solyc06g062750.3	0.5810235139431735	0
Solyc12g005590.2	0.5810235139431735	0
Solyc11g010210.1	0.5810235139431735	0
Solyc12g019140.3	0.5810235139431735	0
Solyc01g104040.4	0.5810478514788611	0
Solyc00g500360.1	0.5810478514788611	0
Solyc01g104290.3	0.5810478514788611	0
Solyc01g010290.4	0.5810478514788611	0
Solyc02g091290.3	0.5810478514788611	0
Solyc03g019750.3	0.5810478514788611	0
Solyc03g019760.4	0.5810478514788611	0
Solyc01g006850.1	0.5810478514788611	0
Solyc01g096500.3	0.5810478514788611	0
Solyc01g089980.4	0.5810478514788611	0
Solyc03g098420.3	0.5810478514788611	0
Solyc05g009900.3	0.5810478514788611	0
Solyc03g093800.1	0.5810478514788611	0
Solyc05g010685.1	0.5810478514788611	0
Solyc05g012000.3	0.5810478514788611	0
Solyc03g117110.4	0.5810478514788611	0
Solyc06g009290.4	0.5810478514788611	0
Solyc03g113710.4	0.5810478514788611	0
Solyc03g113760.3	0.5810478514788611	0
Solyc03g123640.3	0.5810478514788611	0
Solyc05g055510.3	0.5810478514788611	0
Solyc08g074970.1	0.5810478514788611	0
Solyc07g041660.5	0.5810478514788611	0
Solyc08g067050.3	0.5810478514788611	0
Solyc08g061220.3	0.5810478514788611	0
Solyc10g084100.2	0.5810478514788611	0
Solyc10g047040.3	0.5810478514788611	0
Solyc12g013520.3	0.5810478514788611	0
Solyc10g006177.1	0.5810478514788611	0
Solyc11g010620.3	0.5810478514788611	0
Solyc10g081340.1	0.5810478514788611	0
Solyc11g068990.3	0.5810478514788611	0
Solyc12g097020.2	0.5810478514788611	0
Solyc12g098960.2	0.5810478514788611	0
Solyc05g008470.3	0.5843568206299097	0
Solyc09g082920.1	0.584457273385445	0
Solyc09g065025.1	0.5846115985001669	0
Solyc10g081890.2	0.5846115985001669	0
Solyc03g026320.4	0.5846479572713805	0
Solyc12g077430.1	0.5847569765746775	0
Solyc10g076210.2	0.5854681361752732	0
Solyc06g068830.2	0.5855283792110597	0
Solyc05g052880.4	0.5855584909234126	0
Solyc07g051960.3	0.5855885961018755	0
Solyc10g076220.3	0.5856186947487998	0
Solyc01g081280.4	0.585648786866535	0
Solyc03g013320.1	0.585648786866535	0
Solyc12g160130.1	0.5859657676946703	0
Solyc06g009090.1	0.5860315838720109	0
Solyc06g009550.5	0.5860315838720109	0
Solyc07g150131.1	0.5860315838720109	0
Solyc08g161770.1	0.5860315838720109	0
Solyc08g161850.1	0.5860315838720109	0
Solyc08g083000.3	0.5860484547812836	0
Solyc06g066410.3	0.5861035521082139	0
Solyc02g038700.3	0.586112545510039	0
Solyc02g012000.1	0.586112545510039	0
Solyc02g072405.1	0.586112545510039	0
Solyc02g072410.1	0.586112545510039	0
Solyc01g020290.1	0.586112545510039	0
Solyc02g068210.1	0.586112545510039	0
Solyc01g160320.1	0.586112545510039	0
Solyc03g008017.1	0.586112545510039	0
Solyc01g005787.1	0.586112545510039	0
Solyc01g110080.2	0.586112545510039	0
Solyc01g057150.1	0.586112545510039	0
Solyc01g100107.1	0.586112545510039	0
Solyc01g057640.1	0.586112545510039	0
Solyc01g073700.3	0.586112545510039	0
Solyc01g162680.1	0.586112545510039	0
Solyc02g033110.4	0.586112545510039	0
Solyc03g005397.1	0.586112545510039	0
Solyc03g160880.1	0.586112545510039	0
Solyc04g025550.1	0.586112545510039	0
Solyc06g008364.1	0.586112545510039	0
Solyc04g078960.1	0.586112545510039	0
Solyc04g150171.1	0.586112545510039	0
Solyc05g161630.1	0.586112545510039	0
Solyc05g013000.3	0.586112545510039	0
Solyc04g045640.1	0.586112545510039	0
Solyc03g051665.1	0.586112545510039	0
Solyc04g080915.1	0.586112545510039	0
Solyc06g066220.1	0.586112545510039	0
Solyc07g051845.1	0.586112545510039	0
Solyc06g072870.1	0.586112545510039	0
Solyc09g061350.1	0.586112545510039	0
Solyc09g025235.1	0.586112545510039	0
Solyc07g055620.3	0.586112545510039	0
Solyc12g021320.1	0.586112545510039	0
Solyc10g049300.3	0.586112545510039	0
Solyc12g094560.3	0.586112545510039	0
Solyc10g081670.3	0.586112545510039	0
Solyc11g068897.1	0.586112545510039	0
Solyc12g162160.1	0.586112545510039	0
Solyc12g162560.1	0.586112545510039	0
Solyc00g500405.1	0.5861310925578551	0
Solyc01g108310.4	0.5863958622913057	0
Solyc01g086760.4	0.5868005546525823	0
Solyc04g008150.3	0.5868005546525823	0
Solyc04g050130.1	0.5871195952682318	0
Solyc10g038185.1	0.588507394688955	0
Solyc02g038727.1	0.5902546333514171	0
Solyc06g084760.4	0.5902546333514171	0
Solyc00g160710.1	0.5903903348488644	0
Solyc05g050640.1	0.590850930381919	0
Solyc05g014090.3	0.590850930381919	0
Solyc06g073665.1	0.5908892435270585	0
Solyc07g052885.1	0.5908892435270585	0
Solyc08g014618.1	0.5908892435270585	0
Solyc11g020000.1	0.5908892435270585	0
Solyc10g019160.2	0.5908892435270585	0
Solyc00g500286.1	0.5916639283408482	0
Solyc05g052340.4	0.5916639283408482	0
Solyc04g072370.3	0.5917119396151553	0
Solyc04g009070.1	0.5917695124658338	0
Solyc07g005343.1	0.591798289795966	0
Solyc09g008560.5	0.591798289795966	0
Solyc10g005120.2	0.591798289795966	0
Solyc04g082915.1	0.5918270610654519	0
Solyc01g098470.2	0.5928049379729569	0
Solyc03g115620.2	0.593407989512512	0
Solyc11g020215.1	0.5935282798757522	0
Solyc01g016460.4	0.5936965078631429	0
Solyc08g008015.1	0.5938419123532392	0
Solyc08g006280.2	0.594056296921947	0
Solyc03g150114.1	0.5941999461982104	0
Solyc03g063100.2	0.594343443676379	0
Solyc03g120250.3	0.5946061290152767	0
Solyc02g072570.2	0.5947968539297133	0
Solyc06g062340.3	0.5947968539297133	0
Solyc10g084120.2	0.594820675694443	0
Solyc08g067595.2	0.5948683066709497	0
Solyc01g087950.3	0.5949610111423665	0
Solyc11g042580.1	0.595082439182781	0
Solyc01g016390.4	0.5951145593604796	0
Solyc05g052440.2	0.5951452481345827	0
Solyc07g017590.1	0.5951775006806607	0
Solyc09g090300.3	0.5952487530517847	0
Solyc07g062090.3	0.595343697939111	0
Solyc05g052250.3	0.5953911454299137	0
Solyc10g086230.1	0.595438576298371	0
Solyc08g023580.4	0.5954622855022399	0
Solyc12g011430.4	0.5954622855022399	0
Solyc03g097700.3	0.595485990554145	0
Solyc07g056450.3	0.5955333882068887	0
Solyc11g011240.1	0.5955570808101391	0
Solyc01g161350.1	0.5955807692662485	0
Solyc04g071640.1	0.5955807692662485	0
Solyc03g058890.5	0.5955807692662485	0
Solyc06g075920.3	0.5955807692662485	0
Solyc12g088090.3	0.5955807692662485	0
Solyc02g085500.5	0.5956044535764214	0
Solyc03g111450.3	0.5956044535764214	0
Solyc07g055760.3	0.5956044535764214	0
Solyc10g050200.1	0.5956044535764214	0
Solyc11g161710.1	0.5956044535764214	0
Solyc01g081170.3	0.5956281337418623	0
Solyc01g096720.4	0.5956281337418623	0
Solyc09g015450.3	0.5956281337418623	0
Solyc07g041940.3	0.5956281337418623	0
Solyc09g018460.1	0.5956281337418623	0
Solyc07g053225.1	0.5956281337418623	0
Solyc03g007060.3	0.595651809763774	0
Solyc01g059965.1	0.595651809763774	0
Solyc01g060020.4	0.595651809763774	0
Solyc05g010060.4	0.595651809763774	0
Solyc04g006940.5	0.595651809763774	0
Solyc06g009160.4	0.595651809763774	0
Solyc03g122080.3	0.595651809763774	0
Solyc04g056600.4	0.595651809763774	0
Solyc04g064640.5	0.595651809763774	0
Solyc03g150159.2	0.595651809763774	0
Solyc11g073110.2	0.595651809763774	0
Solyc00g500278.1	0.5956754816433603	0
Solyc01g091340.3	0.5956754816433603	0
Solyc03g006990.1	0.5956754816433603	0
Solyc02g081860.3	0.5956754816433603	0
Solyc01g109670.3	0.5956754816433603	0
Solyc01g106090.3	0.5956754816433603	0
Solyc01g088650.4	0.5956754816433603	0
Solyc02g092880.3	0.5956754816433603	0
Solyc03g031850.1	0.5956754816433603	0
Solyc04g077360.3	0.5956754816433603	0
Solyc06g008970.4	0.5956754816433603	0
Solyc04g160400.1	0.5956754816433603	0
Solyc05g012890.1	0.5956754816433603	0
Solyc03g117630.1	0.5956754816433603	0
Solyc05g013140.4	0.5956754816433603	0
Solyc06g009750.4	0.5956754816433603	0
Solyc04g014830.3	0.5956754816433603	0
Solyc04g080510.3	0.5956754816433603	0
Solyc06g011540.4	0.5956754816433603	0
Solyc03g118380.3	0.5956754816433603	0
Solyc06g053960.3	0.5956754816433603	0
Solyc08g079235.2	0.5956754816433603	0
Solyc05g009257.1	0.5956754816433603	0
Solyc08g063090.2	0.5956754816433603	0
Solyc06g082490.4	0.5956754816433603	0
Solyc09g015020.1	0.5956754816433603	0
Solyc07g061960.3	0.5956754816433603	0
Solyc08g006630.3	0.5956754816433603	0
Solyc08g006680.3	0.5956754816433603	0
Solyc07g042020.3	0.5956754816433603	0
Solyc08g066310.3	0.5956754816433603	0
Solyc06g083800.4	0.5956754816433603	0
Solyc06g074740.3	0.5956754816433603	0
Solyc07g007660.1	0.5956754816433603	0
Solyc07g008590.1	0.5956754816433603	0
Solyc08g068210.3	0.5956754816433603	0
Solyc08g082480.3	0.5956754816433603	0
Solyc07g055130.4	0.5956754816433603	0
Solyc06g076320.1	0.5956754816433603	0
Solyc07g055215.1	0.5956754816433603	0
Solyc07g055730.4	0.5956754816433603	0
Solyc08g016010.3	0.5956754816433603	0
Solyc11g013060.1	0.5956754816433603	0
Solyc11g013190.2	0.5956754816433603	0
Solyc08g016415.1	0.5956754816433603	0
Solyc10g084810.3	0.5956754816433603	0
Solyc10g079240.2	0.5956754816433603	0
Solyc12g010500.4	0.5956754816433603	0
Solyc09g092020.5	0.5956754816433603	0
Solyc12g044390.3	0.5956754816433603	0
Solyc10g080380.1	0.5956754816433603	0
Solyc09g097880.4	0.5956754816433603	0
Solyc12g036150.1	0.5956754816433603	0
Solyc11g005760.3	0.5956754816433603	0
Solyc12g055740.2	0.5956754816433603	0
Solyc11g006210.3	0.5956754816433603	0
Solyc10g050220.2	0.5956754816433603	0
Solyc12g038820.1	0.5956754816433603	0
Solyc10g081810.3	0.5956754816433603	0
Solyc11g012460.3	0.5956754816433603	0
Solyc11g064920.2	0.5956754816433603	0
Solyc12g062520.1	0.5956754816433603	0
Solyc12g042740.2	0.5956754816433603	0
Solyc01g106980.3	0.5957420816620349	0
Solyc09g073010.3	0.5957420816620349	0
Solyc05g046295.2	0.5957830348780131	0
Solyc05g053560.4	0.5957830348780131	0
Solyc12g006640.2	0.5957830348780131	0
Solyc11g020950.3	0.5958649041274084	0
Solyc02g076860.3	0.5959058201732724	0
Solyc02g077580.1	0.5959058201732724	0
Solyc04g150116.1	0.5959467238415384	0
Solyc06g017977.1	0.5959467238415384	0
Solyc09g061791.2	0.5959467238415384	0
Solyc07g161750.1	0.5959467238415384	0
Solyc10g008550.3	0.5959467238415384	0
Solyc12g021363.1	0.5959467238415384	0
Solyc08g082050.3	0.5968286023293956	0
Solyc02g150103.1	0.5968795229093087	0
Solyc00g028960.1	0.5969304242729473	0
Solyc10g018813.1	0.5969304242729473	0
Solyc10g074390.1	0.5970753734256571	0
Solyc02g071387.2	0.5971030474839165	0
Solyc06g064800.3	0.5971030474839165	0
Solyc11g012500.3	0.5994512548058355	0
Solyc03g116450.1	0.5995705180314728	0
Solyc08g029240.3	0.5996010101832181	0
Solyc00g036520.1	0.5996148679580524	0
Solyc05g008850.4	0.5996148679580524	0
Solyc11g065555.2	0.5996148679580524	0
Solyc12g005890.3	0.5996148679580524	0
Solyc04g074930.4	0.5996592032056576	0
Solyc04g008320.3	0.5996592032056576	0
Solyc08g150136.1	0.5996592032056576	0
Solyc09g089620.1	0.6016556036662045	0
Solyc04g051440.1	0.6017266317174137	0
Solyc12g098560.2	0.6017266317174137	0
Solyc08g075900.1	0.6017907419805548	0
Solyc03g111953.1	0.601802909875143	0
Solyc06g036210.1	0.6018274450821228	0
Solyc10g062130.1	0.6018335202103436	0
Solyc03g150130.1	0.6020241715443302	0
Solyc03g044210.5	0.6026950402571969	0
Solyc11g028310.4	0.6037031910489739	0
Solyc04g051180.1	0.6037273779123148	0
Solyc06g084770.2	0.6037515603630963	0
Solyc06g160300.1	0.6041949446042973	0
Solyc01g099070.1	0.6042264176920351	0
Solyc10g009080.2	0.604532722179781	0
Solyc00g500254.1	0.604532722179781	0
Solyc01g097350.5	0.604532722179781	0
Solyc01g090740.3	0.604532722179781	0
Solyc02g089320.3	0.604532722179781	0
Solyc01g060420.2	0.604532722179781	0
Solyc02g093700.3	0.604532722179781	0
Solyc02g067290.3	0.604532722179781	0
Solyc02g038815.1	0.604532722179781	0
Solyc02g093850.3	0.604532722179781	0
Solyc01g103370.3	0.604532722179781	0
Solyc03g006590.3	0.604532722179781	0
Solyc01g108140.5	0.604532722179781	0
Solyc02g072120.3	0.604532722179781	0
Solyc02g044020.4	0.604532722179781	0
Solyc01g108170.3	0.604532722179781	0
Solyc02g014520.4	0.604532722179781	0
Solyc02g080780.3	0.604532722179781	0
Solyc01g091350.4	0.604532722179781	0
Solyc02g080820.3	0.604532722179781	0
Solyc02g067740.4	0.604532722179781	0
Solyc02g089840.3	0.604532722179781	0
Solyc02g067930.3	0.604532722179781	0
Solyc01g081190.4	0.604532722179781	0
Solyc01g104080.4	0.604532722179781	0
Solyc01g108620.3	0.604532722179781	0
Solyc02g076800.1	0.604532722179781	0
Solyc03g007180.1	0.604532722179781	0
Solyc01g093965.2	0.604532722179781	0
Solyc02g068490.4	0.604532722179781	0
Solyc02g090680.3	0.604532722179781	0
Solyc02g150141.1	0.604532722179781	0
Solyc01g109110.3	0.604532722179781	0
Solyc01g109130.3	0.604532722179781	0
Solyc02g081970.4	0.604532722179781	0
Solyc02g077370.1	0.604532722179781	0
Solyc01g067510.3	0.604532722179781	0
Solyc01g109340.4	0.604532722179781	0
Solyc01g094420.3	0.604532722179781	0
Solyc01g005350.4	0.604532722179781	0
Solyc01g086850.3	0.604532722179781	0
Solyc01g109410.4	0.604532722179781	0
Solyc01g104970.3	0.604532722179781	0
Solyc01g087020.2	0.604532722179781	0
Solyc02g062910.3	0.604532722179781	0
Solyc02g091330.4	0.604532722179781	0
Solyc01g105280.3	0.604532722179781	0
Solyc02g077770.3	0.604532722179781	0
Solyc01g087210.3	0.604532722179781	0
Solyc00g500040.1	0.604532722179781	0
Solyc01g005620.3	0.604532722179781	0
Solyc02g086900.4	0.604532722179781	0
Solyc01g068060.4	0.604532722179781	0
Solyc01g087420.4	0.604532722179781	0
Solyc01g087540.5	0.604532722179781	0
Solyc02g069460.3	0.604532722179781	0
Solyc02g087230.3	0.604532722179781	0
Solyc00g500084.1	0.604532722179781	0
Solyc02g063490.3	0.604532722179781	0
Solyc01g095420.4	0.604532722179781	0
Solyc02g031990.1	0.604532722179781	0
Solyc01g057210.3	0.604532722179781	0
Solyc02g069680.3	0.604532722179781	0
Solyc01g006090.3	0.604532722179781	0
Solyc01g006170.5	0.604532722179781	0
Solyc02g078440.3	0.604532722179781	0
Solyc02g092070.3	0.604532722179781	0
Solyc01g095650.4	0.604532722179781	0
Solyc02g078610.4	0.604532722179781	0
Solyc01g110450.3	0.604532722179781	0
Solyc02g064830.4	0.604532722179781	0
Solyc00g500118.1	0.604532722179781	0
Solyc01g110555.1	0.604532722179781	0
Solyc03g005020.3	0.604532722179781	0
Solyc02g083150.3	0.604532722179781	0
Solyc02g083250.3	0.604532722179781	0
Solyc01g110920.5	0.604532722179781	0
Solyc02g078980.3	0.604532722179781	0
Solyc01g073970.3	0.604532722179781	0
Solyc03g025610.3	0.604532722179781	0
Solyc01g096150.5	0.604532722179781	0
Solyc02g065350.3	0.604532722179781	0
Solyc01g096220.3	0.604532722179781	0
Solyc02g088000.3	0.604532722179781	0
Solyc02g079100.3	0.604532722179781	0
Solyc01g101000.3	0.604532722179781	0
Solyc02g083525.1	0.604532722179781	0
Solyc01g079170.3	0.604532722179781	0
Solyc03g025840.3	0.604532722179781	0
Solyc01g088820.2	0.604532722179781	0
Solyc01g106780.3	0.604532722179781	0
Solyc01g089890.4	0.604532722179781	0
Solyc02g083800.4	0.604532722179781	0
Solyc01g102390.4	0.604532722179781	0
Solyc03g098180.3	0.604532722179781	0
Solyc02g071110.3	0.604532722179781	0
Solyc02g083980.3	0.604532722179781	0
Solyc03g098230.3	0.604532722179781	0
Solyc01g007840.3	0.604532722179781	0
Solyc02g084030.3	0.604532722179781	0
Solyc01g111780.5	0.604532722179781	0
Solyc01g107170.2	0.604532722179781	0
Solyc03g006060.3	0.604532722179781	0
Solyc02g088740.1	0.604532722179781	0
Solyc03g114860.4	0.604532722179781	0
Solyc02g088820.4	0.604532722179781	0
Solyc03g083960.3	0.604532722179781	0
Solyc01g079940.5	0.604532722179781	0
Solyc02g093270.5	0.604532722179781	0
Solyc03g032190.3	0.604532722179781	0
Solyc01g107380.3	0.604532722179781	0
Solyc04g077120.4	0.604532722179781	0
Solyc04g008920.1	0.604532722179781	0
Solyc04g008960.3	0.604532722179781	0
Solyc04g017620.5	0.604532722179781	0
Solyc05g032680.4	0.604532722179781	0
Solyc05g009520.2	0.604532722179781	0
Solyc03g033620.3	0.604532722179781	0
Solyc04g009160.4	0.604532722179781	0
Solyc03g111090.4	0.604532722179781	0
Solyc05g009800.4	0.604532722179781	0
Solyc05g005250.3	0.604532722179781	0
Solyc05g005260.3	0.604532722179781	0
Solyc04g077810.1	0.604532722179781	0
Solyc05g015630.3	0.604532722179781	0
Solyc06g007570.3	0.604532722179781	0
Solyc06g007580.1	0.604532722179781	0
Solyc03g093640.4	0.604532722179781	0
Solyc06g007630.1	0.604532722179781	0
Solyc04g071510.3	0.604532722179781	0
Solyc04g071540.4	0.604532722179781	0
Solyc03g111620.1	0.604532722179781	0
Solyc03g116020.3	0.604532722179781	0
Solyc04g051690.4	0.604532722179781	0
Solyc04g071800.3	0.604532722179781	0
Solyc04g009990.3	0.604532722179781	0
Solyc04g071940.3	0.604532722179781	0
Solyc05g052840.1	0.604532722179781	0
Solyc05g005950.3	0.604532722179781	0
Solyc05g005970.3	0.604532722179781	0
Solyc04g078500.1	0.604532722179781	0
Solyc03g095260.3	0.604532722179781	0
Solyc04g082950.5	0.604532722179781	0
Solyc05g045650.5	0.604532722179781	0
Solyc03g078090.4	0.604532722179781	0
Solyc04g078700.3	0.604532722179781	0
Solyc03g120920.1	0.604532722179781	0
Solyc05g012120.3	0.604532722179781	0
Solyc05g006320.4	0.604532722179781	0
Solyc04g079170.4	0.604532722179781	0
Solyc06g009120.3	0.604532722179781	0
Solyc03g112960.1	0.604532722179781	0
Solyc03g117280.4	0.604532722179781	0
Solyc05g018610.3	0.604532722179781	0
Solyc03g096450.3	0.604532722179781	0
Solyc03g080120.1	0.604532722179781	0
Solyc03g121660.3	0.604532722179781	0
Solyc03g096640.5	0.604532722179781	0
Solyc05g006960.3	0.604532722179781	0
Solyc04g079690.3	0.604532722179781	0
Solyc05g054200.4	0.604532722179781	0
Solyc03g121980.3	0.604532722179781	0
Solyc03g082440.1	0.604532722179781	0
Solyc04g007823.1	0.604532722179781	0
Solyc05g007210.2	0.604532722179781	0
Solyc05g054390.4	0.604532722179781	0
Solyc06g009900.3	0.604532722179781	0
Solyc05g007460.3	0.604532722179781	0
Solyc04g014850.3	0.604532722179781	0
Solyc04g014870.3	0.604532722179781	0
Solyc04g080080.3	0.604532722179781	0
Solyc04g049070.3	0.604532722179781	0
Solyc03g122350.3	0.604532722179781	0
Solyc05g013380.3	0.604532722179781	0
Solyc05g050550.5	0.604532722179781	0
Solyc05g007680.1	0.604532722179781	0
Solyc05g013560.3	0.604532722179781	0
Solyc04g015160.3	0.604532722179781	0
Solyc04g008380.4	0.604532722179781	0
Solyc04g049490.3	0.604532722179781	0
Solyc05g007880.4	0.604532722179781	0
Solyc06g005430.1	0.604532722179781	0
Solyc05g007940.3	0.604532722179781	0
Solyc04g058090.3	0.604532722179781	0
Solyc04g076140.3	0.604532722179781	0
Solyc05g055170.3	0.604532722179781	0
Solyc03g118680.3	0.604532722179781	0
Solyc05g026140.4	0.604532722179781	0
Solyc05g055450.3	0.604532722179781	0
Solyc05g051425.3	0.604532722179781	0
Solyc06g007120.3	0.604532722179781	0
Solyc04g016220.5	0.604532722179781	0
Solyc04g064550.1	0.604532722179781	0
Solyc05g008625.1	0.604532722179781	0
Solyc05g026595.1	0.604532722179781	0
Solyc06g072350.3	0.604532722179781	0
Solyc07g056120.3	0.604532722179781	0
Solyc05g051780.4	0.604532722179781	0
Solyc07g005370.5	0.604532722179781	0
Solyc06g072670.3	0.604532722179781	0
Solyc04g081490.3	0.604532722179781	0
Solyc07g056420.4	0.604532722179781	0
Solyc06g034230.2	0.604532722179781	0
Solyc08g006110.4	0.604532722179781	0
Solyc06g060120.3	0.604532722179781	0
Solyc06g082380.3	0.604532722179781	0
Solyc06g060150.3	0.604532722179781	0
Solyc05g009330.3	0.604532722179781	0
Solyc06g060250.3	0.604532722179781	0
Solyc06g073200.5	0.604532722179781	0
Solyc06g082650.4	0.604532722179781	0
Solyc06g048590.3	0.604532722179781	0
Solyc06g066760.3	0.604532722179781	0
Solyc06g060570.3	0.604532722179781	0
Solyc08g160300.1	0.604532722179781	0
Solyc06g067970.3	0.604532722179781	0
Solyc08g065830.4	0.604532722179781	0
Solyc07g017540.4	0.604532722179781	0
Solyc06g060880.5	0.604532722179781	0
Solyc09g009020.3	0.604532722179781	0
Solyc09g009090.3	0.604532722179781	0
Solyc07g006480.4	0.604532722179781	0
Solyc07g052830.5	0.604532722179781	0
Solyc07g006600.1	0.604532722179781	0
Solyc09g009200.3	0.604532722179781	0
Solyc06g068470.3	0.604532722179781	0
Solyc06g061170.3	0.604532722179781	0
Solyc08g075950.4	0.604532722179781	0
Solyc08g007140.4	0.604532722179781	0
Solyc06g083570.3	0.604532722179781	0
Solyc08g007210.5	0.604532722179781	0
Solyc08g041980.3	0.604532722179781	0
Solyc08g080910.3	0.604532722179781	0
Solyc07g062870.3	0.604532722179781	0
Solyc07g007280.4	0.604532722179781	0
Solyc07g042930.3	0.604532722179781	0
Solyc06g051030.3	0.604532722179781	0
Solyc08g076460.3	0.604532722179781	0
Solyc08g076470.5	0.604532722179781	0
Solyc06g069120.3	0.604532722179781	0
Solyc07g043230.3	0.604532722179781	0
Solyc07g043260.4	0.604532722179781	0
Solyc08g007710.3	0.604532722179781	0
Solyc08g007750.4	0.604532722179781	0
Solyc07g007590.1	0.604532722179781	0
Solyc07g043460.3	0.604532722179781	0
Solyc07g007670.3	0.604532722179781	0
Solyc07g053940.1	0.604532722179781	0
Solyc07g043590.3	0.604532722179781	0
Solyc08g081480.3	0.604532722179781	0
Solyc07g063440.3	0.604532722179781	0
Solyc08g059660.3	0.604532722179781	0
Solyc08g067510.1	0.604532722179781	0
Solyc06g064510.2	0.604532722179781	0
Solyc09g064580.2	0.604532722179781	0
Solyc07g008140.3	0.604532722179781	0
Solyc07g054420.2	0.604532722179781	0
Solyc08g077410.5	0.604532722179781	0
Solyc07g064020.5	0.604532722179781	0
Solyc06g075675.1	0.604532722179781	0
Solyc06g075830.2	0.604532722179781	0
Solyc08g077680.3	0.604532722179781	0
Solyc09g010995.1	0.604532722179781	0
Solyc06g065400.3	0.604532722179781	0
Solyc08g077780.3	0.604532722179781	0
Solyc06g076170.5	0.604532722179781	0
Solyc08g005420.3	0.604532722179781	0
Solyc09g065430.4	0.604532722179781	0
Solyc07g047740.3	0.604532722179781	0
Solyc08g005520.3	0.604532722179781	0
Solyc07g055240.1	0.604532722179781	0
Solyc07g055290.3	0.604532722179781	0
Solyc07g064670.3	0.604532722179781	0
Solyc08g014420.4	0.604532722179781	0
Solyc07g064760.2	0.604532722179781	0
Solyc09g090540.3	0.604532722179781	0
Solyc08g068880.1	0.604532722179781	0
Solyc07g048010.4	0.604532722179781	0
Solyc07g064840.3	0.604532722179781	0
Solyc09g056350.4	0.604532722179781	0
Solyc10g008280.3	0.604532722179781	0
Solyc10g078470.2	0.604532722179781	0
Solyc10g083890.2	0.604532722179781	0
Solyc10g078490.2	0.604532722179781	0
Solyc08g083240.3	0.604532722179781	0
Solyc09g090940.3	0.604532722179781	0
Solyc09g090960.4	0.604532722179781	0
Solyc10g078580.1	0.604532722179781	0
Solyc09g011830.5	0.604532722179781	0
Solyc10g084070.1	0.604532722179781	0
Solyc09g011910.3	0.604532722179781	0
Solyc07g065210.5	0.604532722179781	0
Solyc10g084150.2	0.604532722179781	0
Solyc09g091100.4	0.604532722179781	0
Solyc10g054100.3	0.604532722179781	0
Solyc08g078690.3	0.604532722179781	0
Solyc08g074480.1	0.604532722179781	0
Solyc11g013110.2	0.604532722179781	0
Solyc07g065410.1	0.604532722179781	0
Solyc11g065020.3	0.604532722179781	0
Solyc10g084350.2	0.604532722179781	0
Solyc11g013170.2	0.604532722179781	0
Solyc09g074950.3	0.604532722179781	0
Solyc10g079080.2	0.604532722179781	0
Solyc11g013490.2	0.604532722179781	0
Solyc10g079260.2	0.604532722179781	0
Solyc10g079280.2	0.604532722179781	0
Solyc10g084940.3	0.604532722179781	0
Solyc09g075480.3	0.604532722179781	0
Solyc10g005030.4	0.604532722179781	0
Solyc11g040130.2	0.604532722179781	0
Solyc10g079430.2	0.604532722179781	0
Solyc12g087940.2	0.604532722179781	0
Solyc10g005100.3	0.604532722179781	0
Solyc10g079490.2	0.604532722179781	0
Solyc11g008200.2	0.604532722179781	0
Solyc09g092010.1	0.604532722179781	0
Solyc10g055375.1	0.604532722179781	0
Solyc11g042610.2	0.604532722179781	0
Solyc12g099320.2	0.604532722179781	0
Solyc10g005410.5	0.604532722179781	0
Solyc11g066100.2	0.604532722179781	0
Solyc10g047290.2	0.604532722179781	0
Solyc09g092235.2	0.604532722179781	0
Solyc09g075960.1	0.604532722179781	0
Solyc10g005560.3	0.604532722179781	0
Solyc11g017300.2	0.604532722179781	0
Solyc11g043120.2	0.604532722179781	0
Solyc10g085550.3	0.604532722179781	0
Solyc12g011200.3	0.604532722179781	0
Solyc11g008620.2	0.604532722179781	0
Solyc10g085590.1	0.604532722179781	0
Solyc10g085630.3	0.604532722179781	0
Solyc11g044250.3	0.604532722179781	0
Solyc11g072860.2	0.604532722179781	0
Solyc11g008770.2	0.604532722179781	0
Solyc10g006000.4	0.604532722179781	0
Solyc11g005260.2	0.604532722179781	0
Solyc12g088820.2	0.604532722179781	0
Solyc11g073080.3	0.604532722179781	0
Solyc10g080400.2	0.604532722179781	0
Solyc12g013710.2	0.604532722179781	0
Solyc10g086030.2	0.604532722179781	0
Solyc12g088960.2	0.604532722179781	0
Solyc12g036220.3	0.604532722179781	0
Solyc10g086270.2	0.604532722179781	0
Solyc09g098090.4	0.604532722179781	0
Solyc12g036440.1	0.604532722179781	0
Solyc12g049540.3	0.604532722179781	0
Solyc10g080700.2	0.604532722179781	0
Solyc09g098220.3	0.604532722179781	0
Solyc11g010570.2	0.604532722179781	0
Solyc09g082990.3	0.604532722179781	0
Solyc10g086760.2	0.604532722179781	0
Solyc10g076300.2	0.604532722179781	0
Solyc11g160260.1	0.604532722179781	0
Solyc12g038523.1	0.604532722179781	0
Solyc10g081600.2	0.604532722179781	0
Solyc09g089690.3	0.604532722179781	0
Solyc12g015970.3	0.604532722179781	0
Solyc12g096060.2	0.604532722179781	0
Solyc12g056520.3	0.604532722179781	0
Solyc11g068960.2	0.604532722179781	0
Solyc10g007480.4	0.604532722179781	0
Solyc10g160390.1	0.604532722179781	0
Solyc10g051140.4	0.604532722179781	0
Solyc12g056930.2	0.604532722179781	0
Solyc09g090320.2	0.604532722179781	0
Solyc11g069240.2	0.604532722179781	0
Solyc12g008990.2	0.604532722179781	0
Solyc10g052470.1	0.604532722179781	0
Solyc11g069440.1	0.604532722179781	0
Solyc10g007980.3	0.604532722179781	0
Solyc12g042110.3	0.604532722179781	0
Solyc10g083440.3	0.604532722179781	0
Solyc12g096900.2	0.604532722179781	0
Solyc12g019320.2	0.604532722179781	0
Solyc12g019890.2	0.604532722179781	0
Solyc02g021250.1	0.6052901198344611	0
Solyc11g017220.1	0.60562529679333	0
Solyc07g017370.3	0.6056772028208471	0
Solyc06g071940.3	0.6058327984379767	0
Solyc09g097790.1	0.6058587131987782	0
Solyc12g005170.2	0.6063849923796698	0
Solyc07g049240.3	0.6065034539112166	0
Solyc03g071623.1	0.6076352874179698	0
Solyc09g091540.3	0.6076822361492966	0
Solyc11g017320.3	0.6079533175394217	0
Solyc02g085260.1	0.6080090532319178	0
Solyc04g011860.1	0.6080369121950269	0
Solyc09g007960.1	0.6080369121950269	0
Solyc09g075690.1	0.6084778033729992	0
Solyc02g093285.1	0.6085011294390876	0
Solyc02g084790.3	0.6090132538733614	0
Solyc07g063730.3	0.6091061523704986	0
Solyc02g086040.2	0.6092122229467577	0
Solyc06g050180.3	0.6093363577746757	0
Solyc07g020730.1	0.6094710591735613	0
Solyc01g162720.1	0.6095079939451704	0
Solyc04g048960.1	0.6095449182734567	0
Solyc10g054390.3	0.6095449182734567	0
Solyc04g074967.1	0.6095818321633228	0
Solyc12g160280.1	0.6096390408850411	0
Solyc10g073357.2	0.6096852764232836	0
Solyc10g018190.2	0.6099162087341532	0
Solyc07g009180.1	0.6101467329578567	0
Solyc03g005140.2	0.610192788937487	0
Solyc02g086950.1	0.6102388286510391	0
Solyc04g009280.1	0.6102388286510391	0
Solyc03g113930.3	0.6102618424110167	0
Solyc03g118900.3	0.6102618424110167	0
Solyc08g043190.1	0.6102618424110167	0
Solyc11g018570.1	0.6102618424110167	0
Solyc10g085650.2	0.6102848521080511	0
Solyc08g066510.3	0.6103078577433331	0
Solyc02g082240.1	0.6103308593180534	0
Solyc03g112040.1	0.6103308593180534	0
Solyc00g500154.1	0.6103538568334019	0
Solyc08g079780.2	0.6103538568334019	0
Solyc10g006430.3	0.6103538568334019	0
Solyc03g006760.4	0.6103768502905684	0
Solyc01g010240.3	0.6103768502905684	0
Solyc01g095310.1	0.6103768502905684	0
Solyc03g005210.4	0.6103768502905684	0
Solyc02g031790.4	0.610399839690742	0
Solyc06g071400.3	0.610399839690742	0
Solyc04g053110.1	0.6104228250351111	0
Solyc08g007430.2	0.6104228250351111	0
Solyc09g092150.1	0.6104228250351111	0
Solyc01g103595.1	0.6104458063248639	0
Solyc01g099810.3	0.6104458063248639	0
Solyc01g095690.2	0.6104458063248639	0
Solyc03g034100.5	0.6104458063248639	0
Solyc07g065860.3	0.6104458063248639	0
Solyc08g007440.2	0.6104458063248639	0
Solyc11g068893.1	0.6104458063248639	0
Solyc01g091430.2	0.6104687835611883	0
Solyc02g081840.4	0.6104687835611883	0
Solyc01g094330.3	0.6104687835611883	0
Solyc01g099530.4	0.6104687835611883	0
Solyc01g087390.2	0.6104687835611883	0
Solyc01g110350.2	0.6104687835611883	0
Solyc01g079550.2	0.6104687835611883	0
Solyc02g093210.3	0.6104687835611883	0
Solyc03g110890.1	0.6104687835611883	0
Solyc04g082540.2	0.6104687835611883	0
Solyc04g078130.4	0.6104687835611883	0
Solyc05g006150.1	0.6104687835611883	0
Solyc04g011520.3	0.6104687835611883	0
Solyc04g072560.3	0.6104687835611883	0
Solyc04g007320.3	0.6104687835611883	0
Solyc07g052930.3	0.6104687835611883	0
Solyc07g053010.3	0.6104687835611883	0
Solyc08g066290.3	0.6104687835611883	0
Solyc07g053130.4	0.6104687835611883	0
Solyc07g008090.4	0.6104687835611883	0
Solyc06g069740.1	0.6104687835611883	0
Solyc11g072850.2	0.6104687835611883	0
Solyc11g010740.3	0.6104687835611883	0
Solyc10g006870.1	0.6104687835611883	0
Solyc07g063470.1	0.611986110762369	0
Solyc08g007863.2	0.6121571190801818	0
Solyc12g013630.1	0.6122558560261022	0
Solyc11g160110.1	0.6122805285193318	0
Solyc01g160140.1	0.6128897419670529	0
Solyc07g056704.2	0.6129932689140699	0
Solyc03g091020.1	0.6130700443154917	0
Solyc05g015030.3	0.6130700443154917	0
Solyc08g007480.2	0.6130700443154917	0
Solyc07g026900.1	0.6130700443154917	0
Solyc10g160540.1	0.6130700443154917	0
Solyc02g063470.1	0.6146274475060444	0
Solyc07g042880.1	0.6148694823095329	0
Solyc04g083140.2	0.6150804431785959	0
Solyc05g053700.3	0.6153560573987273	0
Solyc02g030490.3	0.6153953826954695	0
Solyc04g150144.1	0.6153953826954695	0
Solyc12g016040.4	0.6153953826954695	0
Solyc12g096640.4	0.6153953826954695	0
Solyc10g037910.3	0.6170750774519738	0
Solyc05g054020.3	0.6185873100383847	0
Solyc06g048770.3	0.6189157362222562	0
Solyc09g061798.1	0.6200423707789793	0
Solyc01g090170.5	0.6200848707912359	0
Solyc11g039350.1	0.6200848707912359	0
Solyc12g087910.1	0.6200848707912359	0
Solyc02g083920.1	0.6203369270784145	0
Solyc05g006817.1	0.6203369270784145	0
Solyc05g160390.1	0.62036009338105	0
Solyc03g150113.1	0.6204295669260902	0
Solyc11g045410.1	0.6204295669260902	0
Solyc00g160780.1	0.6204527163244191	0
Solyc05g047440.1	0.6204527163244191	0
Solyc01g068420.5	0.6210189755095155	0
Solyc04g161930.1	0.6210189755095155	0
Solyc06g054110.3	0.6210189755095155	0
Solyc06g083120.1	0.6210527392830855	0
Solyc12g005710.3	0.6210527392830855	0
Solyc12g094740.3	0.6210527392830855	0
Solyc01g108860.3	0.6213916219639699	0
Solyc11g056637.2	0.6215422082507909	0
Solyc12g011380.2	0.6215672885499751	0
Solyc02g072290.1	0.622817138483673	0
Solyc06g062720.2	0.6233135471617947	0
Solyc12g044710.1	0.6233361743820293	0
Solyc02g086010.3	0.6235396365485051	0
Solyc12g009170.2	0.6235396365485051	0
Solyc04g079260.3	0.623810408671716	0
Solyc09g010730.1	0.6240581052866205	0
Solyc03g080030.5	0.6241030886342354	0
Solyc06g074910.3	0.6241184873952146	0
Solyc08g008240.3	0.6243053146080999	0
Solyc11g005750.2	0.6244399512372649	0
Solyc02g021167.1	0.6244417311778434	0
Solyc02g092170.1	0.6245520382270029	0
Solyc02g071535.1	0.6245968450077355	0
Solyc07g064190.3	0.6245968450077355	0
Solyc07g017880.5	0.6246192423996011	0
Solyc06g082230.4	0.6248876996419502	0
Solyc01g107050.4	0.6249569854749866	0
Solyc06g007880.1	0.624977057825314	0
Solyc12g013830.2	0.6249813948764252	0
Solyc03g150111.1	0.6249993874219288	0
Solyc12g055900.1	0.6249993874219288	0
Solyc02g094010.2	0.6251332815187715	0
Solyc03g033300.4	0.6251778811096139	0
Solyc03g123400.1	0.6251778811096139	0
Solyc07g018147.1	0.6251778811096139	0
Solyc09g074780.3	0.6252447507393215	0
Solyc12g087920.2	0.6252447507393215	0
Solyc04g009110.1	0.6252670326855002	0
Solyc04g014450.2	0.6252893106684371	0
Solyc11g071520.2	0.6253338547492695	0
Solyc12g099630.2	0.6253338547492695	0
Solyc02g062120.3	0.6253561208495063	0
Solyc03g026115.2	0.6253561208495063	0
Solyc05g041870.2	0.6253561208495063	0
Solyc11g011680.1	0.6253561208495063	0
Solyc02g069600.3	0.6253783829911832	0
Solyc03g044790.3	0.6253783829911832	0
Solyc03g007380.2	0.6254006411754696	0
Solyc02g082410.4	0.6254006411754696	0
Solyc02g079980.3	0.6254006411754696	0
Solyc07g009437.1	0.6254006411754696	0
Solyc08g080960.4	0.6254006411754696	0
Solyc11g006670.1	0.6254006411754696	0
Solyc12g098670.3	0.6254006411754696	0
Solyc03g006250.2	0.6254228954035344	0
Solyc02g071720.2	0.6254228954035344	0
Solyc02g093800.3	0.6254228954035344	0
Solyc02g071970.1	0.6254228954035344	0
Solyc01g097880.4	0.6254228954035344	0
Solyc01g108570.3	0.6254228954035344	0
Solyc01g049910.4	0.6254228954035344	0
Solyc02g077550.4	0.6254228954035344	0
Solyc01g005670.3	0.6254228954035344	0
Solyc01g099980.4	0.6254228954035344	0
Solyc02g063460.1	0.6254228954035344	0
Solyc02g087450.3	0.6254228954035344	0
Solyc02g092140.1	0.6254228954035344	0
Solyc01g162830.1	0.6254228954035344	0
Solyc02g087870.3	0.6254228954035344	0
Solyc02g065590.3	0.6254228954035344	0
Solyc01g096790.4	0.6254228954035344	0
Solyc01g096800.3	0.6254228954035344	0
Solyc03g032180.3	0.6254228954035344	0
Solyc03g119550.3	0.6254228954035344	0
Solyc04g081920.4	0.6254228954035344	0
Solyc03g043640.3	0.6254228954035344	0
Solyc03g071750.3	0.6254228954035344	0
Solyc03g078490.5	0.6254228954035344	0
Solyc03g113220.3	0.6254228954035344	0
Solyc05g049960.5	0.6254228954035344	0
Solyc04g016210.4	0.6254228954035344	0
Solyc07g049700.1	0.6254228954035344	0
Solyc07g017490.3	0.6254228954035344	0
Solyc08g075450.3	0.6254228954035344	0
Solyc09g059570.3	0.6254228954035344	0
Solyc09g060090.3	0.6254228954035344	0
Solyc06g074080.3	0.6254228954035344	0
Solyc06g074170.3	0.6254228954035344	0
Solyc08g066640.3	0.6254228954035344	0
Solyc08g080870.3	0.6254228954035344	0
Solyc06g074460.5	0.6254228954035344	0
Solyc07g053790.2	0.6254228954035344	0
Solyc06g150101.1	0.6254228954035344	0
Solyc09g042780.2	0.6254228954035344	0
Solyc09g056170.3	0.6254228954035344	0
Solyc09g091200.3	0.6254228954035344	0
Solyc11g013150.1	0.6254228954035344	0
Solyc10g079530.3	0.6254228954035344	0
Solyc12g027580.3	0.6254228954035344	0
Solyc10g079700.2	0.6254228954035344	0
Solyc11g073220.3	0.6254228954035344	0
Solyc12g056620.2	0.6254228954035344	0
Solyc12g017370.3	0.6254228954035344	0
Solyc10g051270.2	0.6254228954035344	0
Solyc12g098630.2	0.6254228954035344	0
Solyc08g083170.1	0.6278287528998634	0
Solyc03g078500.3	0.6283554296454645	0
Solyc12g009900.4	0.6283554296454645	0
Solyc03g070470.1	0.6283872915975546	0
Solyc01g009580.2	0.6283909117567802	0
Solyc06g054050.3	0.6284263837337574	0
Solyc10g085730.3	0.6284618455812053	0
Solyc04g064730.2	0.6285327389067363	0
Solyc03g121780.1	0.6289487745191877	0
Solyc02g090370.4	0.629005976356226	0
Solyc06g075490.1	0.6292703699744635	0
Solyc05g012490.2	0.629373849245608	0
Solyc05g005500.1	0.629451402006183	0
Solyc07g052785.1	0.629451402006183	0
Solyc05g051420.2	0.6302151944562882	0
Solyc03g118930.2	0.6306990739631986	0
Solyc00g023700.2	0.6307615636508037	0
Solyc08g069110.3	0.6321424221485425	0
Solyc06g005880.4	0.6338355650640176	0
Solyc01g080180.3	0.6338715838241455	0
Solyc01g103020.4	0.6338715838241455	0
Solyc01g080250.3	0.6338715838241455	0
Solyc02g093590.3	0.6338715838241455	0
Solyc01g080350.3	0.6338715838241455	0
Solyc02g084950.3	0.6338715838241455	0
Solyc01g008850.4	0.6338715838241455	0
Solyc02g080450.1	0.6338715838241455	0
Solyc02g085020.4	0.6338715838241455	0
Solyc02g085040.3	0.6338715838241455	0
Solyc02g072100.3	0.6338715838241455	0
Solyc01g080690.3	0.6338715838241455	0
Solyc02g072300.4	0.6338715838241455	0
Solyc01g009290.5	0.6338715838241455	0
Solyc03g006810.3	0.6338715838241455	0
Solyc02g067780.3	0.6338715838241455	0
Solyc02g089930.5	0.6338715838241455	0
Solyc02g081010.3	0.6338715838241455	0
Solyc02g067860.4	0.6338715838241455	0
Solyc02g089990.1	0.6338715838241455	0
Solyc02g085650.4	0.6338715838241455	0
Solyc02g061790.5	0.6338715838241455	0
Solyc01g098400.3	0.6338715838241455	0
Solyc01g028807.1	0.6338715838241455	0
Solyc02g090460.2	0.6338715838241455	0
Solyc02g081600.4	0.6338715838241455	0
Solyc01g108970.4	0.6338715838241455	0
Solyc01g109040.4	0.6338715838241455	0
Solyc01g098900.3	0.6338715838241455	0
Solyc02g077330.3	0.6338715838241455	0
Solyc02g090900.3	0.6338715838241455	0
Solyc01g067500.3	0.6338715838241455	0
Solyc02g062530.3	0.6338715838241455	0
Solyc01g086820.5	0.6338715838241455	0
Solyc01g067570.3	0.6338715838241455	0
Solyc01g005380.4	0.6338715838241455	0
Solyc01g005400.3	0.6338715838241455	0
Solyc01g067690.4	0.6338715838241455	0
Solyc02g069065.1	0.6338715838241455	0
Solyc02g091190.5	0.6338715838241455	0
Solyc02g069100.5	0.6338715838241455	0
Solyc01g105160.4	0.6338715838241455	0
Solyc02g030300.3	0.6338715838241455	0
Solyc01g109690.1	0.6338715838241455	0
Solyc02g030460.2	0.6338715838241455	0
Solyc01g105460.4	0.6338715838241455	0
Solyc01g105500.4	0.6338715838241455	0
Solyc02g087130.4	0.6338715838241455	0
Solyc02g078120.2	0.6338715838241455	0
Solyc02g087210.3	0.6338715838241455	0
Solyc01g105570.4	0.6338715838241455	0
Solyc02g031840.3	0.6338715838241455	0
Solyc01g005920.3	0.6338715838241455	0
Solyc02g063527.2	0.6338715838241455	0
Solyc01g105810.4	0.6338715838241455	0
Solyc00g500101.1	0.6338715838241455	0
Solyc03g025140.1	0.6338715838241455	0
Solyc01g100270.4	0.6338715838241455	0
Solyc01g100330.3	0.6338715838241455	0
Solyc01g110480.4	0.6338715838241455	0
Solyc02g083040.1	0.6338715838241455	0
Solyc01g014480.3	0.6338715838241455	0
Solyc01g014490.4	0.6338715838241455	0
Solyc01g110570.3	0.6338715838241455	0
Solyc01g100570.4	0.6338715838241455	0
Solyc01g100730.3	0.6338715838241455	0
Solyc01g073900.4	0.6338715838241455	0
Solyc02g078890.1	0.6338715838241455	0
Solyc01g006660.4	0.6338715838241455	0
Solyc01g096100.2	0.6338715838241455	0
Solyc01g106330.3	0.6338715838241455	0
Solyc01g106480.4	0.6338715838241455	0
Solyc02g065600.3	0.6338715838241455	0
Solyc01g006990.4	0.6338715838241455	0
Solyc02g088220.3	0.6338715838241455	0
Solyc02g088240.4	0.6338715838241455	0
Solyc02g065720.3	0.6338715838241455	0
Solyc01g096590.3	0.6338715838241455	0
Solyc02g088300.3	0.6338715838241455	0
Solyc02g065765.1	0.6338715838241455	0
Solyc01g096670.5	0.6338715838241455	0
Solyc02g083860.3	0.6338715838241455	0
Solyc03g083460.3	0.6338715838241455	0
Solyc02g071080.3	0.6338715838241455	0
Solyc03g083520.4	0.6338715838241455	0
Solyc01g096760.3	0.6338715838241455	0
Solyc03g098290.4	0.6338715838241455	0
Solyc01g090180.5	0.6338715838241455	0
Solyc01g102650.2	0.6338715838241455	0
Solyc03g059360.1	0.6338715838241455	0
Solyc01g079720.3	0.6338715838241455	0
Solyc03g114810.3	0.6338715838241455	0
Solyc01g079780.3	0.6338715838241455	0
Solyc01g079860.3	0.6338715838241455	0
Solyc03g119430.5	0.6338715838241455	0
Solyc03g083996.1	0.6338715838241455	0
Solyc03g062830.3	0.6338715838241455	0
Solyc02g084410.3	0.6338715838241455	0
Solyc01g008260.5	0.6338715838241455	0
Solyc02g080070.3	0.6338715838241455	0
Solyc05g009490.3	0.6338715838241455	0
Solyc05g056470.1	0.6338715838241455	0
Solyc03g115380.3	0.6338715838241455	0
Solyc04g077420.4	0.6338715838241455	1
Solyc03g093310.3	0.6338715838241455	0
Solyc05g015320.3	0.6338715838241455	0
Solyc03g033720.5	0.6338715838241455	0
Solyc04g077460.3	0.6338715838241455	0
Solyc04g077520.3	0.6338715838241455	0
Solyc05g005170.5	0.6338715838241455	0
Solyc03g093430.3	0.6338715838241455	0
Solyc04g018110.1	0.6338715838241455	0
Solyc03g115560.3	0.6338715838241455	0
Solyc06g007520.4	0.6338715838241455	0
Solyc03g111410.3	0.6338715838241455	0
Solyc04g051350.3	0.6338715838241455	0
Solyc06g007610.3	0.6338715838241455	0
Solyc04g077970.5	0.6338715838241455	0
Solyc03g093790.3	0.6338715838241455	0
Solyc05g015840.3	0.6338715838241455	0
Solyc03g120390.3	0.6338715838241455	0
Solyc04g082630.3	0.6338715838241455	0
Solyc05g005710.4	0.6338715838241455	0
Solyc05g016060.5	0.6338715838241455	0
Solyc03g120530.3	0.6338715838241455	0
Solyc04g010240.3	0.6338715838241455	0
Solyc05g006030.3	0.6338715838241455	0
Solyc03g095410.3	0.6338715838241455	0
Solyc03g112190.4	0.6338715838241455	0
Solyc04g054190.3	0.6338715838241455	0
Solyc05g053060.1	0.6338715838241455	0
Solyc03g116710.3	0.6338715838241455	0
Solyc05g012010.3	0.6338715838241455	0
Solyc05g012040.4	0.6338715838241455	0
Solyc04g005660.4	0.6338715838241455	0
Solyc04g054320.4	0.6338715838241455	0
Solyc03g112380.1	0.6338715838241455	0
Solyc03g095840.3	0.6338715838241455	0
Solyc03g121130.3	0.6338715838241455	0
Solyc03g112460.3	0.6338715838241455	0
Solyc06g008690.1	0.6338715838241455	0
Solyc05g012220.3	0.6338715838241455	0
Solyc04g005860.3	0.6338715838241455	0
Solyc05g046140.3	0.6338715838241455	0
Solyc03g112540.4	0.6338715838241455	0
Solyc03g044720.2	0.6338715838241455	0
Solyc03g112670.3	0.6338715838241455	0
Solyc04g079180.3	0.6338715838241455	0
Solyc03g117330.4	0.6338715838241455	0
Solyc05g012690.4	0.6338715838241455	0
Solyc05g006820.4	0.6338715838241455	0
Solyc04g007390.4	0.6338715838241455	0
Solyc05g006950.4	0.6338715838241455	0
Solyc04g074110.4	0.6338715838241455	0
Solyc04g014330.1	0.6338715838241455	0
Solyc03g096870.3	0.6338715838241455	0
Solyc03g096900.5	0.6338715838241455	0
Solyc03g113420.4	0.6338715838241455	0
Solyc03g096930.4	0.6338715838241455	0
Solyc03g121950.3	0.6338715838241455	0
Solyc05g054350.3	0.6338715838241455	0
Solyc05g054355.2	0.6338715838241455	0
Solyc05g054410.4	0.6338715838241455	0
Solyc04g056420.1	0.6338715838241455	0
Solyc03g082560.3	0.6338715838241455	0
Solyc04g079970.3	0.6338715838241455	0
Solyc05g054540.4	0.6338715838241455	0
Solyc04g079990.5	0.6338715838241455	0
Solyc04g074550.4	0.6338715838241455	0
Solyc03g118020.3	0.6338715838241455	0
Solyc03g113780.3	0.6338715838241455	0
Solyc03g113860.2	0.6338715838241455	0
Solyc05g054830.3	0.6338715838241455	0
Solyc03g123560.3	0.6338715838241455	0
Solyc05g007760.2	0.6338715838241455	0
Solyc04g080360.4	0.6338715838241455	0
Solyc03g118200.4	0.6338715838241455	0
Solyc04g080380.3	0.6338715838241455	0
Solyc03g082980.3	0.6338715838241455	0
Solyc05g007830.3	0.6338715838241455	0
Solyc03g113990.4	0.6338715838241455	0
Solyc05g007910.3	0.6338715838241455	0
Solyc04g008510.3	0.6338715838241455	0
Solyc03g118290.3	0.6338715838241455	0
Solyc05g008010.3	0.6338715838241455	0
Solyc04g049920.4	0.6338715838241455	0
Solyc04g080590.4	0.6338715838241455	0
Solyc05g050930.2	0.6338715838241455	0
Solyc04g008730.3	0.6338715838241455	0
Solyc05g055210.4	0.6338715838241455	0
Solyc06g005800.3	0.6338715838241455	0
Solyc04g076310.4	0.6338715838241455	0
Solyc06g035870.3	0.6338715838241455	0
Solyc03g118740.3	0.6338715838241455	0
Solyc04g063390.2	0.6338715838241455	0
Solyc06g035943.2	0.6338715838241455	0
Solyc06g072075.1	0.6338715838241455	0
Solyc04g063400.3	0.6338715838241455	0
Solyc03g114500.4	0.6338715838241455	0
Solyc04g016175.2	0.6338715838241455	0
Solyc05g026560.3	0.6338715838241455	0
Solyc04g016380.3	0.6338715838241455	0
Solyc06g065940.5	0.6338715838241455	0
Solyc06g081980.1	0.6338715838241455	0
Solyc04g076980.4	0.6338715838241455	0
Solyc05g008890.3	0.6338715838241455	0
Solyc03g119220.3	0.6338715838241455	0
Solyc06g066100.3	0.6338715838241455	0
Solyc05g014760.3	0.6338715838241455	0
Solyc03g119280.3	0.6338715838241455	0
Solyc08g074520.2	0.6338715838241455	0
Solyc07g049710.3	0.6338715838241455	0
Solyc08g005920.3	0.6338715838241455	0
Solyc07g005390.3	0.6338715838241455	0
Solyc07g056350.3	0.6338715838241455	0
Solyc05g056120.3	0.6338715838241455	0
Solyc05g009140.3	0.6338715838241455	0
Solyc07g056400.1	0.6338715838241455	0
Solyc08g062940.4	0.6338715838241455	0
Solyc06g082350.4	0.6338715838241455	0
Solyc07g005730.4	0.6338715838241455	0
Solyc07g052060.2	0.6338715838241455	0
Solyc08g063070.3	0.6338715838241455	0
Solyc07g040950.3	0.6338715838241455	0
Solyc06g060290.4	0.6338715838241455	0
Solyc06g073050.2	0.6338715838241455	0
Solyc07g052180.1	0.6338715838241455	0
Solyc06g060320.4	0.6338715838241455	0
Solyc08g079600.3	0.6338715838241455	0
Solyc06g066650.4	0.6338715838241455	0
Solyc07g061790.3	0.6338715838241455	0
Solyc06g082630.4	0.6338715838241455	0
Solyc07g066470.3	0.6338715838241455	0
Solyc08g079770.3	0.6338715838241455	0
Solyc08g065640.3	0.6338715838241455	0
Solyc07g041340.2	0.6338715838241455	0
Solyc08g160370.1	0.6338715838241455	0
Solyc07g066580.3	0.6338715838241455	0
Solyc08g065760.3	0.6338715838241455	0
Solyc07g006280.3	0.6338715838241455	0
Solyc09g008850.3	0.6338715838241455	0
Solyc06g060870.1	0.6338715838241455	0
Solyc06g049030.4	0.6338715838241455	0
Solyc06g049060.3	0.6338715838241455	0
Solyc08g029110.3	0.6338715838241455	0
Solyc08g080240.3	0.6338715838241455	0
Solyc07g042190.3	0.6338715838241455	0
Solyc08g006990.3	0.6338715838241455	0
Solyc08g066220.4	0.6338715838241455	0
Solyc07g042330.2	0.6338715838241455	0
Solyc08g075960.3	0.6338715838241455	0
Solyc07g042580.3	0.6338715838241455	0
Solyc08g007220.4	0.6338715838241455	0
Solyc06g083640.4	0.6338715838241455	0
Solyc07g007060.3	0.6338715838241455	0
Solyc08g080850.5	0.6338715838241455	0
Solyc06g074410.4	0.6338715838241455	0
Solyc08g066750.3	0.6338715838241455	0
Solyc09g005100.4	0.6338715838241455	0
Solyc06g074670.4	0.6338715838241455	0
Solyc09g025250.4	0.6338715838241455	0
Solyc06g051300.3	0.6338715838241455	0
Solyc07g063120.4	0.6338715838241455	0
Solyc09g009860.1	0.6338715838241455	0
Solyc06g075010.5	0.6338715838241455	0
Solyc07g007820.3	0.6338715838241455	0
Solyc08g081430.3	0.6338715838241455	0
Solyc07g054070.5	0.6338715838241455	0
Solyc07g063630.3	0.6338715838241455	0
Solyc07g024000.3	0.6338715838241455	0
Solyc07g063690.1	0.6338715838241455	0
Solyc06g075400.3	0.6338715838241455	0
Solyc07g054620.4	0.6338715838241455	0
Solyc07g008475.1	0.6338715838241455	0
Solyc07g045240.3	0.6338715838241455	0
Solyc08g013700.1	0.6338715838241455	0
Solyc06g075810.3	0.6338715838241455	0
Solyc06g053700.1	0.6338715838241455	0
Solyc09g007380.3	0.6338715838241455	0
Solyc06g065440.1	0.6338715838241455	0
Solyc07g008860.3	0.6338715838241455	0
Solyc09g072890.2	0.6338715838241455	0
Solyc08g014150.5	0.6338715838241455	0
Solyc07g064610.3	0.6338715838241455	0
Solyc09g090470.3	0.6338715838241455	0
Solyc09g007670.3	0.6338715838241455	0
Solyc08g005630.3	0.6338715838241455	0
Solyc08g078140.3	0.6338715838241455	0
Solyc09g011490.3	0.6338715838241455	0
Solyc08g014550.3	0.6338715838241455	0
Solyc10g078410.2	0.6338715838241455	0
Solyc08g083070.3	0.6338715838241455	0
Solyc10g083990.2	0.6338715838241455	0
Solyc07g065120.3	0.6338715838241455	0
Solyc09g091070.3	0.6338715838241455	0
Solyc08g015870.3	0.6338715838241455	0
Solyc08g078700.3	0.6338715838241455	0
Solyc10g084320.3	0.6338715838241455	0
Solyc11g013120.2	0.6338715838241455	0
Solyc11g071510.3	0.6338715838241455	0
Solyc11g007680.2	0.6338715838241455	0
Solyc11g007720.2	0.6338715838241455	0
Solyc10g008960.1	0.6338715838241455	0
Solyc11g007830.2	0.6338715838241455	0
Solyc09g075130.3	0.6338715838241455	0
Solyc11g039830.2	0.6338715838241455	0
Solyc10g054660.2	0.6338715838241455	0
Solyc12g005150.2	0.6338715838241455	0
Solyc09g091740.4	0.6338715838241455	0
Solyc10g079420.1	0.6338715838241455	0
Solyc11g040150.2	0.6338715838241455	0
Solyc11g008270.2	0.6338715838241455	0
Solyc11g065900.2	0.6338715838241455	0
Solyc10g085280.1	0.6338715838241455	0
Solyc11g042500.3	0.6338715838241455	0
Solyc11g017000.2	0.6338715838241455	0
Solyc11g072430.3	0.6338715838241455	0
Solyc10g085430.3	0.6338715838241455	0
Solyc09g076030.4	0.6338715838241455	0
Solyc12g099550.2	0.6338715838241455	0
Solyc12g099590.1	0.6338715838241455	0
Solyc12g011290.2	0.6338715838241455	0
Solyc11g066350.2	0.6338715838241455	0
Solyc11g044450.3	0.6338715838241455	0
Solyc11g018620.3	0.6338715838241455	0
Solyc12g006030.2	0.6338715838241455	0
Solyc10g048030.2	0.6338715838241455	0
Solyc11g066790.2	0.6338715838241455	0
Solyc12g006317.1	0.6338715838241455	0
Solyc11g066860.2	0.6338715838241455	0
Solyc11g045000.1	0.6338715838241455	0
Solyc12g100290.3	0.6338715838241455	0
Solyc10g049420.2	0.6338715838241455	0
Solyc09g082870.3	0.6338715838241455	0
Solyc12g014100.2	0.6338715838241455	0
Solyc10g086480.3	0.6338715838241455	0
Solyc11g005880.2	0.6338715838241455	0
Solyc09g082940.3	0.6338715838241455	0
Solyc09g098360.5	0.6338715838241455	0
Solyc11g010650.5	0.6338715838241455	0
Solyc12g006695.1	0.6338715838241455	0
Solyc09g083007.1	0.6338715838241455	0
Solyc10g075020.3	0.6338715838241455	0
Solyc10g075100.2	0.6338715838241455	0
Solyc11g010960.2	0.6338715838241455	0
Solyc10g076180.1	0.6338715838241455	0
Solyc12g094630.2	0.6338715838241455	0
Solyc11g006270.2	0.6338715838241455	0
Solyc11g020630.1	0.6338715838241455	0
Solyc12g056090.2	0.6338715838241455	0
Solyc10g076240.3	0.6338715838241455	0
Solyc10g076250.2	0.6338715838241455	0
Solyc11g006360.1	0.6338715838241455	0
Solyc10g076410.1	0.6338715838241455	0
Solyc12g007180.2	0.6338715838241455	0
Solyc10g076540.1	0.6338715838241455	0
Solyc10g081660.2	0.6338715838241455	0
Solyc11g006760.3	0.6338715838241455	0
Solyc12g008450.2	0.6338715838241455	0
Solyc12g096070.2	0.6338715838241455	0
Solyc12g008473.2	0.6338715838241455	0
Solyc10g007410.4	0.6338715838241455	0
Solyc11g006860.2	0.6338715838241455	0
Solyc10g076840.2	0.6338715838241455	0
Solyc12g008560.1	0.6338715838241455	0
Solyc10g081900.3	0.6338715838241455	0
Solyc11g062020.2	0.6338715838241455	0
Solyc10g051020.2	0.6338715838241455	0
Solyc11g011890.2	0.6338715838241455	0
Solyc11g007200.3	0.6338715838241455	0
Solyc12g017690.3	0.6338715838241455	0
Solyc11g062370.1	0.6338715838241455	0
Solyc10g007850.3	0.6338715838241455	0
Solyc10g078250.1	0.6338715838241455	0
Solyc12g042120.3	0.6338715838241455	0
Solyc12g096870.1	0.6338715838241455	0
Solyc12g097040.1	0.6338715838241455	0
Solyc12g019460.2	0.6338715838241455	0
Solyc11g012680.3	0.6338715838241455	0
Solyc12g042580.2	0.6338715838241455	0
Solyc11g012930.2	0.6338715838241455	0
Solyc11g071480.1	0.6338715838241455	0
Solyc11g071490.2	0.6338715838241455	0
Solyc03g120585.1	0.6341759356070955	0
Solyc08g007980.3	0.6341759356070955	0
Solyc10g162790.1	0.6341759356070955	0
Solyc04g014430.2	0.6350094597402087	0
Solyc03g098560.2	0.6351601311231208	0
Solyc03g063470.1	0.6351601311231208	0
Solyc11g161690.1	0.6351601311231208	0
Solyc02g161080.1	0.6351977698923534	0
Solyc01g057395.1	0.6351977698923534	0
Solyc04g071775.1	0.6351977698923534	0
Solyc06g005820.3	0.6351977698923534	0
Solyc04g081610.1	0.6351977698923534	0
Solyc10g161150.1	0.6351977698923534	0
Solyc09g074765.2	0.6351977698923534	0
Solyc09g082480.2	0.6351977698923534	0
Solyc10g049910.2	0.6351977698923534	0
Solyc09g005147.2	0.6354383365789875	0
Solyc10g161130.1	0.6354403549563092	0
Solyc05g015480.3	0.6355952216961809	0
Solyc11g007890.2	0.6356400089157306	0
Solyc06g082310.3	0.6368874007183316	0
Solyc00g023590.2	0.636931714356142	0
Solyc01g106180.3	0.6369538651062605	0
Solyc06g075750.1	0.6372609966119507	0
Solyc05g052540.2	0.6377266022340048	0
Solyc02g079550.3	0.637836591880941	0
Solyc01g110900.1	0.6387347527992768	0
Solyc12g088510.1	0.6387347527992768	0
Solyc03g111957.1	0.6388885793037635	0
Solyc00g500156.1	0.6390637966643613	0
Solyc11g043060.1	0.6390929748248897	0
Solyc05g051875.1	0.6392791507956417	0
Solyc03g082375.1	0.6392791507956417	0
Solyc01g016355.1	0.6393008756725469	0
Solyc05g016713.2	0.6397994694526814	0
Solyc08g045770.1	0.6397994694526814	0
Solyc03g115960.3	0.6399075866904416	0
Solyc08g015830.1	0.6401019531788825	0
Solyc03g078440.3	0.6402960059779812	0
Solyc01g104150.4	0.640317548073117	0
Solyc05g024360.1	0.640317548073117	0
Solyc06g076930.2	0.640317548073117	0
Solyc08g077740.1	0.640317548073117	0
Solyc09g056200.3	0.640339086307079	0
Solyc06g083330.2	0.6404252006541937	0
Solyc03g078530.1	0.640428787412791	0
Solyc03g118940.5	0.640428787412791	0
Solyc09g160110.1	0.640428787412791	0
Solyc03g111760.3	0.640468234690599	0
Solyc05g005830.3	0.6404897459285324	0
Solyc10g054480.3	0.6404897459285324	0
Solyc01g060200.3	0.6405112533144826	0
Solyc02g082950.3	0.6405112533144826	0
Solyc00g500124.1	0.6405112533144826	0
Solyc01g110790.3	0.6405112533144826	0
Solyc02g088270.3	0.6405112533144826	0
Solyc03g119370.2	0.6405112533144826	0
Solyc02g084280.3	0.6405112533144826	0
Solyc03g058470.3	0.6405112533144826	0
Solyc08g074680.3	0.6405112533144826	0
Solyc08g068420.3	0.6405112533144826	0
Solyc12g049030.1	0.6405112533144826	0
Solyc11g044960.3	0.6405112533144826	0
Solyc02g077270.5	0.6405327568495962	0
Solyc02g077610.3	0.6405327568495962	0
Solyc00g500087.1	0.6405327568495962	0
Solyc01g057320.3	0.6405327568495962	0
Solyc02g070030.4	0.6405327568495962	0
Solyc01g006740.4	0.6405327568495962	0
Solyc02g070755.1	0.6405327568495962	0
Solyc02g065650.1	0.6405327568495962	0
Solyc00g500192.1	0.6405327568495962	0
Solyc01g106950.3	0.6405327568495962	0
Solyc04g082580.3	0.6405327568495962	0
Solyc06g008090.3	0.6405327568495962	0
Solyc04g082750.3	0.6405327568495962	0
Solyc03g044480.3	0.6405327568495962	0
Solyc03g095940.1	0.6405327568495962	0
Solyc07g049505.1	0.6405327568495962	0
Solyc06g059730.3	0.6405327568495962	0
Solyc08g080620.1	0.6405327568495962	0
Solyc07g053160.5	0.6405327568495962	0
Solyc08g013960.1	0.6405327568495962	0
Solyc11g008440.3	0.6405327568495962	0
Solyc10g050510.1	0.6405327568495962	0
Solyc12g040860.2	0.6405327568495962	0
Solyc03g093620.1	0.640632325058307	0
Solyc01g080320.3	0.6406455872765795	0
Solyc02g078710.1	0.6406455872765795	0
Solyc01g014990.3	0.6406455872765795	0
Solyc04g009390.3	0.6406455872765795	0
Solyc08g150133.2	0.6406455872765795	0
Solyc09g018920.3	0.6406455872765795	0
Solyc06g076330.3	0.6406559013224564	0
Solyc02g071950.1	0.6407177669952375	0
Solyc00g500306.1	0.6407177669952375	0
Solyc02g014690.1	0.6407177669952375	0
Solyc00g500392.1	0.6407177669952375	0
Solyc02g150138.2	0.6407177669952375	0
Solyc01g038234.1	0.6407177669952375	0
Solyc02g077830.1	0.6407177669952375	0
Solyc01g058400.4	0.6407177669952375	0
Solyc01g059800.1	0.6407177669952375	0
Solyc04g050400.1	0.6407177669952375	0
Solyc04g016570.1	0.6407177669952375	0
Solyc04g018170.1	0.6407177669952375	0
Solyc05g160680.1	0.6407177669952375	0
Solyc03g096540.3	0.6407177669952375	0
Solyc06g009850.3	0.6407177669952375	0
Solyc05g055580.2	0.6407177669952375	0
Solyc04g076760.2	0.6407177669952375	0
Solyc05g014870.4	0.6407177669952375	0
Solyc08g074835.1	0.6407177669952375	0
Solyc07g015983.1	0.6407177669952375	0
Solyc07g041030.1	0.6407177669952375	0
Solyc07g041170.2	0.6407177669952375	0
Solyc07g061860.3	0.6407177669952375	0
Solyc09g059835.1	0.6407177669952375	0
Solyc09g037135.1	0.6407177669952375	0
Solyc08g008390.3	0.6407177669952375	0
Solyc07g008420.3	0.6407177669952375	0
Solyc08g062170.1	0.6407177669952375	0
Solyc08g078120.2	0.6407177669952375	0
Solyc10g161430.1	0.6407177669952375	0
Solyc10g054620.1	0.6407177669952375	0
Solyc12g082794.1	0.6407177669952375	0
Solyc12g005160.3	0.6407177669952375	0
Solyc12g005210.1	0.6407177669952375	0
Solyc10g047590.3	0.6407177669952375	0
Solyc11g005520.3	0.6407177669952375	0
Solyc10g017940.1	0.6407177669952375	0
Solyc10g018000.1	0.6407177669952375	0
Solyc10g019110.2	0.6407177669952375	0
Solyc10g051210.1	0.6407177669952375	0
Solyc10g083100.1	0.6407177669952375	0
Solyc10g051260.3	0.6407177669952375	0
Solyc11g028340.3	0.6407177669952375	0
Solyc11g161400.1	0.6407177669952375	0
Solyc09g160740.1	0.6407177669952375	0
Solyc03g032080.5	0.640726602346203	0
Solyc03g116120.3	0.640726602346203	0
Solyc04g076440.1	0.6407501601029189	0
Solyc05g020010.1	0.6407673653860216	0
Solyc07g150152.1	0.6407673653860216	0
Solyc01g106730.1	0.6408079306470044	0
Solyc12g077623.2	0.6408079306470044	0
Solyc03g098670.1	0.640957092822293	0
Solyc08g008650.1	0.640957092822293	0
Solyc12g006750.1	0.6410089318729638	0
Solyc12g099395.1	0.6434979243090746	0
Solyc06g064990.2	0.6457779350894566	0
Solyc04g072280.3	0.6458005152429864	0
Solyc00g014860.1	0.6462281602434972	0
Solyc11g005320.1	0.6462281602434972	0
Solyc02g032875.2	0.6462831111880032	0
Solyc01g079920.4	0.6475281224751985	0
Solyc06g076370.4	0.6476299353161699	0
Solyc02g070060.1	0.647697761649731	0
Solyc12g100367.1	0.647697761649731	0
Solyc06g062620.2	0.6477316601624391	0
Solyc09g059210.1	0.6480148419401821	0
Solyc08g082780.2	0.6480148419401821	0
Solyc12g027820.1	0.6480148419401821	0
Solyc05g006790.2	0.64822146877376	0
Solyc05g054440.5	0.6488318425878145	0
Solyc03g097860.1	0.649446353261719	0
Solyc12g056025.1	0.6511413740205046	0
Solyc09g074760.1	0.6522364793999628	0
Solyc12g087850.3	0.6523005772568246	0
Solyc00g500363.1	0.6523219353495809	0
Solyc09g065250.2	0.6523219353495809	0
Solyc00g500120.1	0.652463001203679	0
Solyc01g079560.3	0.652463001203679	0
Solyc04g051630.1	0.652463001203679	0
Solyc05g054780.3	0.652463001203679	0
Solyc08g005160.1	0.652463001203679	0
Solyc02g071420.4	0.6531094336601833	0
Solyc06g054040.1	0.653236633514173	0
Solyc01g079855.1	0.653257819914953	0
Solyc04g016550.4	0.653257819914953	0
Solyc10g078770.2	0.653257819914953	0
Solyc11g018850.1	0.6532790024403412	0
Solyc02g021480.4	0.6533001810915162	0
Solyc03g005455.1	0.6533001810915162	0
Solyc11g012927.1	0.6533001810915162	0
Solyc04g077580.3	0.6540390022514093	0
Solyc01g105870.3	0.6540600422118368	0
Solyc02g065040.1	0.6546266768365196	0
Solyc03g083080.1	0.6546476099673846	0
Solyc02g071690.2	0.6548985115707037	0
Solyc09g031880.3	0.6550446190151518	0
Solyc07g015910.5	0.6550447004966209	0
Solyc05g032700.4	0.6550863299896588	0
Solyc09g091130.5	0.6551524500310213	0
Solyc12g099230.2	0.6551524500310213	0
Solyc08g014175.1	0.6551883441530932	0
Solyc12g040520.2	0.6551883441530932	0
Solyc03g120960.1	0.655273842659646	0
Solyc08g075350.3	0.6553362790817834	0
Solyc08g068720.1	0.6553362790817834	0
Solyc01g110590.5	0.6553570836988449	0
Solyc05g026590.2	0.6553778845559657	0
Solyc01g044375.1	0.6553986816542758	0
Solyc02g088750.2	0.6555026108031873	0
Solyc04g063270.3	0.6555856865788208	0
Solyc10g008180.2	0.6556064461510759	0
Solyc01g095870.3	0.6556479540574787	0
Solyc00g500205.1	0.6556687023938745	0
Solyc01g066455.1	0.6556894469872315	0
Solyc05g012540.5	0.6556894469872315	0
Solyc10g081640.3	0.6556894469872315	0
Solyc02g088440.1	0.6557101878386726	0
Solyc02g160640.1	0.6557309249493205	0
Solyc02g077960.4	0.6557309249493205	0
Solyc03g078770.3	0.6557309249493205	0
Solyc08g079720.3	0.6557309249493205	0
Solyc12g099580.2	0.6557309249493205	0
Solyc09g150119.1	0.6557309249493205	0
Solyc12g096490.1	0.6557309249493205	0
Solyc04g007250.1	0.6557516583202972	0
Solyc06g160120.1	0.6557516583202972	0
Solyc11g066880.2	0.6557516583202972	0
Solyc01g090870.1	0.6557723879527242	0
Solyc02g079140.2	0.6557723879527242	0
Solyc01g007790.4	0.6557723879527242	0
Solyc03g115610.3	0.6557723879527242	0
Solyc04g025440.3	0.6557723879527242	0
Solyc03g122110.1	0.6557723879527242	0
Solyc03g097855.1	0.6557723879527242	0
Solyc11g007620.1	0.6557723879527242	0
Solyc12g020120.2	0.6557723879527242	0
Solyc00g500261.2	0.6557931138477229	0
Solyc02g014770.3	0.6557931138477229	0
Solyc01g098440.3	0.6557931138477229	0
Solyc01g081520.3	0.6557931138477229	0
Solyc01g105520.3	0.6557931138477229	0
Solyc02g078390.3	0.6557931138477229	0
Solyc01g100410.3	0.6557931138477229	0
Solyc01g102440.3	0.6557931138477229	0
Solyc03g114770.3	0.6557931138477229	0
Solyc05g005320.1	0.6557931138477229	0
Solyc04g009520.3	0.6557931138477229	0
Solyc03g116040.2	0.6557931138477229	0
Solyc04g072200.3	0.6557931138477229	0
Solyc05g011960.4	0.6557931138477229	0
Solyc03g121170.3	0.6557931138477229	0
Solyc05g006750.3	0.6557931138477229	0
Solyc04g007410.4	0.6557931138477229	0
Solyc05g050390.5	0.6557931138477229	0
Solyc04g015690.4	0.6557931138477229	0
Solyc05g014540.3	0.6557931138477229	0
Solyc06g066290.3	0.6557931138477229	0
Solyc06g073750.4	0.6557931138477229	0
Solyc09g063070.3	0.6557931138477229	0
Solyc08g082280.4	0.6557931138477229	0
Solyc09g090690.5	0.6557931138477229	0
Solyc08g083210.3	0.6557931138477229	0
Solyc08g078410.3	0.6557931138477229	0
Solyc08g078850.3	0.6557931138477229	0
Solyc10g079160.1	0.6557931138477229	0
Solyc10g009430.3	0.6557931138477229	0
Solyc12g088020.1	0.6557931138477229	0
Solyc10g005740.4	0.6557931138477229	0
Solyc09g098100.4	0.6557931138477229	0
Solyc11g020640.3	0.6557931138477229	0
Solyc11g068550.1	0.6557931138477229	0
Solyc10g076560.1	0.6557931138477229	0
Solyc10g051300.2	0.6557931138477229	0
Solyc12g057070.2	0.6557931138477229	0
Solyc02g065750.3	0.6564830647348954	0
Solyc06g074870.3	0.6565511786235889	0
Solyc06g005465.1	0.6567552778862589	0
Solyc08g028970.3	0.6567552778862589	0
Solyc12g049175.1	0.6568086924349137	0
Solyc06g060180.3	0.6574854551378099	0
Solyc11g065910.1	0.6575353356621767	0
Solyc00g500238.1	0.6577595291368327	0
Solyc08g067650.2	0.6577595291368327	0
Solyc03g093710.1	0.6580089774940243	0
Solyc08g006290.3	0.6582258982861355	0
Solyc05g004007.1	0.6582568533479984	0
Solyc07g040770.1	0.6582568533479984	0
Solyc10g078760.2	0.6594202201118515	0
Solyc12g006293.1	0.6615255132656499	0
Solyc01g011050.3	0.6617377611079464	0
Solyc05g052530.3	0.6617377611079464	0
Solyc01g009410.4	0.6617763088173305	0
Solyc06g064850.2	0.6617763088173305	0
Solyc10g008243.1	0.6617763088173305	0
Solyc02g010680.1	0.6618148433738997	0
Solyc10g011990.1	0.6622966407224464	0
Solyc07g009233.1	0.6623683508388454	0
Solyc06g067900.4	0.662416132255188	0
Solyc09g091415.1	0.6624400153703389	0
Solyc12g013610.3	0.6635709720240963	0
Solyc02g062030.1	0.6636136373034569	0
Solyc02g084710.3	0.6637464369912188	0
Solyc01g080280.3	0.6637464369912188	0
Solyc02g071780.3	0.6637464369912188	0
Solyc02g085000.3	0.6637464369912188	0
Solyc01g065550.3	0.6637464369912188	0
Solyc02g067390.3	0.6637464369912188	0
Solyc02g071980.3	0.6637464369912188	0
Solyc02g067460.3	0.6637464369912188	0
Solyc01g091120.3	0.6637464369912188	0
Solyc02g085230.3	0.6637464369912188	0
Solyc02g072160.4	0.6637464369912188	0
Solyc01g103770.3	0.6637464369912188	0
Solyc01g098000.3	0.6637464369912188	0
Solyc01g009420.5	0.6637464369912188	0
Solyc01g009443.2	0.6637464369912188	0
Solyc03g006980.5	0.6637464369912188	0
Solyc01g091660.3	0.6637464369912188	0
Solyc01g108600.3	0.6637464369912188	0
Solyc02g094750.1	0.6637464369912188	0
Solyc02g081310.3	0.6637464369912188	0
Solyc02g090380.4	0.6637464369912188	0
Solyc01g009750.3	0.6637464369912188	0
Solyc01g098540.3	0.6637464369912188	0
Solyc01g098580.3	0.6637464369912188	0
Solyc01g028900.3	0.6637464369912188	0
Solyc01g098640.3	0.6637464369912188	0
Solyc03g007480.3	0.6637464369912188	0
Solyc01g010020.3	0.6637464369912188	0
Solyc02g081700.1	0.6637464369912188	0
Solyc01g005030.4	0.6637464369912188	0
Solyc02g068690.3	0.6637464369912188	0
Solyc02g081950.4	0.6637464369912188	0
Solyc01g109280.3	0.6637464369912188	0
Solyc01g005257.1	0.6637464369912188	0
Solyc02g082060.2	0.6637464369912188	0
Solyc01g104920.3	0.6637464369912188	0
Solyc02g062650.3	0.6637464369912188	0
Solyc02g062660.3	0.6637464369912188	0
Solyc01g099290.3	0.6637464369912188	0
Solyc01g094610.5	0.6637464369912188	0
Solyc01g099370.3	0.6637464369912188	0
Solyc02g030110.2	0.6637464369912188	0
Solyc02g077640.1	0.6637464369912188	0
Solyc01g087090.3	0.6637464369912188	0
Solyc01g010930.5	0.6637464369912188	0
Solyc01g109620.3	0.6637464369912188	0
Solyc01g087290.3	0.6637464369912188	0
Solyc01g094880.3	0.6637464369912188	0
Solyc02g069310.3	0.6637464369912188	0
Solyc01g087530.3	0.6637464369912188	0
Solyc01g095060.5	0.6637464369912188	0
Solyc01g105540.5	0.6637464369912188	0
Solyc02g031830.1	0.6637464369912188	0
Solyc03g019900.3	0.6637464369912188	0
Solyc02g078200.4	0.6637464369912188	0
Solyc02g091730.3	0.6637464369912188	0
Solyc01g087770.4	0.6637464369912188	0
Solyc01g100080.3	0.6637464369912188	0
Solyc02g064650.3	0.6637464369912188	0
Solyc01g087850.2	0.6637464369912188	0
Solyc03g025160.4	0.6637464369912188	0
Solyc01g095670.4	0.6637464369912188	0
Solyc01g006370.3	0.6637464369912188	0
Solyc02g032490.3	0.6637464369912188	0
Solyc02g092130.2	0.6637464369912188	0
Solyc01g057900.3	0.6637464369912188	0
Solyc02g032800.1	0.6637464369912188	0
Solyc01g110720.2	0.6637464369912188	0
Solyc03g025440.3	0.6637464369912188	0
Solyc02g065118.1	0.6637464369912188	0
Solyc00g500140.1	0.6637464369912188	0
Solyc02g070300.4	0.6637464369912188	0
Solyc01g096120.3	0.6637464369912188	0
Solyc02g070450.2	0.6637464369912188	0
Solyc02g070510.3	0.6637464369912188	0
Solyc02g070640.3	0.6637464369912188	0
Solyc03g025770.5	0.6637464369912188	0
Solyc03g025790.4	0.6637464369912188	0
Solyc01g106540.5	0.6637464369912188	0
Solyc01g079200.5	0.6637464369912188	0
Solyc01g101090.3	0.6637464369912188	0
Solyc01g088760.5	0.6637464369912188	0
Solyc02g070900.1	0.6637464369912188	0
Solyc01g096580.3	0.6637464369912188	0
Solyc01g089970.3	0.6637464369912188	0
Solyc01g079590.3	0.6637464369912188	0
Solyc02g084020.3	0.6637464369912188	0
Solyc01g079620.5	0.6637464369912188	0
Solyc03g083650.5	0.6637464369912188	0
Solyc02g071270.3	0.6637464369912188	0
Solyc02g079730.5	0.6637464369912188	0
Solyc02g071330.4	0.6637464369912188	0
Solyc01g090320.5	0.6637464369912188	0
Solyc01g008110.5	0.6637464369912188	0
Solyc04g050190.4	0.6637464369912188	0
Solyc02g079960.3	0.6637464369912188	0
Solyc02g093350.3	0.6637464369912188	0
Solyc03g033400.4	0.6637464369912188	0
Solyc01g112150.3	0.6637464369912188	0
Solyc01g107650.3	0.6637464369912188	0
Solyc01g008420.3	0.6637464369912188	0
Solyc04g009040.5	0.6637464369912188	0
Solyc03g093210.3	0.6637464369912188	0
Solyc03g111170.3	0.6637464369912188	0
Solyc05g056620.2	0.6637464369912188	0
Solyc05g052030.1	0.6637464369912188	0
Solyc05g005150.1	0.6637464369912188	0
Solyc03g093460.3	0.6637464369912188	0
Solyc05g052220.3	0.6637464369912188	0
Solyc03g120160.1	0.6637464369912188	0
Solyc04g051410.4	0.6637464369912188	0
Solyc04g024590.3	0.6637464369912188	0
Solyc04g082490.3	0.6637464369912188	0
Solyc05g052510.4	0.6637464369912188	0
Solyc06g007930.3	0.6637464369912188	0
Solyc04g025040.1	0.6637464369912188	0
Solyc05g010400.3	0.6637464369912188	0
Solyc03g071570.3	0.6637464369912188	0
Solyc04g078250.4	0.6637464369912188	0
Solyc05g052690.5	0.6637464369912188	0
Solyc04g009940.5	0.6637464369912188	0
Solyc03g071620.2	0.6637464369912188	0
Solyc03g071710.1	0.6637464369912188	0
Solyc05g005870.3	0.6637464369912188	0
Solyc04g071990.3	0.6637464369912188	0
Solyc04g082880.4	0.6637464369912188	0
Solyc05g005990.3	0.6637464369912188	0
Solyc04g082930.3	0.6637464369912188	0
Solyc04g005490.3	0.6637464369912188	0
Solyc06g008520.4	0.6637464369912188	0
Solyc05g006220.3	0.6637464369912188	0
Solyc05g017980.3	0.6637464369912188	0
Solyc05g053230.3	0.6637464369912188	0
Solyc04g026250.1	0.6637464369912188	0
Solyc03g044725.2	0.6637464369912188	0
Solyc05g012320.1	0.6637464369912188	0
Solyc06g008940.4	0.6637464369912188	0
Solyc04g007100.5	0.6637464369912188	0
Solyc04g007260.5	0.6637464369912188	0
Solyc05g018590.3	0.6637464369912188	0
Solyc04g079390.3	0.6637464369912188	0
Solyc04g079420.3	0.6637464369912188	0
Solyc04g074020.2	0.6637464369912188	0
Solyc05g054040.4	0.6637464369912188	0
Solyc05g054090.3	0.6637464369912188	0
Solyc05g054120.1	0.6637464369912188	0
Solyc05g012940.4	0.6637464369912188	0
Solyc03g113390.3	0.6637464369912188	0
Solyc04g014490.1	0.6637464369912188	0
Solyc05g050000.3	0.6637464369912188	0
Solyc04g074300.3	0.6637464369912188	0
Solyc04g007840.3	0.6637464369912188	0
Solyc04g056380.3	0.6637464369912188	0
Solyc05g013190.5	0.6637464369912188	0
Solyc03g122260.3	0.6637464369912188	0
Solyc03g122270.4	0.6637464369912188	0
Solyc04g074770.2	0.6637464369912188	0
Solyc05g050560.1	0.6637464369912188	0
Solyc03g097420.3	0.6637464369912188	0
Solyc03g123520.3	0.6637464369912188	0
Solyc04g008470.3	0.6637464369912188	0
Solyc05g055010.4	0.6637464369912188	0
Solyc05g013870.4	0.6637464369912188	0
Solyc06g035710.1	0.6637464369912188	0
Solyc04g050140.3	0.6637464369912188	0
Solyc03g118650.3	0.6637464369912188	0
Solyc06g018050.4	0.6637464369912188	0
Solyc06g076570.4	0.6637464369912188	0
Solyc05g051480.2	0.6637464369912188	0
Solyc04g016330.3	0.6637464369912188	0
Solyc06g072280.3	0.6637464369912188	0
Solyc05g055760.3	0.6637464369912188	0
Solyc05g055770.3	0.6637464369912188	0
Solyc04g081300.4	0.6637464369912188	0
Solyc05g009010.1	0.6637464369912188	0
Solyc04g081420.4	0.6637464369912188	0
Solyc05g056050.3	0.6637464369912188	0
Solyc06g072610.3	0.6637464369912188	0
Solyc07g005460.4	0.6637464369912188	0
Solyc04g081470.4	0.6637464369912188	0
Solyc08g079150.1	0.6637464369912188	0
Solyc07g040720.3	0.6637464369912188	0
Solyc08g021940.4	0.6637464369912188	0
Solyc07g056490.5	0.6637464369912188	0
Solyc07g040780.5	0.6637464369912188	0
Solyc06g060090.3	0.6637464369912188	0
Solyc06g066440.3	0.6637464369912188	0
Solyc05g056320.3	0.6637464369912188	0
Solyc08g074830.4	0.6637464369912188	0
Solyc05g009260.1	0.6637464369912188	0
Solyc07g005700.3	0.6637464369912188	0
Solyc06g082440.1	0.6637464369912188	0
Solyc09g008450.3	0.6637464369912188	0
Solyc08g022210.4	0.6637464369912188	0
Solyc06g082580.4	0.6637464369912188	0
Solyc06g048570.3	0.6637464369912188	0
Solyc09g008610.4	0.6637464369912188	0
Solyc07g066480.3	0.6637464369912188	0
Solyc08g075310.4	0.6637464369912188	0
Solyc06g048890.4	0.6637464369912188	0
Solyc07g066600.3	0.6637464369912188	0
Solyc06g067980.3	0.6637464369912188	0
Solyc08g006640.3	0.6637464369912188	0
Solyc07g062060.3	0.6637464369912188	0
Solyc07g062070.3	0.6637464369912188	0
Solyc09g015470.5	0.6637464369912188	0
Solyc06g048940.4	0.6637464369912188	0
Solyc06g068080.5	0.6637464369912188	0
Solyc06g048970.3	0.6637464369912188	0
Solyc09g015530.3	0.6637464369912188	0
Solyc08g075570.4	0.6637464369912188	0
Solyc07g017800.5	0.6637464369912188	0
Solyc07g052760.3	0.6637464369912188	0
Solyc06g073720.3	0.6637464369912188	0
Solyc06g050350.3	0.6637464369912188	0
Solyc07g006700.1	0.6637464369912188	0
Solyc06g073870.5	0.6637464369912188	0
Solyc06g068460.3	0.6637464369912188	0
Solyc06g068560.3	0.6637464369912188	0
Solyc09g018280.1	0.6637464369912188	0
Solyc07g053170.4	0.6637464369912188	0
Solyc06g083580.4	0.6637464369912188	0
Solyc06g068630.5	0.6637464369912188	0
Solyc09g061230.3	0.6637464369912188	0
Solyc07g019460.3	0.6637464369912188	0
Solyc07g062740.5	0.6637464369912188	0
Solyc09g061420.3	0.6637464369912188	0
Solyc09g005000.1	0.6637464369912188	0
Solyc07g053590.5	0.6637464369912188	0
Solyc07g007430.3	0.6637464369912188	0
Solyc09g005200.3	0.6637464369912188	0
Solyc08g081180.3	0.6637464369912188	0
Solyc08g076620.1	0.6637464369912188	0
Solyc08g045640.3	0.6637464369912188	0
Solyc07g043400.1	0.6637464369912188	0
Solyc07g007630.3	0.6637464369912188	0
Solyc06g069290.3	0.6637464369912188	0
Solyc09g063020.4	0.6637464369912188	0
Solyc07g063300.3	0.6637464369912188	0
Solyc07g063310.3	0.6637464369912188	0
Solyc08g081370.1	0.6637464369912188	0
Solyc06g084520.3	0.6637464369912188	0
Solyc09g064310.3	0.6637464369912188	0
Solyc06g084550.3	0.6637464369912188	0
Solyc08g067410.2	0.6637464369912188	0
Solyc07g054140.3	0.6637464369912188	0
Solyc07g021750.1	0.6637464369912188	0
Solyc08g008230.4	0.6637464369912188	0
Solyc07g054270.3	0.6637464369912188	0
Solyc06g075370.3	0.6637464369912188	0
Solyc07g054450.4	0.6637464369912188	0
Solyc07g008330.3	0.6637464369912188	0
Solyc08g061100.3	0.6637464369912188	0
Solyc09g010780.3	0.6637464369912188	0
Solyc09g047900.2	0.6637464369912188	0
Solyc07g045250.1	0.6637464369912188	0
Solyc07g054730.1	0.6637464369912188	0
Solyc08g082180.3	0.6637464369912188	0
Solyc06g053470.3	0.6637464369912188	0
Solyc08g013730.3	0.6637464369912188	0
Solyc06g053490.5	0.6637464369912188	0
Solyc08g005130.1	0.6637464369912188	0
Solyc07g008720.4	0.6637464369912188	0
Solyc09g011020.4	0.6637464369912188	0
Solyc06g071210.3	0.6637464369912188	0
Solyc06g076150.3	0.6637464369912188	0
Solyc07g032240.3	0.6637464369912188	0
Solyc06g076260.3	0.6637464369912188	0
Solyc07g047690.1	0.6637464369912188	0
Solyc08g082710.3	0.6637464369912188	0
Solyc07g047780.3	0.6637464369912188	0
Solyc09g011320.3	0.6637464369912188	0
Solyc09g090500.3	0.6637464369912188	0
Solyc09g011420.3	0.6637464369912188	0
Solyc08g068870.3	0.6637464369912188	0
Solyc07g064820.1	0.6637464369912188	0
Solyc09g074230.4	0.6637464369912188	0
Solyc07g048040.1	0.6637464369912188	0
Solyc07g055630.5	0.6637464369912188	0
Solyc09g007900.5	0.6637464369912188	0
Solyc08g083040.4	0.6637464369912188	0
Solyc07g064910.3	0.6637464369912188	0
Solyc08g069060.4	0.6637464369912188	0
Solyc10g008310.1	0.6637464369912188	0
Solyc10g044470.3	0.6637464369912188	0
Solyc07g065030.3	0.6637464369912188	0
Solyc08g078420.3	0.6637464369912188	0
Solyc10g078630.2	0.6637464369912188	0
Solyc07g065170.3	0.6637464369912188	0
Solyc10g084140.2	0.6637464369912188	0
Solyc08g015940.3	0.6637464369912188	0
Solyc09g091180.3	0.6637464369912188	0
Solyc11g007700.2	0.6637464369912188	0
Solyc11g013350.1	0.6637464369912188	0
Solyc11g071760.3	0.6637464369912188	0
Solyc10g009150.3	0.6637464369912188	0
Solyc11g065270.2	0.6637464369912188	0
Solyc12g005120.2	0.6637464369912188	0
Solyc12g087810.3	0.6637464369912188	0
Solyc09g075510.4	0.6637464369912188	0
Solyc11g008110.1	0.6637464369912188	0
Solyc09g014860.3	0.6637464369912188	0
Solyc09g075570.1	0.6637464369912188	0
Solyc11g013850.2	0.6637464369912188	0
Solyc09g075710.1	0.6637464369912188	0
Solyc11g072330.2	0.6637464369912188	0
Solyc11g008340.3	0.6637464369912188	0
Solyc12g005630.2	0.6637464369912188	0
Solyc09g092310.1	0.6637464369912188	0
Solyc11g066260.2	0.6637464369912188	0
Solyc12g011180.3	0.6637464369912188	0
Solyc10g047630.2	0.6637464369912188	0
Solyc11g072730.2	0.6637464369912188	0
Solyc10g012240.3	0.6637464369912188	0
Solyc12g099650.2	0.6637464369912188	0
Solyc12g099660.2	0.6637464369912188	0
Solyc12g044930.3	0.6637464369912188	0
Solyc11g066460.1	0.6637464369912188	0
Solyc10g005950.3	0.6637464369912188	0
Solyc09g082380.5	0.6637464369912188	0
Solyc11g044530.2	0.6637464369912188	0
Solyc09g082520.3	0.6637464369912188	0
Solyc11g066650.3	0.6637464369912188	0
Solyc12g088940.3	0.6637464369912188	0
Solyc10g086060.2	0.6637464369912188	0
Solyc11g010130.4	0.6637464369912188	0
Solyc10g080530.2	0.6637464369912188	0
Solyc11g010180.2	0.6637464369912188	0
Solyc12g100270.2	0.6637464369912188	0
Solyc11g005670.2	0.6637464369912188	0
Solyc11g005680.2	0.6637464369912188	0
Solyc12g049550.2	0.6637464369912188	0
Solyc11g073300.2	0.6637464369912188	0
Solyc09g082810.3	0.6637464369912188	0
Solyc09g098180.4	0.6637464369912188	0
Solyc11g067100.2	0.6637464369912188	0
Solyc11g150122.1	0.6637464369912188	0
Solyc10g086565.2	0.6637464369912188	0
Solyc09g098450.4	0.6637464369912188	0
Solyc12g094480.3	0.6637464369912188	0
Solyc12g006790.3	0.6637464369912188	0
Solyc10g081130.2	0.6637464369912188	0
Solyc11g010890.3	0.6637464369912188	0
Solyc12g055930.3	0.6637464369912188	0
Solyc12g055990.2	0.6637464369912188	0
Solyc10g081310.2	0.6637464369912188	0
Solyc09g083360.3	0.6637464369912188	0
Solyc10g081330.3	0.6637464369912188	0
Solyc10g018780.3	0.6637464369912188	0
Solyc10g006980.3	0.6637464369912188	0
Solyc10g081380.2	0.6637464369912188	0
Solyc11g011130.3	0.6637464369912188	0
Solyc10g081420.2	0.6637464369912188	0
Solyc10g050440.2	0.6637464369912188	0
Solyc09g089930.3	0.6637464369912188	0
Solyc11g006820.2	0.6637464369912188	0
Solyc10g081830.3	0.6637464369912188	0
Solyc12g008500.2	0.6637464369912188	0
Solyc11g011720.1	0.6637464369912188	0
Solyc11g062070.3	0.6637464369912188	0
Solyc11g062130.2	0.6637464369912188	0
Solyc12g096330.3	0.6637464369912188	0
Solyc12g096480.1	0.6637464369912188	0
Solyc11g011990.2	0.6637464369912188	0
Solyc12g096610.2	0.6637464369912188	0
Solyc12g096650.2	0.6637464369912188	0
Solyc11g030720.2	0.6637464369912188	0
Solyc11g069530.2	0.6637464369912188	0
Solyc11g012280.2	0.6637464369912188	0
Solyc11g031960.2	0.6637464369912188	0
Solyc12g042390.1	0.6637464369912188	0
Solyc12g062800.1	0.6637464369912188	0
Solyc12g062860.2	0.6637464369912188	0
Solyc12g062870.2	0.6637464369912188	0
Solyc12g009840.2	0.6637464369912188	0
Solyc11g012790.2	0.6637464369912188	0
Solyc12g098680.4	0.6637464369912188	0
Solyc12g077460.2	0.6637464369912188	0
Solyc12g077590.2	0.6637464369912188	0
Solyc12g098980.2	0.6637464369912188	0
Solyc10g044585.1	0.6650125636674051	0
Solyc03g095210.2	0.6651178342808384	0
Solyc11g007980.2	0.6652230058751172	0
Solyc01g091705.2	0.6653280786051012	0
Solyc05g008145.1	0.6653700800497164	0
Solyc11g161930.1	0.6653700800497164	0
Solyc06g065750.1	0.6663588754515487	0
Solyc06g075450.2	0.6665397481680427	0
Solyc01g109240.4	0.6671355098855922	0
Solyc01g106460.4	0.6671355098855922	0
Solyc04g051885.1	0.6671355098855922	0
Solyc07g051980.3	0.6671355098855922	0
Solyc07g021200.1	0.6671355098855922	0
Solyc12g056310.2	0.6671355098855922	0
Solyc02g071480.3	0.667152045619201	0
Solyc04g017665.1	0.667167796968932	0
Solyc04g025730.1	0.667167796968932	0
Solyc08g076070.1	0.667167796968932	0
Solyc09g098607.1	0.667167796968932	0
Solyc12g062510.1	0.667167796968932	0
Solyc04g056520.1	0.6671806421615476	0
Solyc04g064540.4	0.6675532249297937	0
Solyc02g068415.1	0.6678205616110651	0
Solyc12g044440.2	0.667882163301172	0
Solyc11g028070.2	0.667882163301172	0
Solyc08g014050.2	0.6685371260326164	0
Solyc04g047820.1	0.6687263629293105	0
Solyc08g006440.4	0.6687263629293105	0
Solyc07g006430.1	0.6687263629293105	0
Solyc08g014240.4	0.6687263629293105	0
Solyc09g092590.2	0.6687263629293105	0
Solyc12g150128.1	0.6687263629293105	0
Solyc12g094470.4	0.6687263629293105	0
Solyc02g088840.3	0.6692693546616701	0
Solyc08g076040.2	0.6693661694178463	0
Solyc01g079440.1	0.6694921265793052	0
Solyc06g082690.1	0.6695325822958107	0
Solyc11g042877.1	0.6695325822958107	0
Solyc09g150107.1	0.6698991444101455	0
Solyc06g065080.1	0.6699214768059434	0
Solyc05g008640.1	0.6704589891345569	0
Solyc12g009110.4	0.6704990914302658	0
Solyc01g067200.1	0.6706393344357356	0
Solyc02g071340.2	0.6707393986139862	0
Solyc02g014070.2	0.670979181591655	0
Solyc06g009803.1	0.6710190945903376	0
Solyc12g017263.1	0.6710190945903376	0
Solyc02g038680.1	0.6710390456517397	0
Solyc01g079160.5	0.6710390456517397	0
Solyc03g031470.3	0.6710589930893096	0
Solyc06g054685.1	0.6710789369041426	0
Solyc07g051890.1	0.6711586759579908	0
Solyc02g084880.3	0.6711786016755495	0
Solyc02g082960.3	0.6711786016755495	0
Solyc02g070705.1	0.6711786016755495	0
Solyc03g095680.2	0.6711786016755495	0
Solyc08g076257.2	0.6711786016755495	0
Solyc06g075600.3	0.6711786016755495	0
Solyc06g071650.3	0.6711786016755495	0
Solyc08g014580.4	0.6711786016755495	0
Solyc10g084440.3	0.6711786016755495	0
Solyc01g097400.1	0.6711985237769322	0
Solyc02g091630.1	0.6711985237769322	0
Solyc03g025940.3	0.6711985237769322	0
Solyc02g065800.4	0.6711985237769322	0
Solyc05g005050.3	0.6711985237769322	0
Solyc03g034240.4	0.6711985237769322	0
Solyc03g121760.3	0.6711985237769322	0
Solyc05g012920.3	0.6711985237769322	0
Solyc05g013240.5	0.6711985237769322	0
Solyc04g080760.3	0.6711985237769322	0
Solyc04g064620.4	0.6711985237769322	0
Solyc08g075360.3	0.6711985237769322	0
Solyc08g066070.1	0.6711985237769322	0
Solyc09g005330.3	0.6711985237769322	0
Solyc09g031770.3	0.6711985237769322	0
Solyc06g075310.4	0.6711985237769322	0
Solyc09g091230.4	0.6711985237769322	0
Solyc07g065430.2	0.6711985237769322	0
Solyc10g009400.3	0.6711985237769322	0
Solyc11g066690.2	0.6711985237769322	0
Solyc11g019920.2	0.6711985237769322	0
Solyc11g022530.3	0.6711985237769322	0
Solyc10g076780.1	0.6711985237769322	0
Solyc12g070127.1	0.6711985237769322	0
Solyc07g053300.1	0.6726125334804213	0
Solyc10g012320.3	0.6728736918643716	0
Solyc09g064880.1	0.6728954269046115	0
Solyc04g078730.1	0.6744820563213689	0
Solyc03g033970.1	0.6746625833739701	0
Solyc04g051380.1	0.6746864057099374	0
Solyc05g014058.1	0.6748026397713655	0
Solyc08g005620.3	0.6748026397713655	0
Solyc04g072720.4	0.6753655204041173	0
Solyc06g005180.1	0.6753655204041173	0
Solyc08g078450.3	0.6753655204041173	0
Solyc02g088860.2	0.6753664646200844	0
Solyc02g030500.1	0.6754301801841534	0
Solyc01g067170.1	0.6754677312165445	0
Solyc10g044530.1	0.6754677312165445	0
Solyc09g014910.4	0.6754677312165445	0
Solyc10g038040.1	0.6754677312165445	0
Solyc10g083770.3	0.6754677312165445	0
Solyc04g011810.1	0.6754726364203559	0
Solyc02g014230.1	0.6754938583005736	0
Solyc05g010390.1	0.6754938583005736	0
Solyc10g150147.1	0.6754938583005736	0
Solyc02g067630.3	0.6755017800701684	0
Solyc04g054528.1	0.6755017800701684	0
Solyc08g045870.3	0.6755017800701684	0
Solyc07g009060.5	0.6755017800701684	0
Solyc09g092200.3	0.6755017800701684	0
Solyc11g006635.1	0.6755017800701684	0
Solyc08g076630.3	0.6790513726166516	0
Solyc02g084034.1	0.6795747593149349	0
Solyc00g500311.2	0.6810961457426443	0
Solyc12g038090.1	0.681156551903589	0
Solyc03g044960.2	0.6811981265335393	0
Solyc05g006360.3	0.6812735043997167	0
Solyc07g054970.1	0.681323726656002	0
Solyc10g009600.1	0.6822778783585837	0
Solyc06g008080.2	0.6823376164832959	0
Solyc05g023720.1	0.6823973209688283	0
Solyc09g031528.1	0.6824371052863144	0
Solyc07g052555.1	0.6824768746763891	0
Solyc01g005610.4	0.6828709375293398	0
Solyc09g065740.2	0.6828709375293398	0
Solyc01g007830.2	0.6829591769687393	0
Solyc05g050480.1	0.6829812253370988	0
Solyc11g160440.1	0.6829812253370988	0
Solyc03g096545.1	0.6830253082951852	0
Solyc01g091060.2	0.6830913983096087	0
Solyc01g058660.1	0.6830913983096087	0
Solyc07g019620.3	0.6830913983096087	0
Solyc08g048350.1	0.6830913983096087	0
Solyc10g017830.1	0.6835253564192177	0
Solyc04g160410.1	0.6835450395080926	0
Solyc09g011520.3	0.684407480777767	0
Solyc08g075560.1	0.6844465155124843	0
Solyc02g072070.4	0.6846804205242791	0
Solyc04g028470.2	0.6849138068142034	0
Solyc01g017220.2	0.6850497100286999	0
Solyc04g010320.1	0.6854950156530963	0
Solyc06g072850.1	0.6856687528731693	0
Solyc02g063400.4	0.6858614573668831	0
Solyc02g150113.2	0.6859576769669419	0
Solyc03g114910.5	0.6859769102924976	0
Solyc03g006915.1	0.6859961400890846	0
Solyc10g045230.1	0.6860730240072895	0
Solyc07g054720.2	0.6860922361751873	0
Solyc03g120100.3	0.6861498515481197	0
Solyc01g108480.1	0.6862800805988052	0
Solyc01g090110.2	0.6863033377726406	0
Solyc02g150145.1	0.6863608371506333	0
Solyc02g021770.1	0.6863799965935313	0
Solyc11g007550.1	0.6864374538878848	0
Solyc08g068500.3	0.6864565993114476	0
Solyc01g094140.3	0.6864757412328444	0
Solyc03g121350.3	0.6864757412328444	0
Solyc08g150141.1	0.6864948796531414	0
Solyc12g005560.1	0.6865140145734041	0
Solyc03g121140.4	0.6865331459946977	0
Solyc09g091670.3	0.6865713983446375	0
Solyc02g084250.4	0.6866096367114738	0
Solyc04g073980.3	0.6866096367114738	0
Solyc12g098620.2	0.6866096367114738	0
Solyc01g068380.3	0.6866478611037123	0
Solyc04g077280.3	0.6866478611037123	0
Solyc06g063050.4	0.6866478611037123	0
Solyc04g082475.2	0.6866669680620137	0
Solyc03g113040.4	0.6866669680620137	0
Solyc04g015530.3	0.6866669680620137	0
Solyc06g051680.1	0.6866669680620137	0
Solyc09g011500.3	0.6866669680620137	0
Solyc03g006470.4	0.686686071529852	0
Solyc02g020880.2	0.686686071529852	0
Solyc05g046215.1	0.686686071529852	0
Solyc07g061870.1	0.686686071529852	0
Solyc04g078630.3	0.6867051715082885	0
Solyc06g082240.2	0.6867051715082885	0
Solyc06g084240.2	0.6867051715082885	0
Solyc09g091370.4	0.6867051715082885	0
Solyc09g091455.1	0.6867051715082885	0
Solyc11g045460.3	0.6867051715082885	0
Solyc02g068190.1	0.6867242679983838	0
Solyc01g105767.1	0.6867242679983838	0
Solyc02g088500.1	0.6867242679983838	0
Solyc03g033460.3	0.6867242679983838	0
Solyc05g012430.1	0.6867242679983838	0
Solyc03g122160.1	0.6867242679983838	0
Solyc04g016160.4	0.6867242679983838	0
Solyc07g007200.4	0.6867242679983838	0
Solyc09g009707.1	0.6867242679983838	0
Solyc06g075605.1	0.6867242679983838	0
Solyc06g071570.3	0.6867242679983838	0
Solyc10g085750.2	0.6867242679983838	0
Solyc01g060070.3	0.6867433610011986	0
Solyc01g150131.1	0.6867433610011986	0
Solyc02g067480.3	0.6867433610011986	0
Solyc00g500315.1	0.6867433610011986	0
Solyc02g014740.3	0.6867433610011986	0
Solyc02g062180.3	0.6867433610011986	0
Solyc01g005220.3	0.6867433610011986	0
Solyc01g067480.4	0.6867433610011986	0
Solyc02g069030.3	0.6867433610011986	0
Solyc03g019840.4	0.6867433610011986	0
Solyc02g084380.3	0.6867433610011986	0
Solyc04g009130.5	0.6867433610011986	0
Solyc03g119830.4	0.6867433610011986	0
Solyc05g009700.4	0.6867433610011986	0
Solyc05g052750.3	0.6867433610011986	0
Solyc05g005930.3	0.6867433610011986	0
Solyc05g052860.3	0.6867433610011986	0
Solyc03g078100.3	0.6867433610011986	0
Solyc04g026110.4	0.6867433610011986	0
Solyc05g012260.3	0.6867433610011986	0
Solyc03g112860.3	0.6867433610011986	0
Solyc03g121920.3	0.6867433610011986	0
Solyc03g082970.4	0.6867433610011986	0
Solyc07g040661.1	0.6867433610011986	0
Solyc06g072790.3	0.6867433610011986	0
Solyc06g060820.2	0.6867433610011986	0
Solyc07g006310.1	0.6867433610011986	0
Solyc06g083470.5	0.6867433610011986	0
Solyc09g009703.1	0.6867433610011986	0
Solyc07g054630.5	0.6867433610011986	0
Solyc08g082200.3	0.6867433610011986	0
Solyc07g045370.3	0.6867433610011986	0
Solyc08g013860.3	0.6867433610011986	0
Solyc08g014510.3	0.6867433610011986	0
Solyc08g083130.5	0.6867433610011986	0
Solyc09g057660.3	0.6867433610011986	0
Solyc09g091480.5	0.6867433610011986	0
Solyc12g005190.3	0.6867433610011986	0
Solyc09g092300.3	0.6867433610011986	0
Solyc10g079960.1	0.6867433610011986	0
Solyc10g005750.3	0.6867433610011986	0
Solyc09g082140.4	0.6867433610011986	0
Solyc12g088690.3	0.6867433610011986	0
Solyc11g005180.1	0.6867433610011986	0
Solyc11g018510.2	0.6867433610011986	0
Solyc11g005190.3	0.6867433610011986	0
Solyc11g018772.1	0.6867433610011986	0
Solyc11g045110.3	0.6867433610011986	0
Solyc09g098350.4	0.6867433610011986	0
Solyc09g098550.4	0.6867433610011986	0
Solyc11g045610.2	0.6867433610011986	0
Solyc10g007073.1	0.6867433610011986	0
Solyc12g007150.3	0.6867433610011986	0
Solyc10g007290.4	0.6867433610011986	0
Solyc12g056993.1	0.6867433610011986	0
Solyc11g069390.1	0.6867433610011986	0
Solyc11g069625.1	0.6867433610011986	0
Solyc12g042300.2	0.6867433610011986	0
Solyc11g069770.3	0.6867433610011986	0
Solyc12g098190.2	0.6867433610011986	0
Solyc11g070050.2	0.6867433610011986	0
Solyc08g068410.3	0.6867686432565452	0
Solyc07g020880.1	0.6868298722379803	0
Solyc00g500093.1	0.6869695687700021	0
Solyc12g056674.1	0.6891669083615837	0
Solyc01g010210.1	0.6891876884036126	0
Solyc04g080530.3	0.6914890361466716	0
Solyc01g110210.3	0.6916108861734196	0
Solyc07g039540.1	0.6916514708131072	0
Solyc08g007890.3	0.6918729995991345	0
Solyc07g008400.3	0.6928005066430465	0
Solyc01g017170.1	0.6928766535799813	0
Solyc06g031710.3	0.6936207212011425	0
Solyc09g072725.2	0.6936804113311528	0
Solyc02g038660.3	0.6937201853964582	0
Solyc09g061633.1	0.6937599439897004	0
Solyc03g006160.1	0.6941562548773176	0
Solyc02g066980.1	0.6941562548773176	0
Solyc01g102940.3	0.6941562548773176	0
Solyc02g005603.1	0.6941562548773176	0
Solyc01g090840.4	0.6941562548773176	0
Solyc03g006452.1	0.6941562548773176	0
Solyc02g084970.5	0.6941562548773176	0
Solyc02g084990.3	0.6941562548773176	0
Solyc02g014030.3	0.6941562548773176	0
Solyc02g093900.3	0.6941562548773176	0
Solyc01g009080.5	0.6941562548773176	0
Solyc01g108190.3	0.6941562548773176	0
Solyc01g103510.4	0.6941562548773176	0
Solyc01g108220.3	0.6941562548773176	0
Solyc01g097840.3	0.6941562548773176	0
Solyc01g108250.3	0.6941562548773176	0
Solyc01g091330.4	0.6941562548773176	0
Solyc01g080870.3	0.6941562548773176	0
Solyc02g089900.1	0.6941562548773176	0
Solyc03g006910.3	0.6941562548773176	0
Solyc02g075620.5	0.6941562548773176	0
Solyc01g066520.3	0.6941562548773176	0
Solyc01g108517.1	0.6941562548773176	0
Solyc02g081140.3	0.6941562548773176	0
Solyc01g081300.5	0.6941562548773176	0
Solyc01g160330.1	0.6941562548773176	0
Solyc01g104320.4	0.6941562548773176	0
Solyc02g081400.3	0.6941562548773176	0
Solyc02g068290.2	0.6941562548773176	0
Solyc01g009860.3	0.6941562548773176	0
Solyc01g104470.3	0.6941562548773176	0
Solyc02g086050.3	0.6941562548773176	0
Solyc01g034150.5	0.6941562548773176	0
Solyc01g098780.3	0.6941562548773176	0
Solyc02g150140.2	0.6941562548773176	0
Solyc01g094170.3	0.6941562548773176	0
Solyc02g090740.3	0.6941562548773176	0
Solyc02g090750.5	0.6941562548773176	0
Solyc01g109220.4	0.6941562548773176	0
Solyc02g091020.3	0.6941562548773176	0
Solyc02g069055.1	0.6941562548773176	0
Solyc00g500026.1	0.6941562548773176	0
Solyc01g105150.4	0.6941562548773176	0
Solyc02g069150.3	0.6941562548773176	0
Solyc01g099590.5	0.6941562548773176	0
Solyc02g063085.1	0.6941562548773176	0
Solyc01g087350.3	0.6941562548773176	0
Solyc01g056720.4	0.6941562548773176	0
Solyc02g091490.4	0.6941562548773176	0
Solyc02g077890.4	0.6941562548773176	0
Solyc02g069400.3	0.6941562548773176	0
Solyc01g095100.4	0.6941562548773176	0
Solyc02g031710.3	0.6941562548773176	0
Solyc01g087590.3	0.6941562548773176	0
Solyc00g500072.1	0.6941562548773176	0
Solyc01g056990.3	0.6941562548773176	0
Solyc02g063370.2	0.6941562548773176	0
Solyc01g005980.4	0.6941562548773176	0
Solyc02g082810.3	0.6941562548773176	0
Solyc01g110160.5	0.6941562548773176	0
Solyc01g068400.3	0.6941562548773176	0
Solyc02g064720.3	0.6941562548773176	0
Solyc01g100240.3	0.6941562548773176	0
Solyc02g069850.3	0.6941562548773176	0
Solyc02g032330.3	0.6941562548773176	0
Solyc01g006390.2	0.6941562548773176	0
Solyc02g092150.3	0.6941562548773176	0
Solyc02g070010.1	0.6941562548773176	0
Solyc01g110580.2	0.6941562548773176	0
Solyc01g088150.3	0.6941562548773176	0
Solyc02g078780.3	0.6941562548773176	0
Solyc02g083170.3	0.6941562548773176	0
Solyc03g005080.4	0.6941562548773176	0
Solyc01g058100.2	0.6941562548773176	0
Solyc00g500137.1	0.6941562548773176	0
Solyc02g083270.4	0.6941562548773176	0
Solyc02g092390.3	0.6941562548773176	0
Solyc02g087950.3	0.6941562548773176	0
Solyc02g087960.3	0.6941562548773176	0
Solyc02g070470.1	0.6941562548773176	0
Solyc02g083420.3	0.6941562548773176	0
Solyc03g025710.3	0.6941562548773176	0
Solyc03g005390.3	0.6941562548773176	0
Solyc02g070700.3	0.6941562548773176	0
Solyc03g025860.3	0.6941562548773176	0
Solyc01g111340.4	0.6941562548773176	0
Solyc03g025900.3	0.6941562548773176	0
Solyc01g079240.3	0.6941562548773176	0
Solyc03g005570.3	0.6941562548773176	0
Solyc01g101240.5	0.6941562548773176	0
Solyc01g007220.5	0.6941562548773176	0
Solyc00g500207.1	0.6941562548773176	0
Solyc03g058970.4	0.6941562548773176	0
Solyc01g111580.3	0.6941562548773176	0
Solyc03g083450.1	0.6941562548773176	0
Solyc03g026150.3	0.6941562548773176	0
Solyc01g079500.5	0.6941562548773176	0
Solyc01g102460.4	0.6941562548773176	0
Solyc03g005920.4	0.6941562548773176	0
Solyc01g111690.3	0.6941562548773176	0
Solyc01g079570.3	0.6941562548773176	0
Solyc01g111710.5	0.6941562548773176	0
Solyc02g088620.3	0.6941562548773176	0
Solyc03g026330.5	0.6941562548773176	0
Solyc02g093050.3	0.6941562548773176	0
Solyc01g007990.4	0.6941562548773176	0
Solyc02g093195.1	0.6941562548773176	0
Solyc03g114950.2	0.6941562548773176	0
Solyc01g097160.3	0.6941562548773176	0
Solyc04g008750.3	0.6941562548773176	0
Solyc01g097190.4	0.6941562548773176	0
Solyc03g033280.1	0.6941562548773176	0
Solyc02g088953.1	0.6941562548773176	0
Solyc03g033330.3	0.6941562548773176	0
Solyc02g093410.4	0.6941562548773176	0
Solyc04g077230.1	0.6941562548773176	0
Solyc04g008990.3	0.6941562548773176	0
Solyc03g110980.4	0.6941562548773176	0
Solyc03g119810.1	0.6941562548773176	0
Solyc04g081880.4	0.6941562548773176	0
Solyc05g015250.2	0.6941562548773176	0
Solyc04g081970.3	0.6941562548773176	0
Solyc05g150104.2	0.6941562548773176	0
Solyc03g063600.4	0.6941562548773176	0
Solyc05g009860.3	0.6941562548773176	0
Solyc05g009915.1	0.6941562548773176	0
Solyc04g051400.2	0.6941562548773176	0
Solyc04g009580.3	0.6941562548773176	0
Solyc04g009620.5	0.6941562548773176	0
Solyc04g071550.2	0.6941562548773176	0
Solyc04g071560.5	0.6941562548773176	0
Solyc05g015800.3	0.6941562548773176	0
Solyc04g009770.3	0.6941562548773176	0
Solyc04g071870.1	0.6941562548773176	0
Solyc04g005170.1	0.6941562548773176	0
Solyc03g116330.3	0.6941562548773176	0
Solyc04g010060.2	0.6941562548773176	0
Solyc04g072020.3	0.6941562548773176	0
Solyc04g010220.3	0.6941562548773176	0
Solyc03g120810.4	0.6941562548773176	0
Solyc06g008280.2	0.6941562548773176	0
Solyc04g083150.2	0.6941562548773176	0
Solyc03g116590.3	0.6941562548773176	0
Solyc06g008350.3	0.6941562548773176	0
Solyc05g053010.1	0.6941562548773176	0
Solyc04g053145.1	0.6941562548773176	0
Solyc05g012080.3	0.6941562548773176	0
Solyc03g078290.3	0.6941562548773176	0
Solyc04g011550.2	0.6941562548773176	0
Solyc05g046270.3	0.6941562548773176	0
Solyc03g117040.3	0.6941562548773176	0
Solyc03g112720.4	0.6941562548773176	0
Solyc04g054760.3	0.6941562548773176	0
Solyc03g079910.3	0.6941562548773176	0
Solyc03g080020.4	0.6941562548773176	0
Solyc03g096350.3	0.6941562548773176	0
Solyc04g012120.3	0.6941562548773176	0
Solyc05g006830.3	0.6941562548773176	0
Solyc05g053880.4	0.6941562548773176	0
Solyc03g121680.3	0.6941562548773176	0
Solyc03g080190.3	0.6941562548773176	0
Solyc05g012850.3	0.6941562548773176	0
Solyc04g014320.1	0.6941562548773176	0
Solyc03g081330.1	0.6941562548773176	0
Solyc04g074167.1	0.6941562548773176	0
Solyc04g055200.3	0.6941562548773176	0
Solyc04g079740.3	0.6941562548773176	0
Solyc04g007700.3	0.6941562548773176	0
Solyc06g009650.3	0.6941562548773176	0
Solyc05g013180.4	0.6941562548773176	0
Solyc04g079930.3	0.6941562548773176	0
Solyc03g082570.5	0.6941562548773176	0
Solyc03g122090.3	0.6941562548773176	0
Solyc04g074500.3	0.6941562548773176	0
Solyc05g050280.3	0.6941562548773176	0
Solyc05g023770.5	0.6941562548773176	0
Solyc03g122190.3	0.6941562548773176	0
Solyc04g074640.5	0.6941562548773176	0
Solyc05g054590.4	0.6941562548773176	0
Solyc04g074700.4	0.6941562548773176	0
Solyc05g007470.4	0.6941562548773176	0
Solyc06g005060.3	0.6941562548773176	0
Solyc04g015100.3	0.6941562548773176	0
Solyc04g049450.3	0.6941562548773176	0
Solyc03g123610.4	0.6941562548773176	0
Solyc03g123630.4	0.6941562548773176	0
Solyc03g058340.3	0.6941562548773176	0
Solyc05g007930.3	0.6941562548773176	0
Solyc04g080460.3	0.6941562548773176	0
Solyc05g007980.4	0.6941562548773176	0
Solyc04g049790.3	0.6941562548773176	0
Solyc03g118490.4	0.6941562548773176	0
Solyc04g076270.1	0.6941562548773176	0
Solyc06g053910.4	0.6941562548773176	0
Solyc05g025890.3	0.6941562548773176	0
Solyc06g005860.3	0.6941562548773176	0
Solyc05g051200.1	0.6941562548773176	0
Solyc04g081000.3	0.6941562548773176	0
Solyc06g036130.4	0.6941562548773176	0
Solyc03g114580.4	0.6941562548773176	0
Solyc05g026540.3	0.6941562548773176	0
Solyc05g055640.4	0.6941562548773176	0
Solyc06g054390.3	0.6941562548773176	0
Solyc05g014400.4	0.6941562548773176	0
Solyc05g051750.3	0.6941562548773176	0
Solyc08g005800.4	0.6941562548773176	0
Solyc08g016720.1	0.6941562548773176	0
Solyc07g056280.3	0.6941562548773176	0
Solyc07g056370.3	0.6941562548773176	0
Solyc07g014600.2	0.6941562548773176	0
Solyc06g034160.3	0.6941562548773176	0
Solyc07g051820.3	0.6941562548773176	0
Solyc06g043060.1	0.6941562548773176	0
Solyc07g056430.3	0.6941562548773176	0
Solyc05g056250.3	0.6941562548773176	0
Solyc05g056260.3	0.6941562548773176	0
Solyc07g056470.3	0.6941562548773176	0
Solyc08g079260.3	0.6941562548773176	0
Solyc08g006155.2	0.6941562548773176	0
Solyc07g056500.4	0.6941562548773176	0
Solyc06g066470.4	0.6941562548773176	0
Solyc07g066210.3	0.6941562548773176	0
Solyc08g079570.3	0.6941562548773176	0
Solyc07g041080.3	0.6941562548773176	0
Solyc07g066260.3	0.6941562548773176	0
Solyc08g079620.3	0.6941562548773176	0
Solyc07g005880.3	0.6941562548773176	0
Solyc08g079700.3	0.6941562548773176	0
Solyc06g048730.3	0.6941562548773176	0
Solyc07g061990.3	0.6941562548773176	0
Solyc06g082950.5	0.6941562548773176	0
Solyc06g060770.3	0.6941562548773176	0
Solyc08g006620.3	0.6941562548773176	0
Solyc07g150102.1	0.6941562548773176	0
Solyc06g068120.4	0.6941562548773176	0
Solyc07g017860.3	0.6941562548773176	0
Solyc09g059600.4	0.6941562548773176	0
Solyc06g073690.2	0.6941562548773176	0
Solyc08g075780.5	0.6941562548773176	0
Solyc06g068400.3	0.6941562548773176	0
Solyc07g006710.3	0.6941562548773176	0
Solyc07g018270.3	0.6941562548773176	0
Solyc07g018300.3	0.6941562548773176	0
Solyc08g007170.1	0.6941562548773176	0
Solyc08g036640.3	0.6941562548773176	0
Solyc06g074190.3	0.6941562548773176	0
Solyc06g050730.4	0.6941562548773176	0
Solyc07g007050.1	0.6941562548773176	0
Solyc08g007240.4	0.6941562548773176	0
Solyc06g050800.5	0.6941562548773176	0
Solyc08g041860.1	0.6941562548773176	0
Solyc06g050980.3	0.6941562548773176	0
Solyc08g080940.3	0.6941562548773176	0
Solyc09g005020.1	0.6941562548773176	0
Solyc08g044260.4	0.6941562548773176	0
Solyc06g074620.3	0.6941562548773176	0
Solyc09g061715.1	0.6941562548773176	0
Solyc08g007690.1	0.6941562548773176	0
Solyc09g009880.3	0.6941562548773176	0
Solyc06g051400.3	0.6941562548773176	0
Solyc08g007730.2	0.6941562548773176	0
Solyc07g007610.2	0.6941562548773176	0
Solyc08g007830.1	0.6941562548773176	0
Solyc06g084400.3	0.6941562548773176	0
Solyc08g067280.1	0.6941562548773176	0
Solyc06g063240.3	0.6941562548773176	0
Solyc07g007850.2	0.6941562548773176	0
Solyc09g005550.3	0.6941562548773176	0
Solyc08g076990.3	0.6941562548773176	0
Solyc08g067430.5	0.6941562548773176	0
Solyc08g077020.1	0.6941562548773176	0
Solyc06g075150.3	0.6941562548773176	0
Solyc06g051840.1	0.6941562548773176	0
Solyc08g067480.5	0.6941562548773176	0
Solyc06g064470.5	0.6941562548773176	0
Solyc09g010350.5	0.6941562548773176	0
Solyc07g063550.3	0.6941562548773176	0
Solyc07g045090.3	0.6941562548773176	0
Solyc08g067795.2	0.6941562548773176	0
Solyc06g064830.3	0.6941562548773176	0
Solyc07g063930.4	0.6941562548773176	0
Solyc09g010670.4	0.6941562548773176	0
Solyc07g008460.3	0.6941562548773176	0
Solyc08g061380.1	0.6941562548773176	0
Solyc07g045460.3	0.6941562548773176	0
Solyc08g068340.3	0.6941562548773176	0
Solyc07g064320.3	0.6941562548773176	0
Solyc06g071250.4	0.6941562548773176	0
Solyc09g065330.3	0.6941562548773176	0
Solyc07g032170.3	0.6941562548773176	0
Solyc08g061970.3	0.6941562548773176	0
Solyc08g082695.2	0.6941562548773176	0
Solyc09g055840.1	0.6941562548773176	0
Solyc08g068700.1	0.6941562548773176	0
Solyc09g074090.3	0.6941562548773176	0
Solyc07g055340.4	0.6941562548773176	0
Solyc08g062210.3	0.6941562548773176	0
Solyc06g071550.3	0.6941562548773176	0
Solyc10g008130.3	0.6941562548773176	0
Solyc09g011370.3	0.6941562548773176	0
Solyc08g014440.4	0.6941562548773176	0
Solyc09g074310.3	0.6941562548773176	0
Solyc08g083050.1	0.6941562548773176	0
Solyc09g074360.4	0.6941562548773176	0
Solyc08g083230.3	0.6941562548773176	0
Solyc09g074430.5	0.6941562548773176	0
Solyc09g008100.4	0.6941562548773176	0
Solyc07g049280.3	0.6941562548773176	0
Solyc09g074670.4	0.6941562548773176	0
Solyc11g007540.2	0.6941562548773176	0
Solyc10g054330.3	0.6941562548773176	0
Solyc09g074910.1	0.6941562548773176	0
Solyc08g078900.1	0.6941562548773176	0
Solyc10g084590.2	0.6941562548773176	0
Solyc10g084760.3	0.6941562548773176	0
Solyc10g009320.3	0.6941562548773176	0
Solyc09g091650.3	0.6941562548773176	0
Solyc09g075400.4	0.6941562548773176	0
Solyc10g009420.3	0.6941562548773176	0
Solyc11g065700.2	0.6941562548773176	0
Solyc10g085100.2	0.6941562548773176	0
Solyc12g010690.2	0.6941562548773176	0
Solyc11g072290.3	0.6941562548773176	0
Solyc12g088070.2	0.6941562548773176	0
Solyc12g005470.2	0.6941562548773176	0
Solyc12g099260.2	0.6941562548773176	0
Solyc09g092070.5	0.6941562548773176	0
Solyc12g044320.2	0.6941562548773176	0
Solyc12g088190.2	0.6941562548773176	0
Solyc12g044340.3	0.6941562548773176	0
Solyc10g085310.1	0.6941562548773176	0
Solyc09g075890.3	0.6941562548773176	0
Solyc10g047240.2	0.6941562548773176	0
Solyc10g011910.5	0.6941562548773176	0
Solyc12g011020.2	0.6941562548773176	0
Solyc12g044620.2	0.6941562548773176	0
Solyc11g042920.3	0.6941562548773176	0
Solyc10g085480.2	0.6941562548773176	0
Solyc11g066250.2	0.6941562548773176	0
Solyc12g005770.3	0.6941562548773176	0
Solyc11g017340.1	0.6941562548773176	0
Solyc10g012160.3	0.6941562548773176	0
Solyc10g080020.3	0.6941562548773176	0
Solyc10g085610.2	0.6941562548773176	0
Solyc11g017440.3	0.6941562548773176	0
Solyc10g061955.1	0.6941562548773176	0
Solyc12g005860.2	0.6941562548773176	0
Solyc09g082180.3	0.6941562548773176	0
Solyc12g044910.2	0.6941562548773176	0
Solyc12g099800.2	0.6941562548773176	0
Solyc10g062200.2	0.6941562548773176	0
Solyc12g006050.2	0.6941562548773176	0
Solyc09g082490.4	0.6941562548773176	0
Solyc12g036160.3	0.6941562548773176	0
Solyc11g019910.2	0.6941562548773176	0
Solyc12g100160.3	0.6941562548773176	0
Solyc09g082660.3	0.6941562548773176	0
Solyc12g036300.3	0.6941562548773176	0
Solyc11g005770.2	0.6941562548773176	0
Solyc11g010490.3	0.6941562548773176	0
Solyc12g089310.2	0.6941562548773176	0
Solyc12g150113.1	0.6941562548773176	0
Solyc10g086470.2	0.6941562548773176	0
Solyc12g014380.3	0.6941562548773176	0
Solyc10g081060.2	0.6941562548773176	0
Solyc09g098560.3	0.6941562548773176	0
Solyc09g083190.3	0.6941562548773176	0
Solyc12g014490.3	0.6941562548773176	0
Solyc11g011080.3	0.6941562548773176	0
Solyc12g056190.2	0.6941562548773176	0
Solyc10g076530.2	0.6941562548773176	0
Solyc11g068790.2	0.6941562548773176	0
Solyc12g008380.1	0.6941562548773176	0
Solyc10g007390.3	0.6941562548773176	0
Solyc10g024360.2	0.6941562548773176	0
Solyc12g008490.2	0.6941562548773176	0
Solyc12g039120.2	0.6941562548773176	0
Solyc11g006900.1	0.6941562548773176	0
Solyc10g007590.4	0.6941562548773176	0
Solyc11g011880.2	0.6941562548773176	0
Solyc11g028100.2	0.6941562548773176	0
Solyc11g007170.2	0.6941562548773176	0
Solyc11g069250.2	0.6941562548773176	0
Solyc12g057000.1	0.6941562548773176	0
Solyc10g083210.2	0.6941562548773176	0
Solyc10g083220.4	0.6941562548773176	0
Solyc10g083230.1	0.6941562548773176	0
Solyc11g007430.3	0.6941562548773176	0
Solyc12g019010.2	0.6941562548773176	0
Solyc12g009200.2	0.6941562548773176	0
Solyc12g042180.1	0.6941562548773176	0
Solyc11g064830.2	0.6941562548773176	0
Solyc11g069830.2	0.6941562548773176	0
Solyc11g012690.3	0.6941562548773176	0
Solyc11g071220.2	0.6941562548773176	0
Solyc12g098530.2	0.6941562548773176	0
Solyc12g098590.3	0.6941562548773176	0
Solyc12g099025.1	0.6941562548773176	0
Solyc01g098680.2	0.69547461340893	0
Solyc10g050777.1	0.695494155335424	0
Solyc06g074150.3	0.69592114369047	0
Solyc02g072423.1	0.6960533917285932	0
Solyc04g077910.1	0.6960533917285932	0
Solyc05g012240.3	0.6960751755340076	0
Solyc05g161340.1	0.6963270434100157	0
Solyc12g010810.1	0.6963270434100157	0
Solyc01g016970.2	0.6973405816468907	0
Solyc01g090980.1	0.6973405816468907	0
Solyc01g066070.3	0.6973405816468907	0
Solyc00g500013.1	0.6973405816468907	0
Solyc01g067950.1	0.6973405816468907	0
Solyc03g025120.1	0.6973405816468907	0
Solyc01g057740.3	0.6973405816468907	0
Solyc01g006760.3	0.6973405816468907	0
Solyc00g500161.1	0.6973405816468907	0
Solyc03g160490.1	0.6973405816468907	0
Solyc04g050685.1	0.6973405816468907	0
Solyc05g015180.3	0.6973405816468907	0
Solyc04g051095.1	0.6973405816468907	0
Solyc05g015532.1	0.6973405816468907	0
Solyc05g160700.1	0.6973405816468907	0
Solyc03g045000.1	0.6973405816468907	0
Solyc04g015660.3	0.6973405816468907	0
Solyc04g015935.1	0.6973405816468907	0
Solyc06g161140.1	0.6973405816468907	0
Solyc07g009530.1	0.6973405816468907	0
Solyc07g049780.3	0.6973405816468907	0
Solyc09g059150.1	0.6973405816468907	0
Solyc07g041555.1	0.6973405816468907	0
Solyc07g160540.1	0.6973405816468907	0
Solyc09g061950.1	0.6973405816468907	0
Solyc09g161130.1	0.6973405816468907	0
Solyc11g065540.1	0.6973405816468907	0
Solyc09g082590.4	0.6973405816468907	0
Solyc11g010400.3	0.6973405816468907	0
Solyc10g018207.1	0.6973405816468907	0
Solyc09g083163.1	0.6973405816468907	0
Solyc09g098601.1	0.6973405816468907	0
Solyc11g051030.1	0.6973405816468907	0
Solyc11g062110.1	0.6973405816468907	0
Solyc12g009850.1	0.6973405816468907	0
Solyc10g050460.1	0.6991255618443702	0
Solyc10g078610.1	0.699253307042397	0
Solyc08g005330.2	0.6993473930101338	0
Solyc08g008457.1	0.6993850027059241	0
Solyc01g006993.2	0.6996276947560633	0
Solyc04g160370.1	0.6997327763594274	0
Solyc02g062590.3	0.7008223405836731	0
Solyc01g044365.1	0.7008964458564653	0
Solyc09g055320.1	0.7008964458564653	0
Solyc06g150124.2	0.7013767929204167	0
Solyc08g080630.4	0.7017814397039437	0
Solyc03g005213.1	0.7017997937158594	0
Solyc04g016040.1	0.7017997937158594	0
Solyc06g069340.1	0.7020014646634666	0
Solyc09g010080.4	0.7021478779694452	0
Solyc10g009590.5	0.7022210038207973	0
Solyc09g090080.1	0.7022392768779667	0
Solyc02g091835.1	0.7022575465749274	0
Solyc06g072780.2	0.7022758129127084	0
Solyc01g049820.2	0.7023305917812508	0
Solyc12g009730.3	0.7023305917812508	0
Solyc02g093380.1	0.7023488446925892	0
Solyc03g111540.2	0.7023488446925892	0
Solyc11g011677.1	0.7023488446925892	0
Solyc11g062250.2	0.7023488446925892	0
Solyc02g080240.3	0.7023670942498842	0
Solyc03g019830.5	0.7023853404541618	0
Solyc04g082860.3	0.7023853404541618	0
Solyc04g076650.2	0.7023853404541618	0
Solyc10g083700.5	0.7023853404541618	0
Solyc01g150101.2	0.7024035833064476	0
Solyc00g500356.1	0.7024035833064476	0
Solyc02g090940.4	0.7024035833064476	0
Solyc00g500052.1	0.7024035833064476	0
Solyc02g078380.3	0.7024035833064476	0
Solyc03g033790.4	0.7024035833064476	0
Solyc04g019313.1	0.7024035833064476	0
Solyc03g120570.3	0.7024035833064476	0
Solyc04g079150.1	0.7024035833064476	0
Solyc03g079880.4	0.7024035833064476	0
Solyc04g007670.1	0.7024035833064476	0
Solyc03g123510.3	0.7024035833064476	0
Solyc06g076710.3	0.7024035833064476	0
Solyc08g076850.3	0.7024035833064476	0
Solyc06g064880.3	0.7024035833064476	0
Solyc06g076290.1	0.7024035833064476	0
Solyc07g055940.3	0.7024035833064476	0
Solyc10g006120.2	0.7024035833064476	0
Solyc10g076280.3	0.7024035833064476	0
Solyc02g021230.4	0.7024218228077665	0
Solyc02g090990.1	0.7024218228077665	0
Solyc02g082560.1	0.7024218228077665	0
Solyc01g105560.3	0.7024218228077665	0
Solyc02g032660.3	0.7024218228077665	0
Solyc01g100740.4	0.7024218228077665	0
Solyc05g053790.1	0.7024218228077665	0
Solyc03g113090.3	0.7024218228077665	0
Solyc06g076620.3	0.7024218228077665	0
Solyc06g054240.3	0.7024218228077665	0
Solyc07g052100.4	0.7024218228077665	0
Solyc07g052913.1	0.7024218228077665	0
Solyc07g053310.3	0.7024218228077665	0
Solyc07g054130.2	0.7024218228077665	0
Solyc09g007420.5	0.7024218228077665	0
Solyc09g074680.3	0.7024218228077665	0
Solyc11g013090.2	0.7024218228077665	0
Solyc12g089130.2	0.7024218228077665	0
Solyc12g056270.2	0.7024218228077665	0
Solyc11g069093.1	0.7024218228077665	0
Solyc02g078100.3	0.7028145149517302	0
Solyc05g005820.5	0.7028755935359592	0
Solyc10g150142.1	0.70289594470505	0
Solyc02g032050.1	0.7029162916970285	0
Solyc03g053040.1	0.7029162916970285	0
Solyc07g064730.2	0.7040849401636633	0
Solyc09g008980.2	0.704188186233316	0
Solyc07g025120.1	0.7043686073581541	0
Solyc09g098606.1	0.7043686073581541	0
Solyc01g016665.1	0.7045201012320468	0
Solyc05g005440.3	0.7046227410960153	0
Solyc04g015260.1	0.7046227410960153	0
Solyc04g083000.1	0.705605582724006	0
Solyc06g082250.1	0.705605582724006	0
Solyc11g027920.2	0.7056253786340034	0
Solyc08g074990.3	0.705645170554903	0
Solyc12g098730.3	0.7066195134346025	0
Solyc07g042105.1	0.7066484006773288	0
Solyc08g076110.2	0.7066772793966466	0
Solyc10g161120.1	0.7066772793966466	0
Solyc12g089070.1	0.7066772793966466	0
Solyc03g114033.1	0.7067061495967426	0
Solyc07g009265.1	0.7067061495967426	0
Solyc09g010260.4	0.7067061495967426	0
Solyc12g008920.4	0.7076044448364582	0
Solyc03g098100.4	0.707894977695644	0
Solyc11g008410.3	0.7091038953745878	0
Solyc05g012860.3	0.7091470125152433	0
Solyc01g008475.1	0.7093881150142263	0
Solyc01g008479.1	0.7093881150142263	0
Solyc01g017060.3	0.7093881150142263	0
Solyc00g014290.1	0.7093881150142263	0
Solyc01g017250.1	0.7093881150142263	0
Solyc01g060286.2	0.7093881150142263	0
Solyc01g060314.2	0.7093881150142263	0
Solyc01g090820.2	0.7093881150142263	0
Solyc00g015600.1	0.7093881150142263	0
Solyc01g150100.1	0.7093881150142263	0
Solyc01g017420.1	0.7093881150142263	0
Solyc01g017440.1	0.7093881150142263	0
Solyc01g150106.1	0.7093881150142263	0
Solyc02g012010.3	0.7093881150142263	0
Solyc01g150107.1	0.7093881150142263	0
Solyc02g012020.3	0.7093881150142263	0
Solyc01g097580.1	0.7093881150142263	0
Solyc01g150124.1	0.7093881150142263	0
Solyc01g150127.1	0.7093881150142263	0
Solyc01g150128.1	0.7093881150142263	0
Solyc00g500307.1	0.7093881150142263	0
Solyc01g150137.1	0.7093881150142263	0
Solyc01g017970.1	0.7093881150142263	0
Solyc00g036968.2	0.7093881150142263	0
Solyc01g065900.3	0.7093881150142263	0
Solyc02g049090.1	0.7093881150142263	0
Solyc02g080710.2	0.7093881150142263	0
Solyc03g006714.1	0.7093881150142263	0
Solyc02g049100.1	0.7093881150142263	0
Solyc03g006716.1	0.7093881150142263	0
Solyc00g090430.3	0.7093881150142263	0
Solyc02g014543.1	0.7093881150142263	0
Solyc02g050265.1	0.7093881150142263	0
Solyc02g072350.1	0.7093881150142263	0
Solyc01g066235.1	0.7093881150142263	0
Solyc01g066280.1	0.7093881150142263	0
Solyc00g134620.3	0.7093881150142263	0
Solyc01g103830.1	0.7093881150142263	0
Solyc01g103840.1	0.7093881150142263	0
Solyc01g009360.1	0.7093881150142263	0
Solyc01g066320.1	0.7093881150142263	0
Solyc02g055505.2	0.7093881150142263	0
Solyc01g066330.1	0.7093881150142263	0
Solyc02g014700.1	0.7093881150142263	0
Solyc01g020350.1	0.7093881150142263	0
Solyc00g160050.1	0.7093881150142263	0
Solyc03g006940.3	0.7093881150142263	0
Solyc00g160080.1	0.7093881150142263	0
Solyc01g020480.1	0.7093881150142263	0
Solyc01g160010.1	0.7093881150142263	0
Solyc01g009510.2	0.7093881150142263	0
Solyc01g160020.1	0.7093881150142263	0
Solyc01g081140.1	0.7093881150142263	0
Solyc02g014872.1	0.7093881150142263	0
Solyc02g061665.1	0.7093881150142263	0
Solyc01g098270.1	0.7093881150142263	0
Solyc01g160070.1	0.7093881150142263	0
Solyc01g098290.1	0.7093881150142263	0
Solyc01g098300.1	0.7093881150142263	0
Solyc01g009640.4	0.7093881150142263	0
Solyc02g020960.3	0.7093881150142263	0
Solyc00g160260.1	0.7093881150142263	0
Solyc01g160200.1	0.7093881150142263	0
Solyc01g160210.1	0.7093881150142263	0
Solyc01g160230.1	0.7093881150142263	0
Solyc02g150105.2	0.7093881150142263	0
Solyc00g500376.1	0.7093881150142263	0
Solyc01g009730.4	0.7093881150142263	0
Solyc01g009735.1	0.7093881150142263	0
Solyc00g160320.1	0.7093881150142263	0
Solyc00g500383.1	0.7093881150142263	0
Solyc00g500386.1	0.7093881150142263	0
Solyc01g160350.1	0.7093881150142263	0
Solyc02g150115.2	0.7093881150142263	0
Solyc00g500391.1	0.7093881150142263	0
Solyc01g066895.1	0.7093881150142263	0
Solyc01g066970.2	0.7093881150142263	0
Solyc00g160440.1	0.7093881150142263	0
Solyc01g009880.2	0.7093881150142263	0
Solyc02g021235.1	0.7093881150142263	0
Solyc01g034023.2	0.7093881150142263	0
Solyc00g160480.1	0.7093881150142263	0
Solyc01g160550.1	0.7093881150142263	0
Solyc00g160540.1	0.7093881150142263	0
Solyc01g160580.1	0.7093881150142263	0
Solyc01g160600.1	0.7093881150142263	0
Solyc01g034160.2	0.7093881150142263	0
Solyc01g067150.1	0.7093881150142263	0
Solyc01g004006.1	0.7093881150142263	0
Solyc01g010140.1	0.7093881150142263	0
Solyc01g109000.1	0.7093881150142263	0
Solyc00g160610.1	0.7093881150142263	0
Solyc01g038232.1	0.7093881150142263	0
Solyc01g094160.1	0.7093881150142263	0
Solyc01g160750.1	0.7093881150142263	0
Solyc00g160730.1	0.7093881150142263	0
Solyc02g021630.1	0.7093881150142263	0
Solyc01g160920.1	0.7093881150142263	0
Solyc01g010400.1	0.7093881150142263	0
Solyc01g044520.2	0.7093881150142263	0
Solyc02g160040.1	0.7093881150142263	0
Solyc02g021670.2	0.7093881150142263	0
Solyc01g067410.3	0.7093881150142263	0
Solyc01g161040.1	0.7093881150142263	0
Solyc01g161080.1	0.7093881150142263	0
Solyc01g104820.4	0.7093881150142263	0
Solyc01g161150.1	0.7093881150142263	0
Solyc01g161170.1	0.7093881150142263	0
Solyc02g160150.1	0.7093881150142263	0
Solyc02g160160.1	0.7093881150142263	0
Solyc01g010550.1	0.7093881150142263	0
Solyc00g304030.3	0.7093881150142263	0
Solyc02g068960.1	0.7093881150142263	0
Solyc01g010670.3	0.7093881150142263	0
Solyc00g500008.1	0.7093881150142263	0
Solyc01g010740.5	0.7093881150142263	0
Solyc00g500016.1	0.7093881150142263	0
Solyc01g161470.1	0.7093881150142263	0
Solyc01g087075.1	0.7093881150142263	0
Solyc02g160460.1	0.7093881150142263	0
Solyc01g161550.1	0.7093881150142263	0
Solyc03g013300.1	0.7093881150142263	0
Solyc02g062850.4	0.7093881150142263	0
Solyc01g161570.1	0.7093881150142263	0
Solyc01g067850.2	0.7093881150142263	0
Solyc01g067860.3	0.7093881150142263	0
Solyc02g062880.1	0.7093881150142263	0
Solyc01g011020.2	0.7093881150142263	0
Solyc01g056470.1	0.7093881150142263	0
Solyc02g030310.1	0.7093881150142263	0
Solyc01g161650.1	0.7093881150142263	0
Solyc01g011060.1	0.7093881150142263	0
Solyc01g067945.2	0.7093881150142263	0
Solyc01g161670.1	0.7093881150142263	0
Solyc02g030375.1	0.7093881150142263	0
Solyc01g161680.1	0.7093881150142263	0
Solyc01g011110.1	0.7093881150142263	0
Solyc02g069200.3	0.7093881150142263	0
Solyc01g068010.2	0.7093881150142263	0
Solyc02g160660.1	0.7093881150142263	0
Solyc02g063080.1	0.7093881150142263	0
Solyc01g005660.3	0.7093881150142263	0
Solyc02g160670.1	0.7093881150142263	0
Solyc01g161780.1	0.7093881150142263	0
Solyc01g011310.3	0.7093881150142263	0
Solyc01g161800.1	0.7093881150142263	0
Solyc01g011330.3	0.7093881150142263	0
Solyc01g161810.1	0.7093881150142263	0
Solyc02g160740.1	0.7093881150142263	0
Solyc01g161820.1	0.7093881150142263	0
Solyc02g160770.1	0.7093881150142263	0
Solyc03g019690.1	0.7093881150142263	0
Solyc01g161840.1	0.7093881150142263	0
Solyc01g011413.1	0.7093881150142263	0
Solyc01g161860.1	0.7093881150142263	0
Solyc02g160800.1	0.7093881150142263	0
Solyc02g030610.4	0.7093881150142263	0
Solyc01g161920.1	0.7093881150142263	0
Solyc02g030630.3	0.7093881150142263	0
Solyc02g160880.1	0.7093881150142263	0
Solyc02g030637.2	0.7093881150142263	0
Solyc01g161970.1	0.7093881150142263	0
Solyc02g031680.1	0.7093881150142263	0
Solyc01g011530.1	0.7093881150142263	0
Solyc02g161000.1	0.7093881150142263	0
Solyc01g056970.1	0.7093881150142263	0
Solyc01g012590.1	0.7093881150142263	0
Solyc02g161010.1	0.7093881150142263	0
Solyc01g162070.1	0.7093881150142263	0
Solyc02g161040.1	0.7093881150142263	0
Solyc01g162090.1	0.7093881150142263	0
Solyc01g057060.1	0.7093881150142263	0
Solyc02g161110.1	0.7093881150142263	0
Solyc02g161120.1	0.7093881150142263	0
Solyc02g161180.1	0.7093881150142263	0
Solyc01g013887.1	0.7093881150142263	0
Solyc01g110090.1	0.7093881150142263	0
Solyc01g162210.1	0.7093881150142263	0
Solyc02g032000.1	0.7093881150142263	0
Solyc01g162260.1	0.7093881150142263	0
Solyc02g161280.1	0.7093881150142263	0
Solyc01g057250.2	0.7093881150142263	0
Solyc00g500089.1	0.7093881150142263	0
Solyc01g100095.2	0.7093881150142263	0
Solyc01g014010.1	0.7093881150142263	0
Solyc02g032140.4	0.7093881150142263	0
Solyc01g057350.1	0.7093881150142263	0
Solyc00g500097.1	0.7093881150142263	0
Solyc01g068435.1	0.7093881150142263	0
Solyc01g162420.1	0.7093881150142263	0
Solyc01g068440.2	0.7093881150142263	0
Solyc02g064660.1	0.7093881150142263	0
Solyc01g014210.1	0.7093881150142263	0
Solyc01g162470.1	0.7093881150142263	0
Solyc02g161440.1	0.7093881150142263	0
Solyc02g032235.2	0.7093881150142263	0
Solyc02g087485.1	0.7093881150142263	0
Solyc02g032240.1	0.7093881150142263	0
Solyc01g162510.1	0.7093881150142263	0
Solyc02g032270.1	0.7093881150142263	0
Solyc02g161470.1	0.7093881150142263	0
Solyc02g069890.1	0.7093881150142263	0
Solyc01g162540.1	0.7093881150142263	0
Solyc02g064790.1	0.7093881150142263	0
Solyc01g162550.1	0.7093881150142263	0
Solyc01g057660.1	0.7093881150142263	0
Solyc01g014367.1	0.7093881150142263	0
Solyc01g162600.1	0.7093881150142263	0
Solyc01g162610.1	0.7093881150142263	0
Solyc01g100470.2	0.7093881150142263	0
Solyc02g161590.1	0.7093881150142263	0
Solyc01g006420.3	0.7093881150142263	0
Solyc02g064930.1	0.7093881150142263	0
Solyc02g032590.1	0.7093881150142263	0
Solyc01g088120.1	0.7093881150142263	0
Solyc01g162660.1	0.7093881150142263	0
Solyc02g032600.1	0.7093881150142263	0
Solyc01g162670.1	0.7093881150142263	0
Solyc01g014566.2	0.7093881150142263	0
Solyc03g004000.1	0.7093881150142263	0
Solyc02g087690.1	0.7093881150142263	0
Solyc02g032690.1	0.7093881150142263	0
Solyc01g088180.2	0.7093881150142263	0
Solyc01g095920.4	0.7093881150142263	0
Solyc01g162760.1	0.7093881150142263	0
Solyc01g014720.3	0.7093881150142263	0
Solyc01g014740.1	0.7093881150142263	0
Solyc01g058050.1	0.7093881150142263	0
Solyc02g070150.2	0.7093881150142263	0
Solyc02g070170.1	0.7093881150142263	0
Solyc01g058080.1	0.7093881150142263	0
Solyc02g070190.1	0.7093881150142263	0
Solyc01g006600.3	0.7093881150142263	0
Solyc02g065112.1	0.7093881150142263	0
Solyc01g058175.1	0.7093881150142263	0
Solyc01g162970.1	0.7093881150142263	0
Solyc01g015010.1	0.7093881150142263	0
Solyc01g163060.1	0.7093881150142263	0
Solyc01g015035.1	0.7093881150142263	0
Solyc01g088540.1	0.7093881150142263	0
Solyc01g163190.1	0.7093881150142263	0
Solyc02g088030.1	0.7093881150142263	0
Solyc02g088050.1	0.7093881150142263	0
Solyc02g004005.1	0.7093881150142263	0
Solyc01g016520.1	0.7093881150142263	0
Solyc02g036180.1	0.7093881150142263	0
Solyc03g005393.1	0.7093881150142263	0
Solyc02g004007.1	0.7093881150142263	0
Solyc03g005395.1	0.7093881150142263	0
Solyc01g016605.1	0.7093881150142263	0
Solyc01g016630.1	0.7093881150142263	0
Solyc02g036215.1	0.7093881150142263	0
Solyc01g016700.3	0.7093881150142263	0
Solyc00g500177.1	0.7093881150142263	0
Solyc01g059780.1	0.7093881150142263	0
Solyc02g036250.1	0.7093881150142263	0
Solyc03g005520.1	0.7093881150142263	0
Solyc01g106640.2	0.7093881150142263	0
Solyc01g101195.1	0.7093881150142263	0
Solyc02g005370.1	0.7093881150142263	0
Solyc02g005420.1	0.7093881150142263	0
Solyc01g059960.1	0.7093881150142263	0
Solyc02g036420.2	0.7093881150142263	0
Solyc01g060010.3	0.7093881150142263	0
Solyc01g060015.1	0.7093881150142263	0
Solyc02g088370.1	0.7093881150142263	0
Solyc02g079450.1	0.7093881150142263	0
Solyc03g059040.1	0.7093881150142263	0
Solyc02g092850.3	0.7093881150142263	0
Solyc02g066857.2	0.7093881150142263	0
Solyc00g500219.1	0.7093881150142263	0
Solyc02g066880.3	0.7093881150142263	0
Solyc03g059393.1	0.7093881150142263	0
Solyc03g006043.1	0.7093881150142263	0
Solyc03g006047.1	0.7093881150142263	0
Solyc03g083735.1	0.7093881150142263	0
Solyc02g071370.1	0.7093881150142263	0
Solyc03g083870.5	0.7093881150142263	0
Solyc03g114915.1	0.7093881150142263	0
Solyc03g061640.1	0.7093881150142263	0
Solyc01g079900.1	0.7093881150142263	0
Solyc03g031483.1	0.7093881150142263	0
Solyc02g088880.1	0.7093881150142263	0
Solyc03g083992.1	0.7093881150142263	0
Solyc03g032230.1	0.7093881150142263	0
Solyc03g160320.1	0.7093881150142263	0
Solyc03g033295.1	0.7093881150142263	0
Solyc03g160370.1	0.7093881150142263	0
Solyc04g050380.3	0.7093881150142263	0
Solyc03g160460.1	0.7093881150142263	0
Solyc02g084470.1	0.7093881150142263	0
Solyc03g062960.1	0.7093881150142263	0
Solyc01g090540.1	0.7093881150142263	0
Solyc03g110850.1	0.7093881150142263	0
Solyc04g162620.1	0.7093881150142263	0
Solyc04g017660.1	0.7093881150142263	0
Solyc04g162650.1	0.7093881150142263	0
Solyc04g064958.1	0.7093881150142263	0
Solyc04g162660.1	0.7093881150142263	0
Solyc02g084605.1	0.7093881150142263	0
Solyc03g063164.2	0.7093881150142263	0
Solyc04g162700.1	0.7093881150142263	0
Solyc03g115340.3	0.7093881150142263	0
Solyc04g050700.3	0.7093881150142263	0
Solyc03g160820.1	0.7093881150142263	0
Solyc04g017850.1	0.7093881150142263	0
Solyc05g056477.1	0.7093881150142263	0
Solyc03g093290.2	0.7093881150142263	0
Solyc05g015300.5	0.7093881150142263	0
Solyc03g160920.1	0.7093881150142263	0
Solyc05g015350.4	0.7093881150142263	0
Solyc03g033813.2	0.7093881150142263	0
Solyc05g150100.1	0.7093881150142263	0
Solyc03g161040.1	0.7093881150142263	0
Solyc03g033830.2	0.7093881150142263	0
Solyc04g050937.1	0.7093881150142263	0
Solyc04g071190.1	0.7093881150142263	0
Solyc04g071240.1	0.7093881150142263	0
Solyc03g161120.1	0.7093881150142263	0
Solyc05g015473.1	0.7093881150142263	0
Solyc03g033930.1	0.7093881150142263	0
Solyc05g041145.1	0.7093881150142263	0
Solyc04g051073.2	0.7093881150142263	0
Solyc05g150115.1	0.7093881150142263	0
Solyc04g051080.3	0.7093881150142263	0
Solyc03g161200.1	0.7093881150142263	0
Solyc05g150120.1	0.7093881150142263	0
Solyc05g015536.1	0.7093881150142263	0
Solyc03g161370.1	0.7093881150142263	0
Solyc04g071410.3	0.7093881150142263	0
Solyc05g005370.4	0.7093881150142263	0
Solyc05g052290.3	0.7093881150142263	0
Solyc05g150139.1	0.7093881150142263	0
Solyc03g161490.1	0.7093881150142263	0
Solyc04g024480.1	0.7093881150142263	0
Solyc03g120220.1	0.7093881150142263	0
Solyc03g161510.1	0.7093881150142263	0
Solyc05g052330.3	0.7093881150142263	0
Solyc03g063900.1	0.7093881150142263	0
Solyc05g009960.4	0.7093881150142263	0
Solyc03g161550.1	0.7093881150142263	0
Solyc03g161560.1	0.7093881150142263	0
Solyc03g065230.1	0.7093881150142263	0
Solyc06g007720.2	0.7093881150142263	0
Solyc03g065233.1	0.7093881150142263	0
Solyc03g161630.1	0.7093881150142263	0
Solyc04g009670.1	0.7093881150142263	0
Solyc03g161650.1	0.7093881150142263	0
Solyc03g036477.2	0.7093881150142263	0
Solyc05g160070.1	0.7093881150142263	0
Solyc03g161710.1	0.7093881150142263	0
Solyc03g093870.1	0.7093881150142263	0
Solyc05g160120.1	0.7093881150142263	0
Solyc04g024910.1	0.7093881150142263	0
Solyc03g161760.1	0.7093881150142263	0
Solyc05g042060.1	0.7093881150142263	0
Solyc04g025005.1	0.7093881150142263	0
Solyc05g160210.1	0.7093881150142263	0
Solyc05g052660.1	0.7093881150142263	0
Solyc05g042180.3	0.7093881150142263	0
Solyc04g009930.3	0.7093881150142263	0
Solyc04g051765.1	0.7093881150142263	0
Solyc05g160280.1	0.7093881150142263	0
Solyc05g160380.1	0.7093881150142263	0
Solyc05g043360.3	0.7093881150142263	0
Solyc05g043380.1	0.7093881150142263	0
Solyc06g008140.2	0.7093881150142263	0
Solyc04g078430.3	0.7093881150142263	0
Solyc05g043440.1	0.7093881150142263	0
Solyc05g160530.1	0.7093881150142263	0
Solyc05g044513.2	0.7093881150142263	0
Solyc05g160620.1	0.7093881150142263	0
Solyc05g044545.2	0.7093881150142263	0
Solyc05g016520.1	0.7093881150142263	0
Solyc05g160710.1	0.7093881150142263	0
Solyc04g025657.1	0.7093881150142263	0
Solyc05g160740.1	0.7093881150142263	0
Solyc04g025660.1	0.7093881150142263	0
Solyc03g112180.1	0.7093881150142263	0
Solyc05g160780.1	0.7093881150142263	0
Solyc04g025735.2	0.7093881150142263	0
Solyc05g160830.1	0.7093881150142263	0
Solyc05g045675.1	0.7093881150142263	0
Solyc04g025850.1	0.7093881150142263	0
Solyc05g160970.1	0.7093881150142263	0
Solyc05g017863.1	0.7093881150142263	0
Solyc05g045880.1	0.7093881150142263	0
Solyc05g045890.1	0.7093881150142263	0
Solyc05g053137.1	0.7093881150142263	0
Solyc04g072350.1	0.7093881150142263	0
Solyc03g044460.1	0.7093881150142263	0
Solyc05g161060.1	0.7093881150142263	0
Solyc04g150134.1	0.7093881150142263	0
Solyc05g045930.1	0.7093881150142263	0
Solyc05g161080.1	0.7093881150142263	0
Solyc04g150138.1	0.7093881150142263	0
Solyc04g005750.1	0.7093881150142263	0
Solyc05g161120.1	0.7093881150142263	0
Solyc06g008640.2	0.7093881150142263	0
Solyc04g011590.3	0.7093881150142263	0
Solyc05g012172.1	0.7093881150142263	0
Solyc04g150148.1	0.7093881150142263	0
Solyc05g006380.1	0.7093881150142263	0
Solyc05g046040.2	0.7093881150142263	0
Solyc05g012177.1	0.7093881150142263	0
Solyc04g150153.1	0.7093881150142263	0
Solyc03g121220.2	0.7093881150142263	0
Solyc05g161230.1	0.7093881150142263	0
Solyc03g078533.1	0.7093881150142263	0
Solyc05g161280.1	0.7093881150142263	0
Solyc05g046240.1	0.7093881150142263	0
Solyc04g006987.1	0.7093881150142263	0
Solyc04g160010.1	0.7093881150142263	0
Solyc03g096005.1	0.7093881150142263	0
Solyc05g053465.2	0.7093881150142263	0
Solyc04g160020.1	0.7093881150142263	0
Solyc03g096007.1	0.7093881150142263	0
Solyc03g078623.1	0.7093881150142263	0
Solyc04g054680.3	0.7093881150142263	0
Solyc05g012420.5	0.7093881150142263	0
Solyc03g112730.4	0.7093881150142263	0
Solyc05g018370.1	0.7093881150142263	0
Solyc04g054686.1	0.7093881150142263	0
Solyc03g096110.3	0.7093881150142263	0
Solyc03g096130.2	0.7093881150142263	0
Solyc05g161450.1	0.7093881150142263	0
Solyc04g160140.1	0.7093881150142263	0
Solyc03g044933.1	0.7093881150142263	0
Solyc04g160170.1	0.7093881150142263	0
Solyc04g160180.1	0.7093881150142263	0
Solyc05g047400.1	0.7093881150142263	0
Solyc05g161530.1	0.7093881150142263	0
Solyc03g117145.2	0.7093881150142263	0
Solyc06g009080.2	0.7093881150142263	0
Solyc03g044990.1	0.7093881150142263	0
Solyc04g054770.1	0.7093881150142263	0
Solyc04g039790.3	0.7093881150142263	0
Solyc04g039810.1	0.7093881150142263	0
Solyc05g018486.1	0.7093881150142263	0
Solyc04g160310.1	0.7093881150142263	0
Solyc04g160450.1	0.7093881150142263	0
Solyc04g160500.1	0.7093881150142263	0
Solyc05g161900.1	0.7093881150142263	0
Solyc04g160580.1	0.7093881150142263	0
Solyc05g018720.1	0.7093881150142263	0
Solyc05g047718.2	0.7093881150142263	0
Solyc04g079510.3	0.7093881150142263	0
Solyc05g161990.1	0.7093881150142263	0
Solyc05g048780.1	0.7093881150142263	0
Solyc04g160720.1	0.7093881150142263	0
Solyc06g009430.3	0.7093881150142263	0
Solyc03g046360.3	0.7093881150142263	0
Solyc06g009450.1	0.7093881150142263	0
Solyc03g046420.1	0.7093881150142263	0
Solyc06g009480.3	0.7093881150142263	0
Solyc04g055140.1	0.7093881150142263	0
Solyc04g160790.1	0.7093881150142263	0
Solyc04g055150.1	0.7093881150142263	0
Solyc05g162150.1	0.7093881150142263	0
Solyc05g049890.1	0.7093881150142263	0
Solyc04g160800.1	0.7093881150142263	0
Solyc05g162160.1	0.7093881150142263	0
Solyc04g160810.1	0.7093881150142263	0
Solyc05g049910.3	0.7093881150142263	0
Solyc03g113320.1	0.7093881150142263	0
Solyc05g021165.1	0.7093881150142263	0
Solyc03g081340.1	0.7093881150142263	0
Solyc05g162220.1	0.7093881150142263	0
Solyc05g162250.1	0.7093881150142263	0
Solyc05g162270.1	0.7093881150142263	0
Solyc04g074260.1	0.7093881150142263	0
Solyc04g160900.1	0.7093881150142263	0
Solyc05g021370.2	0.7093881150142263	0
Solyc03g046592.1	0.7093881150142263	0
Solyc04g047680.1	0.7093881150142263	0
Solyc05g013080.1	0.7093881150142263	0
Solyc05g050053.1	0.7093881150142263	0
Solyc04g161010.1	0.7093881150142263	0
Solyc03g051650.1	0.7093881150142263	0
Solyc04g161100.1	0.7093881150142263	0
Solyc03g097040.2	0.7093881150142263	0
Solyc03g051670.1	0.7093881150142263	0
Solyc05g050170.1	0.7093881150142263	0
Solyc04g047810.1	0.7093881150142263	0
Solyc04g161170.1	0.7093881150142263	0
Solyc04g161180.1	0.7093881150142263	0
Solyc04g047860.1	0.7093881150142263	0
Solyc04g047870.1	0.7093881150142263	0
Solyc05g162480.1	0.7093881150142263	0
Solyc04g047900.1	0.7093881150142263	0
Solyc04g161280.1	0.7093881150142263	0
Solyc05g050250.1	0.7093881150142263	0
Solyc06g009870.1	0.7093881150142263	0
Solyc05g162530.1	0.7093881150142263	0
Solyc04g008000.3	0.7093881150142263	0
Solyc03g113650.2	0.7093881150142263	0
Solyc04g161330.1	0.7093881150142263	0
Solyc06g009920.3	0.7093881150142263	0
Solyc05g023841.1	0.7093881150142263	0
Solyc04g049020.3	0.7093881150142263	0
Solyc04g049040.2	0.7093881150142263	0
Solyc03g122320.1	0.7093881150142263	0
Solyc03g082760.1	0.7093881150142263	0
Solyc04g161500.1	0.7093881150142263	0
Solyc05g050510.3	0.7093881150142263	0
Solyc04g161580.1	0.7093881150142263	0
Solyc03g053070.1	0.7093881150142263	0
Solyc04g161590.1	0.7093881150142263	0
Solyc06g010110.1	0.7093881150142263	0
Solyc04g056740.1	0.7093881150142263	0
Solyc04g161680.1	0.7093881150142263	0
Solyc03g118135.1	0.7093881150142263	0
Solyc04g161710.1	0.7093881150142263	0
Solyc05g013590.1	0.7093881150142263	0
Solyc05g050690.2	0.7093881150142263	0
Solyc05g024195.2	0.7093881150142263	0
Solyc03g058300.1	0.7093881150142263	0
Solyc04g049540.4	0.7093881150142263	0
Solyc04g049625.1	0.7093881150142263	0
Solyc04g080410.4	0.7093881150142263	0
Solyc03g058343.2	0.7093881150142263	0
Solyc03g058347.1	0.7093881150142263	0
Solyc05g024350.1	0.7093881150142263	0
Solyc04g161920.1	0.7093881150142263	0
Solyc06g011455.1	0.7093881150142263	0
Solyc03g097707.1	0.7093881150142263	0
Solyc04g162010.1	0.7093881150142263	0
Solyc04g162040.1	0.7093881150142263	0
Solyc05g050890.3	0.7093881150142263	0
Solyc06g011580.1	0.7093881150142263	0
Solyc03g083230.2	0.7093881150142263	0
Solyc06g005620.3	0.7093881150142263	0
Solyc04g049960.3	0.7093881150142263	0
Solyc04g162210.1	0.7093881150142263	0
Solyc06g011650.2	0.7093881150142263	0
Solyc06g011660.3	0.7093881150142263	0
Solyc05g013890.3	0.7093881150142263	0
Solyc05g055190.1	0.7093881150142263	0
Solyc05g025730.3	0.7093881150142263	0
Solyc04g162340.1	0.7093881150142263	0
Solyc03g114260.1	0.7093881150142263	0
Solyc05g051140.3	0.7093881150142263	0
Solyc04g015770.1	0.7093881150142263	0
Solyc05g014040.1	0.7093881150142263	0
Solyc05g051190.1	0.7093881150142263	0
Solyc06g035850.1	0.7093881150142263	0
Solyc04g162470.1	0.7093881150142263	0
Solyc06g016823.1	0.7093881150142263	0
Solyc04g063330.1	0.7093881150142263	0
Solyc04g015990.2	0.7093881150142263	0
Solyc06g005960.5	0.7093881150142263	0
Solyc06g035910.1	0.7093881150142263	0
Solyc05g026150.1	0.7093881150142263	0
Solyc04g063430.3	0.7093881150142263	0
Solyc06g161040.1	0.7093881150142263	0
Solyc04g064440.1	0.7093881150142263	0
Solyc06g024310.1	0.7093881150142263	0
Solyc03g150123.2	0.7093881150142263	0
Solyc05g026250.3	0.7093881150142263	0
Solyc05g055520.1	0.7093881150142263	0
Solyc06g161100.1	0.7093881150142263	0
Solyc03g150127.1	0.7093881150142263	0
Solyc06g030520.1	0.7093881150142263	0
Solyc06g072190.1	0.7093881150142263	0
Solyc06g054185.1	0.7093881150142263	0
Solyc06g161150.1	0.7093881150142263	0
Solyc06g054195.1	0.7093881150142263	0
Solyc03g150134.2	0.7093881150142263	0
Solyc06g065760.1	0.7093881150142263	0
Solyc04g016310.4	0.7093881150142263	0
Solyc06g031670.3	0.7093881150142263	0
Solyc05g014330.1	0.7093881150142263	0
Solyc03g119020.2	0.7093881150142263	0
Solyc06g036230.4	0.7093881150142263	0
Solyc05g026603.2	0.7093881150142263	0
Solyc05g051595.2	0.7093881150142263	0
Solyc05g008730.1	0.7093881150142263	0
Solyc05g055720.1	0.7093881150142263	0
Solyc06g033830.1	0.7093881150142263	0
Solyc07g065570.3	0.7093881150142263	0
Solyc07g009280.4	0.7093881150142263	0
Solyc03g150160.1	0.7093881150142263	0
Solyc07g049540.2	0.7093881150142263	0
Solyc06g033960.3	0.7093881150142263	0
Solyc07g009405.1	0.7093881150142263	0
Solyc06g033970.1	0.7093881150142263	0
Solyc07g005270.2	0.7093881150142263	0
Solyc07g009430.1	0.7093881150142263	0
Solyc08g005810.1	0.7093881150142263	0
Solyc07g009435.1	0.7093881150142263	0
Solyc08g005820.1	0.7093881150142263	0
Solyc03g160130.1	0.7093881150142263	0
Solyc07g039390.1	0.7093881150142263	0
Solyc06g066230.4	0.7093881150142263	0
Solyc05g009060.2	0.7093881150142263	0
Solyc07g009563.1	0.7093881150142263	0
Solyc07g049770.1	0.7093881150142263	0
Solyc07g009583.1	0.7093881150142263	0
Solyc05g015020.1	0.7093881150142263	0
Solyc07g014580.3	0.7093881150142263	0
Solyc08g016805.2	0.7093881150142263	0
Solyc06g034180.2	0.7093881150142263	0
Solyc08g016807.1	0.7093881150142263	0
Solyc07g014660.3	0.7093881150142263	0
Solyc08g021830.1	0.7093881150142263	0
Solyc06g066360.3	0.7093881150142263	0
Solyc08g021880.1	0.7093881150142263	0
Solyc08g062880.2	0.7093881150142263	0
Solyc08g074720.2	0.7093881150142263	0
Solyc08g062900.3	0.7093881150142263	0
Solyc06g043120.1	0.7093881150142263	0
Solyc07g015840.2	0.7093881150142263	0
Solyc07g052000.1	0.7093881150142263	0
Solyc07g015900.3	0.7093881150142263	0
Solyc07g040898.2	0.7093881150142263	0
Solyc06g066480.1	0.7093881150142263	0
Solyc08g074860.1	0.7093881150142263	0
Solyc08g074870.3	0.7093881150142263	0
Solyc06g043340.1	0.7093881150142263	0
Solyc09g008390.3	0.7093881150142263	0
Solyc06g060200.2	0.7093881150142263	0
Solyc08g150144.1	0.7093881150142263	0
Solyc06g048400.1	0.7093881150142263	0
Solyc07g016060.3	0.7093881150142263	0
Solyc08g022140.1	0.7093881150142263	0
Solyc08g160040.1	0.7093881150142263	0
Solyc07g016100.1	0.7093881150142263	0
Solyc08g160060.1	0.7093881150142263	0
Solyc08g065240.1	0.7093881150142263	0
Solyc07g056706.1	0.7093881150142263	0
Solyc07g061710.2	0.7093881150142263	0
Solyc08g160160.1	0.7093881150142263	0
Solyc07g061840.1	0.7093881150142263	0
Solyc07g061850.1	0.7093881150142263	0
Solyc09g059060.1	0.7093881150142263	0
Solyc08g065530.3	0.7093881150142263	0
Solyc06g073250.1	0.7093881150142263	0
Solyc07g061880.3	0.7093881150142263	0
Solyc09g059100.3	0.7093881150142263	0
Solyc06g082740.3	0.7093881150142263	0
Solyc09g015200.1	0.7093881150142263	0
Solyc08g160280.1	0.7093881150142263	0
Solyc09g015245.1	0.7093881150142263	0
Solyc09g015280.1	0.7093881150142263	0
Solyc08g065630.3	0.7093881150142263	0
Solyc07g017300.1	0.7093881150142263	0
Solyc07g041360.1	0.7093881150142263	0
Solyc08g160390.1	0.7093881150142263	0
Solyc08g160420.1	0.7093881150142263	0
Solyc08g160430.1	0.7093881150142263	0
Solyc08g065730.3	0.7093881150142263	0
Solyc08g160440.1	0.7093881150142263	0
Solyc08g065740.4	0.7093881150142263	0
Solyc06g068000.2	0.7093881150142263	0
Solyc07g017470.3	0.7093881150142263	0
Solyc09g059320.3	0.7093881150142263	0
Solyc09g059330.3	0.7093881150142263	0
Solyc08g079960.1	0.7093881150142263	0
Solyc08g028705.1	0.7093881150142263	0
Solyc09g059427.1	0.7093881150142263	0
Solyc09g008960.2	0.7093881150142263	0
Solyc07g150112.1	0.7093881150142263	0
Solyc08g028770.1	0.7093881150142263	0
Solyc07g041790.1	0.7093881150142263	0
Solyc08g160650.1	0.7093881150142263	0
Solyc06g060900.1	0.7093881150142263	0
Solyc08g160670.1	0.7093881150142263	0
Solyc08g065947.2	0.7093881150142263	0
Solyc08g028870.1	0.7093881150142263	0
Solyc07g041850.3	0.7093881150142263	0
Solyc08g028910.1	0.7093881150142263	0
Solyc06g050100.2	0.7093881150142263	0
Solyc08g160810.1	0.7093881150142263	0
Solyc07g006460.1	0.7093881150142263	0
Solyc08g160830.1	0.7093881150142263	0
Solyc07g017870.2	0.7093881150142263	0
Solyc07g006470.1	0.7093881150142263	0
Solyc09g059610.3	0.7093881150142263	0
Solyc09g015910.1	0.7093881150142263	0
Solyc07g017970.3	0.7093881150142263	0
Solyc07g062320.3	0.7093881150142263	0
Solyc09g059673.1	0.7093881150142263	0
Solyc07g062340.1	0.7093881150142263	0
Solyc07g062350.3	0.7093881150142263	0
Solyc06g073770.1	0.7093881150142263	0
Solyc08g161010.1	0.7093881150142263	0
Solyc07g160040.1	0.7093881150142263	0
Solyc09g009230.2	0.7093881150142263	0
Solyc09g059830.3	0.7093881150142263	0
Solyc07g160060.1	0.7093881150142263	0
Solyc07g160090.1	0.7093881150142263	0
Solyc07g062425.2	0.7093881150142263	0
Solyc08g029344.1	0.7093881150142263	0
Solyc09g018150.1	0.7093881150142263	0
Solyc09g059870.1	0.7093881150142263	0
Solyc07g006745.1	0.7093881150142263	0
Solyc08g161240.1	0.7093881150142263	0
Solyc09g059900.1	0.7093881150142263	0
Solyc07g160140.1	0.7093881150142263	0
Solyc08g036410.1	0.7093881150142263	0
Solyc07g160150.1	0.7093881150142263	0
Solyc08g036417.2	0.7093881150142263	0
Solyc09g018215.2	0.7093881150142263	0
Solyc08g161380.1	0.7093881150142263	0
Solyc07g160240.1	0.7093881150142263	0
Solyc06g061270.3	0.7093881150142263	0
Solyc09g018320.1	0.7093881150142263	0
Solyc09g060140.4	0.7093881150142263	0
Solyc09g060170.1	0.7093881150142263	0
Solyc09g060180.3	0.7093881150142263	0
Solyc08g080700.4	0.7093881150142263	0
Solyc07g160310.1	0.7093881150142263	0
Solyc07g018433.1	0.7093881150142263	0
Solyc07g019430.1	0.7093881150142263	0
Solyc07g042610.3	0.7093881150142263	0
Solyc08g161580.1	0.7093881150142263	0
Solyc08g161600.1	0.7093881150142263	0
Solyc07g160370.1	0.7093881150142263	0
Solyc08g161650.1	0.7093881150142263	0
Solyc06g050780.1	0.7093881150142263	0
Solyc08g080790.1	0.7093881150142263	0
Solyc07g160450.1	0.7093881150142263	0
Solyc08g080810.3	0.7093881150142263	0
Solyc08g161700.1	0.7093881150142263	0
Solyc09g018740.1	0.7093881150142263	0
Solyc08g161720.1	0.7093881150142263	0
Solyc09g018755.1	0.7093881150142263	0
Solyc08g161740.1	0.7093881150142263	0
Solyc07g019570.1	0.7093881150142263	0
Solyc07g160520.1	0.7093881150142263	0
Solyc06g062650.1	0.7093881150142263	0
Solyc09g061490.1	0.7093881150142263	0
Solyc08g161870.1	0.7093881150142263	0
Solyc09g061540.1	0.7093881150142263	0
Solyc08g043160.1	0.7093881150142263	0
Solyc09g061560.3	0.7093881150142263	0
Solyc07g020920.1	0.7093881150142263	0
Solyc07g160760.1	0.7093881150142263	0
Solyc09g061610.1	0.7093881150142263	0
Solyc09g005060.3	0.7093881150142263	0
Solyc09g009730.1	0.7093881150142263	0
Solyc07g021070.1	0.7093881150142263	0
Solyc07g160920.1	0.7093881150142263	0
Solyc07g160930.1	0.7093881150142263	0
Solyc07g021150.1	0.7093881150142263	0
Solyc08g044540.1	0.7093881150142263	0
Solyc09g061850.1	0.7093881150142263	0
Solyc07g161030.1	0.7093881150142263	0
Solyc08g007715.1	0.7093881150142263	0
Solyc07g161060.1	0.7093881150142263	0
Solyc09g031510.1	0.7093881150142263	0
Solyc07g021300.1	0.7093881150142263	0
Solyc07g021400.1	0.7093881150142263	0
Solyc06g051580.2	0.7093881150142263	0
Solyc07g007740.1	0.7093881150142263	0
Solyc09g005450.1	0.7093881150142263	0
Solyc09g064260.1	0.7093881150142263	0
Solyc06g075040.1	0.7093881150142263	0
Solyc06g075060.2	0.7093881150142263	0
Solyc09g064340.1	0.7093881150142263	0
Solyc06g075070.4	0.7093881150142263	0
Solyc07g043717.1	0.7093881150142263	0
Solyc07g044720.3	0.7093881150142263	0
Solyc07g021660.2	0.7093881150142263	0
Solyc07g161400.1	0.7093881150142263	0
Solyc09g031830.1	0.7093881150142263	0
Solyc06g069610.1	0.7093881150142263	0
Solyc06g064520.5	0.7093881150142263	0
Solyc09g037020.3	0.7093881150142263	0
Solyc06g150110.2	0.7093881150142263	0
Solyc06g150111.2	0.7093881150142263	0
Solyc09g037040.1	0.7093881150142263	0
Solyc07g022850.1	0.7093881150142263	0
Solyc07g054240.2	0.7093881150142263	0
Solyc09g064560.1	0.7093881150142263	0
Solyc06g150115.1	0.7093881150142263	0
Solyc06g150116.2	0.7093881150142263	0
Solyc07g054265.1	0.7093881150142263	0
Solyc06g075300.3	0.7093881150142263	0
Solyc07g161590.1	0.7093881150142263	0
Solyc07g161600.1	0.7093881150142263	0
Solyc08g008300.1	0.7093881150142263	0
Solyc09g037120.1	0.7093881150142263	0
Solyc06g150120.1	0.7093881150142263	0
Solyc09g064690.1	0.7093881150142263	0
Solyc07g024030.3	0.7093881150142263	0
Solyc09g010490.3	0.7093881150142263	0
Solyc06g064673.1	0.7093881150142263	0
Solyc08g060950.4	0.7093881150142263	0
Solyc07g161710.1	0.7093881150142263	0
Solyc08g060973.1	0.7093881150142263	0
Solyc06g064790.1	0.7093881150142263	0
Solyc06g052147.1	0.7093881150142263	0
Solyc09g005950.3	0.7093881150142263	0
Solyc07g161810.1	0.7093881150142263	0
Solyc07g161820.1	0.7093881150142263	0
Solyc06g053195.1	0.7093881150142263	0
Solyc06g064860.3	0.7093881150142263	0
Solyc08g061245.2	0.7093881150142263	0
Solyc09g042720.1	0.7093881150142263	0
Solyc09g042722.2	0.7093881150142263	0
Solyc09g064925.1	0.7093881150142263	0
Solyc06g070930.3	0.7093881150142263	0
Solyc06g160130.1	0.7093881150142263	0
Solyc07g026540.1	0.7093881150142263	0
Solyc09g064980.1	0.7093881150142263	0
Solyc09g064990.1	0.7093881150142263	0
Solyc07g008580.3	0.7093881150142263	0
Solyc06g065055.2	0.7093881150142263	0
Solyc09g050030.1	0.7093881150142263	0
Solyc06g160220.1	0.7093881150142263	0
Solyc08g077590.1	0.7093881150142263	0
Solyc07g026800.1	0.7093881150142263	0
Solyc08g082260.2	0.7093881150142263	0
Solyc08g077620.1	0.7093881150142263	0
Solyc06g065140.3	0.7093881150142263	0
Solyc06g065150.1	0.7093881150142263	0
Solyc07g026890.1	0.7093881150142263	0
Solyc07g026930.3	0.7093881150142263	0
Solyc06g160350.1	0.7093881150142263	0
Solyc08g061740.3	0.7093881150142263	0
Solyc08g061742.2	0.7093881150142263	0
Solyc07g027010.1	0.7093881150142263	0
Solyc06g053635.2	0.7093881150142263	0
Solyc06g076000.1	0.7093881150142263	0
Solyc06g160440.1	0.7093881150142263	0
Solyc08g061771.2	0.7093881150142263	0
Solyc06g160550.1	0.7093881150142263	0
Solyc07g045560.1	0.7093881150142263	0
Solyc07g008830.1	0.7093881150142263	0
Solyc09g011107.2	0.7093881150142263	0
Solyc08g082510.1	0.7093881150142263	0
Solyc08g082520.1	0.7093881150142263	0
Solyc09g011130.1	0.7093881150142263	0
Solyc06g160640.1	0.7093881150142263	0
Solyc08g005410.3	0.7093881150142263	0
Solyc07g047650.1	0.7093881150142263	0
Solyc08g014110.1	0.7093881150142263	0
Solyc09g055540.2	0.7093881150142263	0
Solyc09g055547.2	0.7093881150142263	0
Solyc06g160720.1	0.7093881150142263	0
Solyc07g008990.1	0.7093881150142263	0
Solyc07g009000.1	0.7093881150142263	0
Solyc07g009010.1	0.7093881150142263	0
Solyc08g062060.1	0.7093881150142263	0
Solyc09g011280.1	0.7093881150142263	0
Solyc07g009050.3	0.7093881150142263	0
Solyc09g055830.1	0.7093881150142263	0
Solyc06g160900.1	0.7093881150142263	0
Solyc09g074070.1	0.7093881150142263	0
Solyc09g007620.2	0.7093881150142263	0
Solyc09g160850.1	0.7093881150142263	0
Solyc07g009110.4	0.7093881150142263	0
Solyc07g055360.1	0.7093881150142263	0
Solyc09g074120.3	0.7093881150142263	0
Solyc09g160890.1	0.7093881150142263	0
Solyc07g055420.1	0.7093881150142263	0
Solyc09g056090.1	0.7093881150142263	0
Solyc09g056100.2	0.7093881150142263	0
Solyc09g056175.1	0.7093881150142263	0
Solyc07g032789.1	0.7093881150142263	0
Solyc09g056185.2	0.7093881150142263	0
Solyc08g068940.1	0.7093881150142263	0
Solyc09g160970.1	0.7093881150142263	0
Solyc08g062530.4	0.7093881150142263	0
Solyc08g062540.1	0.7093881150142263	0
Solyc09g056226.2	0.7093881150142263	0
Solyc09g056237.1	0.7093881150142263	0
Solyc09g056300.2	0.7093881150142263	0
Solyc09g161050.1	0.7093881150142263	0
Solyc09g161070.1	0.7093881150142263	0
Solyc08g014616.2	0.7093881150142263	0
Solyc09g066005.2	0.7093881150142263	0
Solyc09g161120.1	0.7093881150142263	0
Solyc09g066030.2	0.7093881150142263	0
Solyc09g057540.3	0.7093881150142263	0
Solyc09g057550.1	0.7093881150142263	0
Solyc10g052843.1	0.7093881150142263	0
Solyc10g052863.2	0.7093881150142263	0
Solyc06g071970.1	0.7093881150142263	0
Solyc09g161230.1	0.7093881150142263	0
Solyc08g015715.1	0.7093881150142263	0
Solyc08g015717.1	0.7093881150142263	0
Solyc10g053960.2	0.7093881150142263	0
Solyc07g055890.1	0.7093881150142263	0
Solyc10g044620.3	0.7093881150142263	0
Solyc09g066180.3	0.7093881150142263	0
Solyc08g069237.1	0.7093881150142263	0
Solyc09g066250.1	0.7093881150142263	0
Solyc10g161220.1	0.7093881150142263	0
Solyc08g015880.1	0.7093881150142263	0
Solyc09g066325.1	0.7093881150142263	0
Solyc10g161300.1	0.7093881150142263	0
Solyc09g066370.1	0.7093881150142263	0
Solyc11g013050.2	0.7093881150142263	0
Solyc09g161510.1	0.7093881150142263	0
Solyc10g161460.1	0.7093881150142263	0
Solyc10g161480.1	0.7093881150142263	0
Solyc10g161490.1	0.7093881150142263	0
Solyc09g074790.3	0.7093881150142263	0
Solyc10g161500.1	0.7093881150142263	0
Solyc10g045040.1	0.7093881150142263	0
Solyc09g161570.1	0.7093881150142263	0
Solyc10g054300.1	0.7093881150142263	0
Solyc10g161590.1	0.7093881150142263	0
Solyc09g161600.1	0.7093881150142263	0
Solyc10g161640.1	0.7093881150142263	0
Solyc08g150117.1	0.7093881150142263	0
Solyc09g161640.1	0.7093881150142263	0
Solyc10g054370.1	0.7093881150142263	0
Solyc08g150118.1	0.7093881150142263	0
Solyc09g161660.1	0.7093881150142263	0
Solyc09g014340.3	0.7093881150142263	0
Solyc08g150120.1	0.7093881150142263	0
Solyc11g039570.3	0.7093881150142263	0
Solyc11g162140.1	0.7093881150142263	0
Solyc10g161830.1	0.7093881150142263	0
Solyc11g039690.1	0.7093881150142263	0
Solyc09g014470.2	0.7093881150142263	0
Solyc09g072775.1	0.7093881150142263	0
Solyc11g162240.1	0.7093881150142263	0
Solyc10g045450.1	0.7093881150142263	0
Solyc10g054530.1	0.7093881150142263	0
Solyc09g161920.1	0.7093881150142263	0
Solyc08g016563.1	0.7093881150142263	0
Solyc12g010300.1	0.7093881150142263	0
Solyc11g039835.1	0.7093881150142263	0
Solyc11g065390.3	0.7093881150142263	0
Solyc11g065440.3	0.7093881150142263	0
Solyc11g039920.1	0.7093881150142263	0
Solyc09g014640.2	0.7093881150142263	0
Solyc11g039930.2	0.7093881150142263	0
Solyc11g013590.1	0.7093881150142263	0
Solyc10g054737.2	0.7093881150142263	0
Solyc09g162040.1	0.7093881150142263	0
Solyc11g013610.3	0.7093881150142263	0
Solyc11g013630.1	0.7093881150142263	0
Solyc11g065570.2	0.7093881150142263	0
Solyc12g021150.1	0.7093881150142263	0
Solyc10g009450.1	0.7093881150142263	0
Solyc11g013710.1	0.7093881150142263	0
Solyc10g009470.1	0.7093881150142263	0
Solyc10g045765.1	0.7093881150142263	0
Solyc12g021195.2	0.7093881150142263	0
Solyc10g009483.2	0.7093881150142263	0
Solyc12g021200.2	0.7093881150142263	0
Solyc10g055010.3	0.7093881150142263	0
Solyc10g162260.1	0.7093881150142263	0
Solyc12g021210.1	0.7093881150142263	0
Solyc10g009487.1	0.7093881150142263	0
Solyc10g162270.1	0.7093881150142263	0
Solyc09g014830.3	0.7093881150142263	0
Solyc10g055080.4	0.7093881150142263	0
Solyc10g046860.1	0.7093881150142263	0
Solyc10g162360.1	0.7093881150142263	0
Solyc10g162430.1	0.7093881150142263	0
Solyc11g013870.2	0.7093881150142263	0
Solyc10g162490.1	0.7093881150142263	0
Solyc12g027650.1	0.7093881150142263	0
Solyc12g027690.1	0.7093881150142263	0
Solyc11g008300.1	0.7093881150142263	0
Solyc10g047080.1	0.7093881150142263	0
Solyc12g005510.3	0.7093881150142263	0
Solyc10g162590.1	0.7093881150142263	0
Solyc10g162630.1	0.7093881150142263	0
Solyc12g005550.3	0.7093881150142263	0
Solyc11g042750.1	0.7093881150142263	0
Solyc12g005600.1	0.7093881150142263	0
Solyc09g092190.1	0.7093881150142263	0
Solyc10g055590.1	0.7093881150142263	0
Solyc12g044530.3	0.7093881150142263	0
Solyc10g162800.1	0.7093881150142263	0
Solyc12g044580.3	0.7093881150142263	0
Solyc12g032970.1	0.7093881150142263	0
Solyc12g032980.1	0.7093881150142263	0
Solyc10g047340.2	0.7093881150142263	0
Solyc10g047390.1	0.7093881150142263	0
Solyc10g047400.1	0.7093881150142263	0
Solyc11g042980.2	0.7093881150142263	0
Solyc10g055750.1	0.7093881150142263	0
Solyc12g099480.2	0.7093881150142263	0
Solyc11g043090.1	0.7093881150142263	0
Solyc12g035194.1	0.7093881150142263	0
Solyc12g035196.1	0.7093881150142263	0
Solyc10g061880.1	0.7093881150142263	0
Solyc11g043190.1	0.7093881150142263	0
Solyc10g061883.1	0.7093881150142263	0
Solyc12g011250.1	0.7093881150142263	0
Solyc12g044780.2	0.7093881150142263	0
Solyc11g066325.1	0.7093881150142263	0
Solyc12g035440.3	0.7093881150142263	0
Solyc10g012290.1	0.7093881150142263	0
Solyc10g062000.1	0.7093881150142263	0
Solyc10g062020.2	0.7093881150142263	0
Solyc10g085770.1	0.7093881150142263	0
Solyc11g072935.2	0.7093881150142263	0
Solyc12g035810.1	0.7093881150142263	0
Solyc12g049140.1	0.7093881150142263	0
Solyc11g073000.1	0.7093881150142263	0
Solyc10g017520.3	0.7093881150142263	0
Solyc12g049170.2	0.7093881150142263	0
Solyc10g047980.3	0.7093881150142263	0
Solyc10g047990.3	0.7093881150142263	0
Solyc12g088850.1	0.7093881150142263	0
Solyc11g044605.1	0.7093881150142263	0
Solyc10g048090.1	0.7093881150142263	0
Solyc11g044665.1	0.7093881150142263	0
Solyc12g036080.1	0.7093881150142263	0
Solyc10g074443.1	0.7093881150142263	0
Solyc12g088970.1	0.7093881150142263	0
Solyc11g005540.1	0.7093881150142263	0
Solyc10g048195.1	0.7093881150142263	0
Solyc11g044850.1	0.7093881150142263	0
Solyc12g036210.2	0.7093881150142263	0
Solyc11g010140.1	0.7093881150142263	0
Solyc10g017930.1	0.7093881150142263	0
Solyc12g089170.3	0.7093881150142263	0
Solyc11g020130.3	0.7093881150142263	0
Solyc12g036400.1	0.7093881150142263	0
Solyc10g018030.3	0.7093881150142263	0
Solyc12g049610.1	0.7093881150142263	0
Solyc12g150105.1	0.7093881150142263	0
Solyc10g018080.1	0.7093881150142263	0
Solyc12g055700.3	0.7093881150142263	0
Solyc11g005845.1	0.7093881150142263	0
Solyc10g018170.1	0.7093881150142263	0
Solyc11g150114.1	0.7093881150142263	0
Solyc10g018180.1	0.7093881150142263	0
Solyc09g082930.1	0.7093881150142263	0
Solyc12g036715.1	0.7093881150142263	0
Solyc11g045332.2	0.7093881150142263	0
Solyc11g067163.2	0.7093881150142263	0
Solyc12g160020.1	0.7093881150142263	0
Solyc10g049663.1	0.7093881150142263	0
Solyc11g150126.1	0.7093881150142263	0
Solyc09g098460.1	0.7093881150142263	0
Solyc10g018320.1	0.7093881150142263	0
Solyc11g150130.1	0.7093881150142263	0
Solyc10g081080.1	0.7093881150142263	0
Solyc11g006110.1	0.7093881150142263	0
Solyc11g067320.1	0.7093881150142263	0
Solyc10g049810.1	0.7093881150142263	0
Solyc12g160210.1	0.7093881150142263	0
Solyc11g067340.1	0.7093881150142263	0
Solyc11g160010.1	0.7093881150142263	0
Solyc11g067347.1	0.7093881150142263	0
Solyc12g160240.1	0.7093881150142263	0
Solyc10g049830.1	0.7093881150142263	0
Solyc09g083170.3	0.7093881150142263	0
Solyc11g068350.2	0.7093881150142263	0
Solyc11g160050.1	0.7093881150142263	0
Solyc12g160300.1	0.7093881150142263	0
Solyc11g020600.1	0.7093881150142263	0
Solyc11g160080.1	0.7093881150142263	0
Solyc11g160090.1	0.7093881150142263	0
Solyc10g049930.1	0.7093881150142263	0
Solyc12g056050.1	0.7093881150142263	0
Solyc11g050850.1	0.7093881150142263	0
Solyc12g038190.1	0.7093881150142263	0
Solyc12g006950.2	0.7093881150142263	0
Solyc10g076230.3	0.7093881150142263	0
Solyc10g049993.1	0.7093881150142263	0
Solyc12g038240.3	0.7093881150142263	0
Solyc12g038250.3	0.7093881150142263	0
Solyc11g011100.1	0.7093881150142263	0
Solyc11g160210.1	0.7093881150142263	0
Solyc12g056127.1	0.7093881150142263	0
Solyc12g038360.1	0.7093881150142263	0
Solyc12g056140.2	0.7093881150142263	0
Solyc10g150108.1	0.7093881150142263	0
Solyc12g038450.1	0.7093881150142263	0
Solyc09g150127.1	0.7093881150142263	0
Solyc11g160300.1	0.7093881150142263	0
Solyc12g160640.1	0.7093881150142263	0
Solyc10g076355.1	0.7093881150142263	0
Solyc11g020970.1	0.7093881150142263	0
Solyc10g018990.3	0.7093881150142263	0
Solyc11g160320.1	0.7093881150142263	0
Solyc11g068590.1	0.7093881150142263	0
Solyc11g011280.3	0.7093881150142263	0
Solyc10g007156.2	0.7093881150142263	0
Solyc10g050250.1	0.7093881150142263	0
Solyc09g150132.1	0.7093881150142263	0
Solyc10g019030.1	0.7093881150142263	0
Solyc09g150133.1	0.7093881150142263	0
Solyc10g150135.1	0.7093881150142263	0
Solyc10g076440.1	0.7093881150142263	0
Solyc12g160770.1	0.7093881150142263	0
Solyc10g019100.3	0.7093881150142263	0
Solyc10g150141.1	0.7093881150142263	0
Solyc10g007210.1	0.7093881150142263	0
Solyc12g160800.1	0.7093881150142263	0
Solyc12g038710.1	0.7093881150142263	0
Solyc10g019150.1	0.7093881150142263	0
Solyc12g038750.2	0.7093881150142263	0
Solyc12g015980.1	0.7093881150142263	0
Solyc10g160040.1	0.7093881150142263	0
Solyc12g038870.3	0.7093881150142263	0
Solyc10g081680.1	0.7093881150142263	0
Solyc10g050560.1	0.7093881150142263	0
Solyc09g150158.1	0.7093881150142263	0
Solyc10g160110.1	0.7093881150142263	0
Solyc10g050580.1	0.7093881150142263	0
Solyc10g019285.2	0.7093881150142263	0
Solyc12g016147.1	0.7093881150142263	0
Solyc12g016200.1	0.7093881150142263	0
Solyc12g038985.1	0.7093881150142263	0
Solyc09g160080.1	0.7093881150142263	0
Solyc11g022430.3	0.7093881150142263	0
Solyc11g022450.1	0.7093881150142263	0
Solyc12g161130.1	0.7093881150142263	0
Solyc10g081780.3	0.7093881150142263	0
Solyc12g161170.1	0.7093881150142263	0
Solyc11g160720.1	0.7093881150142263	0
Solyc11g006805.1	0.7093881150142263	0
Solyc12g161200.1	0.7093881150142263	0
Solyc09g090005.1	0.7093881150142263	0
Solyc11g160840.1	0.7093881150142263	0
Solyc09g160200.1	0.7093881150142263	0
Solyc11g160870.1	0.7093881150142263	0
Solyc10g160310.1	0.7093881150142263	0
Solyc12g017300.1	0.7093881150142263	0
Solyc12g161290.1	0.7093881150142263	0
Solyc12g161310.1	0.7093881150142263	0
Solyc12g161320.1	0.7093881150142263	0
Solyc11g027800.1	0.7093881150142263	0
Solyc12g040230.1	0.7093881150142263	0
Solyc12g017340.1	0.7093881150142263	0
Solyc10g050900.1	0.7093881150142263	0
Solyc10g033560.3	0.7093881150142263	0
Solyc12g161420.1	0.7093881150142263	0
Solyc12g017390.3	0.7093881150142263	0
Solyc11g027897.1	0.7093881150142263	0
Solyc12g161430.1	0.7093881150142263	0
Solyc12g040340.3	0.7093881150142263	0
Solyc12g161450.1	0.7093881150142263	0
Solyc10g007620.3	0.7093881150142263	0
Solyc11g027935.1	0.7093881150142263	0
Solyc09g160370.1	0.7093881150142263	0
Solyc12g040395.2	0.7093881150142263	0
Solyc09g160380.1	0.7093881150142263	0
Solyc11g161140.1	0.7093881150142263	0
Solyc11g028025.1	0.7093881150142263	0
Solyc09g160410.1	0.7093881150142263	0
Solyc09g160430.1	0.7093881150142263	0
Solyc11g028150.2	0.7093881150142263	0
Solyc10g038100.1	0.7093881150142263	0
Solyc09g160490.1	0.7093881150142263	0
Solyc12g161630.1	0.7093881150142263	0
Solyc11g028175.2	0.7093881150142263	0
Solyc10g160730.1	0.7093881150142263	0
Solyc12g161680.1	0.7093881150142263	0
Solyc11g028217.1	0.7093881150142263	0
Solyc10g160760.1	0.7093881150142263	0
Solyc10g083130.1	0.7093881150142263	0
Solyc10g160770.1	0.7093881150142263	0
Solyc11g161330.1	0.7093881150142263	0
Solyc11g028325.1	0.7093881150142263	0
Solyc09g160570.1	0.7093881150142263	0
Solyc11g161350.1	0.7093881150142263	0
Solyc12g161730.1	0.7093881150142263	0
Solyc09g160600.1	0.7093881150142263	0
Solyc10g039217.2	0.7093881150142263	0
Solyc10g039220.1	0.7093881150142263	0
Solyc09g160670.1	0.7093881150142263	0
Solyc10g052450.1	0.7093881150142263	0
Solyc12g041870.3	0.7093881150142263	0
Solyc11g030580.1	0.7093881150142263	0
Solyc10g160940.1	0.7093881150142263	0
Solyc12g161960.1	0.7093881150142263	0
Solyc10g160990.1	0.7093881150142263	0
Solyc12g161970.1	0.7093881150142263	0
Solyc12g161990.1	0.7093881150142263	0
Solyc10g161010.1	0.7093881150142263	0
Solyc12g162010.1	0.7093881150142263	0
Solyc12g162020.1	0.7093881150142263	0
Solyc11g030865.2	0.7093881150142263	0
Solyc12g162090.1	0.7093881150142263	0
Solyc11g161680.1	0.7093881150142263	0
Solyc11g032010.1	0.7093881150142263	0
Solyc12g009280.3	0.7093881150142263	0
Solyc12g019120.2	0.7093881150142263	0
Solyc12g062270.1	0.7093881150142263	0
Solyc12g009320.1	0.7093881150142263	0
Solyc12g162180.1	0.7093881150142263	0
Solyc10g083560.1	0.7093881150142263	0
Solyc12g009370.4	0.7093881150142263	0
Solyc12g162230.1	0.7093881150142263	0
Solyc12g019347.1	0.7093881150142263	0
Solyc11g161810.1	0.7093881150142263	0
Solyc12g062490.1	0.7093881150142263	0
Solyc12g019430.3	0.7093881150142263	0
Solyc12g162290.1	0.7093881150142263	0
Solyc12g098120.3	0.7093881150142263	0
Solyc11g161840.1	0.7093881150142263	0
Solyc12g062540.3	0.7093881150142263	0
Solyc12g162340.1	0.7093881150142263	0
Solyc12g062560.1	0.7093881150142263	0
Solyc12g098195.2	0.7093881150142263	0
Solyc12g062610.1	0.7093881150142263	0
Solyc11g161910.1	0.7093881150142263	0
Solyc12g019640.2	0.7093881150142263	0
Solyc12g098230.2	0.7093881150142263	0
Solyc12g062710.1	0.7093881150142263	0
Solyc11g161960.1	0.7093881150142263	0
Solyc12g098280.4	0.7093881150142263	0
Solyc11g012645.1	0.7093881150142263	0
Solyc11g162040.1	0.7093881150142263	0
Solyc12g009770.2	0.7093881150142263	0
Solyc11g162090.1	0.7093881150142263	0
Solyc12g019880.1	0.7093881150142263	0
Solyc12g162570.1	0.7093881150142263	0
Solyc12g042640.1	0.7093881150142263	0
Solyc12g063030.1	0.7093881150142263	0
Solyc12g070140.1	0.7093881150142263	0
Solyc12g010090.1	0.7093881150142263	0
Solyc12g010100.1	0.7093881150142263	0
Solyc12g098790.1	0.7093881150142263	0
Solyc12g098805.1	0.7093881150142263	0
Solyc12g010190.1	0.7093881150142263	0
Solyc12g082760.1	0.7093881150142263	0
Solyc05g040090.1	0.7099994385944695	0
Solyc09g097800.2	0.7099994385944695	0
Solyc06g083930.2	0.7111095514877744	0
Solyc03g096680.2	0.7111816168444396	0
Solyc08g013830.1	0.7114271648376689	0
Solyc11g016980.3	0.7115762292773962	0
Solyc02g089510.3	0.7117064715076535	0
Solyc11g039670.1	0.7117064715076535	0
Solyc03g005510.2	0.7130909510333092	0
Solyc03g160410.1	0.713137115543538	0
Solyc09g161490.1	0.7131459164807383	0
Solyc05g009410.3	0.7142386394145388	0
Solyc10g005240.3	0.714292948552671	0
Solyc12g097080.2	0.7143291374612628	0
Solyc02g083870.3	0.7143472267637685	0
Solyc10g017690.1	0.7155816001622001	0
Solyc06g073220.1	0.7156342375416507	0
Solyc10g055730.3	0.7161389988129951	0
Solyc03g094170.3	0.7164496615887616	0
Solyc11g011320.1	0.7164562792973921	0
Solyc05g015890.5	0.7165694177265939	0
Solyc03g062670.1	0.7166074150903579	0
Solyc12g150125.1	0.7166093027599201	0
Solyc05g041700.1	0.7166292389683702	0
Solyc02g160520.1	0.7166376132812053	0
Solyc03g058960.1	0.7166376132812053	0
Solyc12g100100.1	0.7166376132812053	0
Solyc00g011660.1	0.7167281500106575	0
Solyc05g162060.1	0.7167281500106575	0
Solyc10g011930.1	0.7167281500106575	0
Solyc00g500269.1	0.716758309656524	0
Solyc02g068220.1	0.716758309656524	0
Solyc01g161400.1	0.716758309656524	0
Solyc03g116130.2	0.716758309656524	0
Solyc07g062010.1	0.716758309656524	0
Solyc06g068100.1	0.716758309656524	0
Solyc07g007480.2	0.716758309656524	0
Solyc11g005470.1	0.716758309656524	0
Solyc11g056510.2	0.716758309656524	0
Solyc02g021490.1	0.7167758374839435	0
Solyc06g072880.2	0.7169814596887107	0
Solyc06g068295.1	0.7170266412399031	0
Solyc08g005180.2	0.7170943730449775	0
Solyc11g043070.3	0.7171169395161511	0
Solyc10g049480.2	0.7171169395161511	0
Solyc12g049612.1	0.7171169395161511	0
Solyc08g074460.3	0.7171277913644584	0
Solyc08g079285.2	0.71718047145097	0
Solyc10g076650.3	0.7172506658408768	0
Solyc02g082733.1	0.7175833774610769	0
Solyc04g077730.1	0.7176183315085791	0
Solyc10g076670.4	0.7176882007163072	0
Solyc03g118870.5	0.7180193731986836	0
Solyc03g032240.4	0.7180367710861408	0
Solyc08g082500.2	0.7180367710861408	0
Solyc10g048180.1	0.7180715572099418	0
Solyc06g071090.3	0.718106330472194	0
Solyc03g113440.3	0.7181410908808146	0
Solyc03g118050.3	0.7181410908808146	0
Solyc09g098000.5	0.7181410908808146	0
Solyc10g008040.5	0.7181410908808146	0
Solyc02g092180.1	0.7181584662674851	0
Solyc07g052410.4	0.7181584662674851	0
Solyc07g041500.3	0.7181584662674851	0
Solyc07g006770.2	0.7181584662674851	0
Solyc08g074350.3	0.7181584662674851	0
Solyc12g057010.3	0.7181584662674851	0
Solyc03g007210.3	0.7181758384437136	0
Solyc01g088260.3	0.7181758384437136	0
Solyc01g088270.4	0.7181758384437136	0
Solyc03g116973.1	0.7181758384437136	0
Solyc05g013360.3	0.7181758384437136	0
Solyc02g072490.3	0.7181932074104878	0
Solyc01g022785.1	0.7181932074104878	0
Solyc01g108990.3	0.7181932074104878	0
Solyc03g119230.1	0.7181932074104878	0
Solyc08g068850.3	0.7181932074104878	0
Solyc01g060260.5	0.7182105731687947	0
Solyc01g105220.3	0.7182105731687947	0
Solyc04g081810.5	0.7182105731687947	0
Solyc05g011850.1	0.7182105731687947	0
Solyc05g006140.1	0.7182105731687947	0
Solyc05g053600.3	0.7182105731687947	0
Solyc07g037950.1	0.7182105731687947	0
Solyc08g036570.1	0.7182105731687947	0
Solyc06g083990.3	0.7182105731687947	0
Solyc02g089295.1	0.7182279357196214	0
Solyc00g019950.2	0.7182279357196214	0
Solyc01g091240.4	0.7182279357196214	0
Solyc02g014460.5	0.7182279357196214	0
Solyc01g098830.3	0.7182279357196214	0
Solyc02g077190.4	0.7182279357196214	0
Solyc02g160220.1	0.7182279357196214	0
Solyc02g062800.2	0.7182279357196214	0
Solyc02g092530.4	0.7182279357196214	0
Solyc02g065580.3	0.7182279357196214	0
Solyc01g079390.5	0.7182279357196214	0
Solyc01g096740.4	0.7182279357196214	0
Solyc03g031890.3	0.7182279357196214	0
Solyc02g093180.3	0.7182279357196214	0
Solyc03g032140.5	0.7182279357196214	0
Solyc04g008930.2	0.7182279357196214	0
Solyc03g120000.3	0.7182279357196214	0
Solyc03g115530.5	0.7182279357196214	0
Solyc03g120120.3	0.7182279357196214	0
Solyc05g044480.3	0.7182279357196214	0
Solyc03g117500.1	0.7182279357196214	0
Solyc04g015570.3	0.7182279357196214	0
Solyc06g036120.3	0.7182279357196214	0
Solyc07g049570.3	0.7182279357196214	0
Solyc07g009460.3	0.7182279357196214	0
Solyc06g036640.4	0.7182279357196214	0
Solyc05g009040.3	0.7182279357196214	0
Solyc07g065810.2	0.7182279357196214	0
Solyc05g009253.1	0.7182279357196214	0
Solyc06g034340.3	0.7182279357196214	0
Solyc09g015350.4	0.7182279357196214	0
Solyc08g006910.5	0.7182279357196214	0
Solyc09g010605.1	0.7182279357196214	0
Solyc07g026640.3	0.7182279357196214	0
Solyc07g008600.1	0.7182279357196214	0
Solyc08g013740.4	0.7182279357196214	0
Solyc09g008070.5	0.7182279357196214	0
Solyc10g084260.3	0.7182279357196214	0
Solyc10g084730.2	0.7182279357196214	0
Solyc11g072400.3	0.7182279357196214	0
Solyc12g089010.3	0.7182279357196214	0
Solyc12g014130.2	0.7182279357196214	0
Solyc11g011410.3	0.7182279357196214	0
Solyc11g062310.2	0.7182279357196214	0
Solyc11g069800.1	0.7182279357196214	0
Solyc07g160230.1	0.7191856851790964	0
Solyc12g019680.1	0.7193988409190553	0
Solyc07g054860.1	0.7194181946717237	0
Solyc04g071523.1	0.7195149034475891	0
Solyc01g105960.2	0.7195535589894599	0
Solyc09g066350.1	0.7195921985658343	0
Solyc03g161100.1	0.7221253656437454	0
Solyc08g080660.1	0.722146750450896	0
Solyc04g072360.2	0.7221681303252168	0
Solyc07g017240.1	0.7221895052686023	0
Solyc06g075740.2	0.7221895052686023	0
Solyc01g060100.2	0.7250240272061905	0
Solyc02g071520.3	0.7250240272061905	0
Solyc02g067050.3	0.7250240272061905	0
Solyc02g071710.3	0.7250240272061905	0
Solyc02g071740.3	0.7250240272061905	0
Solyc02g038804.2	0.7250240272061905	0
Solyc01g090880.3	0.7250240272061905	0
Solyc02g038814.1	0.7250240272061905	0
Solyc02g067440.3	0.7250240272061905	0
Solyc03g006610.3	0.7250240272061905	0
Solyc03g006640.3	0.7250240272061905	0
Solyc01g108200.3	0.7250240272061905	0
Solyc01g080750.3	0.7250240272061905	0
Solyc02g085300.4	0.7250240272061905	0
Solyc03g006820.3	0.7250240272061905	0
Solyc02g089850.3	0.7250240272061905	0
Solyc02g067900.3	0.7250240272061905	0
Solyc01g091540.3	0.7250240272061905	0
Solyc02g055550.3	0.7250240272061905	0
Solyc01g020440.3	0.7250240272061905	0
Solyc02g081120.4	0.7250240272061905	0
Solyc02g075630.3	0.7250240272061905	0
Solyc01g009480.5	0.7250240272061905	0
Solyc01g098210.3	0.7250240272061905	0
Solyc02g090120.1	0.7250240272061905	0
Solyc01g108580.3	0.7250240272061905	0
Solyc01g104070.3	0.7250240272061905	0
Solyc02g020890.4	0.7250240272061905	0
Solyc01g108670.4	0.7250240272061905	0
Solyc02g076810.4	0.7250240272061905	0
Solyc03g007250.1	0.7250240272061905	0
Solyc01g091950.5	0.7250240272061905	0
Solyc02g068315.1	0.7250240272061905	0
Solyc01g081470.5	0.7250240272061905	0
Solyc01g009890.1	0.7250240272061905	0
Solyc01g094050.1	0.7250240272061905	0
Solyc02g021360.3	0.7250240272061905	0
Solyc01g005000.3	0.7250240272061905	0
Solyc02g077110.4	0.7250240272061905	0
Solyc01g081586.1	0.7250240272061905	0
Solyc02g086180.4	0.7250240272061905	0
Solyc02g062230.1	0.7250240272061905	0
Solyc02g090710.3	0.7250240272061905	0
Solyc01g104640.4	0.7250240272061905	0
Solyc02g086220.3	0.7250240272061905	0
Solyc02g021550.3	0.7250240272061905	0
Solyc01g005100.4	0.7250240272061905	0
Solyc02g086330.5	0.7250240272061905	0
Solyc01g049680.3	0.7250240272061905	0
Solyc02g086450.1	0.7250240272061905	0
Solyc02g082030.3	0.7250240272061905	0
Solyc02g068900.3	0.7250240272061905	0
Solyc01g105010.3	0.7250240272061905	0
Solyc02g086610.4	0.7250240272061905	0
Solyc01g099310.4	0.7250240272061905	0
Solyc01g105140.3	0.7250240272061905	0
Solyc02g086780.4	0.7250240272061905	0
Solyc02g091270.3	0.7250240272061905	0
Solyc01g087140.5	0.7250240272061905	0
Solyc01g099520.3	0.7250240272061905	0
Solyc02g086810.1	0.7250240272061905	0
Solyc01g005590.2	0.7250240272061905	0
Solyc01g087190.4	0.7250240272061905	0
Solyc01g109700.3	0.7250240272061905	0
Solyc01g105380.2	0.7250240272061905	0
Solyc01g105383.1	0.7250240272061905	0
Solyc02g091530.4	0.7250240272061905	0
Solyc02g063300.3	0.7250240272061905	0
Solyc01g105530.3	0.7250240272061905	0
Solyc01g005950.4	0.7250240272061905	0
Solyc02g087280.3	0.7250240272061905	0
Solyc02g063510.1	0.7250240272061905	0
Solyc02g063547.1	0.7250240272061905	0
Solyc02g064730.3	0.7250240272061905	0
Solyc02g083060.1	0.7250240272061905	0
Solyc01g100600.4	0.7250240272061905	0
Solyc01g058020.4	0.7250240272061905	0
Solyc02g092250.3	0.7250240272061905	0
Solyc01g096000.2	0.7250240272061905	0
Solyc01g088370.3	0.7250240272061905	0
Solyc01g073940.3	0.7250240272061905	0
Solyc02g078990.4	0.7250240272061905	0
Solyc02g032970.4	0.7250240272061905	0
Solyc01g074000.4	0.7250240272061905	0
Solyc01g100920.3	0.7250240272061905	0
Solyc01g106430.3	0.7250240272061905	0
Solyc01g058730.4	0.7250240272061905	0
Solyc01g106680.4	0.7250240272061905	0
Solyc02g070875.1	0.7250240272061905	0
Solyc01g007120.3	0.7250240272061905	0
Solyc01g111450.3	0.7250240272061905	0
Solyc01g101250.3	0.7250240272061905	0
Solyc02g083760.4	0.7250240272061905	0
Solyc03g005730.4	0.7250240272061905	0
Solyc02g088330.2	0.7250240272061905	0
Solyc03g083400.3	0.7250240272061905	0
Solyc03g005900.5	0.7250240272061905	0
Solyc01g111680.5	0.7250240272061905	0
Solyc02g092910.3	0.7250240272061905	0
Solyc01g079600.4	0.7250240272061905	0
Solyc01g107020.5	0.7250240272061905	0
Solyc03g006000.3	0.7250240272061905	0
Solyc01g096930.3	0.7250240272061905	0
Solyc03g083710.1	0.7250240272061905	0
Solyc01g097000.3	0.7250240272061905	0
Solyc01g008000.3	0.7250240272061905	0
Solyc03g032050.5	0.7250240272061905	0
Solyc02g088790.3	0.7250240272061905	0
Solyc03g083910.6	0.7250240272061905	0
Solyc01g090390.1	0.7250240272061905	0
Solyc03g098610.3	0.7250240272061905	0
Solyc03g114970.3	0.7250240272061905	0
Solyc01g079980.4	0.7250240272061905	0
Solyc04g008780.4	0.7250240272061905	0
Solyc03g119520.5	0.7250240272061905	0
Solyc03g115080.2	0.7250240272061905	0
Solyc01g112020.3	0.7250240272061905	0
Solyc01g008220.3	0.7250240272061905	0
Solyc01g107600.3	0.7250240272061905	0
Solyc02g089100.3	0.7250240272061905	0
Solyc03g110870.3	0.7250240272061905	0
Solyc04g050620.3	0.7250240272061905	0
Solyc04g070990.4	0.7250240272061905	0
Solyc02g084650.3	0.7250240272061905	0
Solyc03g111050.3	0.7250240272061905	0
Solyc04g071050.4	0.7250240272061905	0
Solyc05g009630.4	0.7250240272061905	0
Solyc04g077480.3	0.7250240272061905	0
Solyc03g119980.3	0.7250240272061905	0
Solyc06g007330.3	0.7250240272061905	0
Solyc03g120010.4	0.7250240272061905	0
Solyc06g007360.3	0.7250240272061905	0
Solyc05g015490.5	0.7250240272061905	0
Solyc04g071310.3	0.7250240272061905	0
Solyc05g015530.3	0.7250240272061905	0
Solyc03g034090.3	0.7250240272061905	0
Solyc04g009457.1	0.7250240272061905	0
Solyc03g034250.4	0.7250240272061905	0
Solyc03g120280.1	0.7250240272061905	0
Solyc06g007670.4	0.7250240272061905	0
Solyc06g007760.4	0.7250240272061905	0
Solyc03g111840.3	0.7250240272061905	0
Solyc03g116110.3	0.7250240272061905	0
Solyc05g005770.3	0.7250240272061905	0
Solyc04g078290.5	0.7250240272061905	0
Solyc04g025210.5	0.7250240272061905	0
Solyc03g120660.4	0.7250240272061905	0
Solyc04g053000.1	0.7250240272061905	0
Solyc03g044100.4	0.7250240272061905	0
Solyc04g025650.3	0.7250240272061905	0
Solyc06g008330.2	0.7250240272061905	0
Solyc03g078110.1	0.7250240272061905	0
Solyc03g095620.5	0.7250240272061905	0
Solyc04g072310.3	0.7250240272061905	0
Solyc03g044510.3	0.7250240272061905	0
Solyc04g054510.4	0.7250240272061905	0
Solyc04g006970.4	0.7250240272061905	0
Solyc05g012350.4	0.7250240272061905	0
Solyc04g007000.3	0.7250240272061905	0
Solyc03g078730.3	0.7250240272061905	0
Solyc06g009140.3	0.7250240272061905	0
Solyc03g121590.3	0.7250240272061905	0
Solyc06g009210.5	0.7250240272061905	0
Solyc05g053870.3	0.7250240272061905	0
Solyc04g007400.4	0.7250240272061905	0
Solyc03g080160.4	0.7250240272061905	0
Solyc04g040200.3	0.7250240272061905	0
Solyc05g048850.4	0.7250240272061905	0
Solyc05g021100.2	0.7250240272061905	0
Solyc03g117570.3	0.7250240272061905	0
Solyc04g079750.4	0.7250240272061905	0
Solyc04g074310.4	0.7250240272061905	0
Solyc05g007180.3	0.7250240272061905	0
Solyc03g113490.3	0.7250240272061905	0
Solyc03g097010.3	0.7250240272061905	0
Solyc04g007870.3	0.7250240272061905	0
Solyc04g074420.1	0.7250240272061905	0
Solyc03g113540.3	0.7250240272061905	0
Solyc05g023710.3	0.7250240272061905	0
Solyc04g079940.3	0.7250240272061905	0
Solyc04g074560.1	0.7250240272061905	0
Solyc04g074740.5	0.7250240272061905	0
Solyc04g080090.4	0.7250240272061905	0
Solyc06g005150.3	0.7250240272061905	0
Solyc04g049350.4	0.7250240272061905	0
Solyc04g080300.4	0.7250240272061905	0
Solyc03g097470.3	0.7250240272061905	0
Solyc03g082920.4	0.7250240272061905	0
Solyc03g123600.4	0.7250240272061905	0
Solyc03g118180.3	0.7250240272061905	0
Solyc04g008490.2	0.7250240272061905	0
Solyc03g114050.3	0.7250240272061905	0
Solyc03g097710.4	0.7250240272061905	0
Solyc04g076100.4	0.7250240272061905	0
Solyc05g013860.5	0.7250240272061905	0
Solyc04g076260.2	0.7250240272061905	0
Solyc04g080660.4	0.7250240272061905	0
Solyc06g005795.3	0.7250240272061905	0
Solyc05g025810.3	0.7250240272061905	0
Solyc04g076340.3	0.7250240272061905	0
Solyc04g076410.3	0.7250240272061905	0
Solyc04g076530.3	0.7250240272061905	0
Solyc03g114470.2	0.7250240272061905	0
Solyc06g072160.3	0.7250240272061905	0
Solyc05g051580.3	0.7250240272061905	0
Solyc06g036350.3	0.7250240272061905	0
Solyc07g009320.3	0.7250240272061905	0
Solyc07g065610.1	0.7250240272061905	0
Solyc04g077000.3	0.7250240272061905	0
Solyc06g054540.3	0.7250240272061905	0
Solyc03g119250.5	0.7250240272061905	0
Solyc06g066180.4	0.7250240272061905	0
Solyc06g082120.5	0.7250240272061905	0
Solyc07g049740.4	0.7250240272061905	0
Solyc08g062700.3	0.7250240272061905	0
Solyc07g005440.1	0.7250240272061905	0
Solyc05g056090.3	0.7250240272061905	0
Solyc06g066330.3	0.7250240272061905	0
Solyc05g056170.3	0.7250240272061905	0
Solyc06g072840.3	0.7250240272061905	0
Solyc08g074800.3	0.7250240272061905	0
Solyc07g052070.3	0.7250240272061905	0
Solyc07g066070.3	0.7250240272061905	0
Solyc08g065160.3	0.7250240272061905	0
Solyc06g060310.3	0.7250240272061905	0
Solyc08g079520.3	0.7250240272061905	0
Solyc06g048460.2	0.7250240272061905	0
Solyc06g073120.4	0.7250240272061905	0
Solyc09g014990.4	0.7250240272061905	0
Solyc06g066670.4	0.7250240272061905	0
Solyc07g052310.1	0.7250240272061905	0
Solyc06g082680.4	0.7250240272061905	0
Solyc07g061920.4	0.7250240272061905	0
Solyc09g008670.3	0.7250240272061905	0
Solyc06g066840.3	0.7250240272061905	0
Solyc08g079800.4	0.7250240272061905	0
Solyc06g060675.1	0.7250240272061905	0
Solyc08g075340.3	0.7250240272061905	0
Solyc07g017660.3	0.7250240272061905	0
Solyc07g017825.1	0.7250240272061905	0
Solyc06g050120.3	0.7250240272061905	0
Solyc08g006900.3	0.7250240272061905	0
Solyc08g029230.4	0.7250240272061905	0
Solyc09g018010.3	0.7250240272061905	0
Solyc08g066180.3	0.7250240272061905	0
Solyc07g042250.3	0.7250240272061905	0
Solyc08g066210.3	0.7250240272061905	0
Solyc07g042270.4	0.7250240272061905	0
Solyc07g006680.1	0.7250240272061905	0
Solyc06g061280.3	0.7250240272061905	0
Solyc08g075970.3	0.7250240272061905	0
Solyc07g042590.4	0.7250240272061905	0
Solyc06g083670.4	0.7250240272061905	0
Solyc06g083760.3	0.7250240272061905	0
Solyc07g019670.4	0.7250240272061905	0
Solyc07g062880.3	0.7250240272061905	0
Solyc06g051060.4	0.7250240272061905	0
Solyc08g076390.3	0.7250240272061905	0
Solyc06g062850.3	0.7250240272061905	0
Solyc06g062880.2	0.7250240272061905	0
Solyc06g074720.5	0.7250240272061905	0
Solyc06g062960.3	0.7250240272061905	0
Solyc06g062980.3	0.7250240272061905	0
Solyc08g081190.3	0.7250240272061905	0
Solyc06g084190.3	0.7250240272061905	0
Solyc09g005230.3	0.7250240272061905	0
Solyc09g009830.3	0.7250240272061905	0
Solyc06g074780.1	0.7250240272061905	0
Solyc06g069245.1	0.7250240272061905	0
Solyc08g007840.3	0.7250240272061905	0
Solyc08g067260.5	0.7250240272061905	0
Solyc08g067290.3	0.7250240272061905	0
Solyc07g007800.3	0.7250240272061905	0
Solyc08g048395.1	0.7250240272061905	0
Solyc08g081455.1	0.7250240272061905	0
Solyc07g021650.3	0.7250240272061905	0
Solyc08g081490.5	0.7250240272061905	0
Solyc08g077040.3	0.7250240272061905	0
Solyc06g063420.5	0.7250240272061905	0
Solyc09g005610.4	0.7250240272061905	0
Solyc08g077060.3	0.7250240272061905	0
Solyc08g048550.3	0.7250240272061905	0
Solyc08g008210.3	0.7250240272061905	0
Solyc09g064510.3	0.7250240272061905	0
Solyc07g063575.1	0.7250240272061905	0
Solyc07g063620.3	0.7250240272061905	0
Solyc07g008170.2	0.7250240272061905	0
Solyc06g064630.3	0.7250240272061905	0
Solyc07g008250.3	0.7250240272061905	0
Solyc08g077290.1	0.7250240272061905	0
Solyc08g077300.3	0.7250240272061905	0
Solyc07g025170.3	0.7250240272061905	0
Solyc07g025230.2	0.7250240272061905	0
Solyc07g008430.2	0.7250240272061905	0
Solyc06g053310.3	0.7250240272061905	0
Solyc06g075670.1	0.7250240272061905	0
Solyc07g026680.2	0.7250240272061905	0
Solyc08g068030.1	0.7250240272061905	0
Solyc08g082230.3	0.7250240272061905	0
Solyc06g075800.1	0.7250240272061905	0
Solyc08g077630.3	0.7250240272061905	0
Solyc09g007250.5	0.7250240272061905	0
Solyc06g065230.3	0.7250240272061905	0
Solyc07g008690.3	0.7250240272061905	0
Solyc07g064250.3	0.7250240272061905	0
Solyc08g005230.3	0.7250240272061905	0
Solyc08g068310.3	0.7250240272061905	0
Solyc08g005270.3	0.7250240272061905	0
Solyc08g014000.3	0.7250240272061905	0
Solyc06g076100.3	0.7250240272061905	0
Solyc08g068480.1	0.7250240272061905	0
Solyc08g082660.2	0.7250240272061905	0
Solyc07g055160.4	0.7250240272061905	0
Solyc08g068600.3	0.7250240272061905	0
Solyc09g007650.3	0.7250240272061905	0
Solyc09g065730.3	0.7250240272061905	0
Solyc08g062340.3	0.7250240272061905	0
Solyc08g068860.3	0.7250240272061905	0
Solyc09g090600.3	0.7250240272061905	0
Solyc10g052712.1	0.7250240272061905	0
Solyc10g078400.2	0.7250240272061905	0
Solyc09g011650.4	0.7250240272061905	0
Solyc06g071960.4	0.7250240272061905	0
Solyc08g078345.1	0.7250240272061905	0
Solyc07g065080.4	0.7250240272061905	0
Solyc10g084020.1	0.7250240272061905	0
Solyc10g078600.3	0.7250240272061905	0
Solyc08g074240.3	0.7250240272061905	0
Solyc10g078700.3	0.7250240272061905	0
Solyc09g057920.3	0.7250240272061905	0
Solyc10g078740.2	0.7250240272061905	0
Solyc07g049440.3	0.7250240272061905	0
Solyc09g074650.3	0.7250240272061905	0
Solyc08g074420.3	0.7250240272061905	0
Solyc11g033280.2	0.7250240272061905	0
Solyc08g078780.2	0.7250240272061905	0
Solyc09g091250.4	0.7250240272061905	0
Solyc09g075000.3	0.7250240272061905	0
Solyc09g091440.3	0.7250240272061905	0
Solyc09g091590.3	0.7250240272061905	0
Solyc11g039950.3	0.7250240272061905	0
Solyc11g072040.2	0.7250240272061905	0
Solyc10g009410.1	0.7250240272061905	0
Solyc11g008080.3	0.7250240272061905	0
Solyc12g005340.3	0.7250240272061905	0
Solyc12g021280.2	0.7250240272061905	0
Solyc11g072190.2	0.7250240272061905	0
Solyc12g010710.1	0.7250240272061905	0
Solyc10g085180.2	0.7250240272061905	0
Solyc12g044200.3	0.7250240272061905	0
Solyc12g099190.1	0.7250240272061905	0
Solyc10g047000.2	0.7250240272061905	0
Solyc12g010820.2	0.7250240272061905	0
Solyc09g092110.5	0.7250240272061905	0
Solyc09g092140.3	0.7250240272061905	0
Solyc12g088300.2	0.7250240272061905	0
Solyc11g072550.2	0.7250240272061905	0
Solyc10g085440.1	0.7250240272061905	0
Solyc09g075980.3	0.7250240272061905	0
Solyc09g092320.3	0.7250240272061905	0
Solyc10g055780.1	0.7250240272061905	0
Solyc10g079930.1	0.7250240272061905	0
Solyc12g099560.2	0.7250240272061905	0
Solyc09g092450.3	0.7250240272061905	0
Solyc11g066410.2	0.7250240272061905	0
Solyc10g005900.3	0.7250240272061905	0
Solyc12g011410.1	0.7250240272061905	0
Solyc10g085900.3	0.7250240272061905	0
Solyc11g018740.3	0.7250240272061905	0
Solyc11g005450.3	0.7250240272061905	0
Solyc11g044750.3	0.7250240272061905	0
Solyc10g086040.2	0.7250240272061905	0
Solyc11g005570.2	0.7250240272061905	0
Solyc12g100170.1	0.7250240272061905	0
Solyc11g066830.2	0.7250240272061905	0
Solyc12g100180.2	0.7250240272061905	0
Solyc12g049380.3	0.7250240272061905	0
Solyc12g049410.3	0.7250240272061905	0
Solyc12g036320.4	0.7250240272061905	0
Solyc09g082720.3	0.7250240272061905	0
Solyc11g045030.2	0.7250240272061905	0
Solyc11g045210.2	0.7250240272061905	0
Solyc11g020290.3	0.7250240272061905	0
Solyc12g014400.3	0.7250240272061905	0
Solyc12g094710.2	0.7250240272061905	0
Solyc12g006997.1	0.7250240272061905	0
Solyc10g150103.1	0.7250240272061905	0
Solyc11g011120.2	0.7250240272061905	0
Solyc11g068515.1	0.7250240272061905	0
Solyc10g007110.3	0.7250240272061905	0
Solyc10g076420.2	0.7250240272061905	0
Solyc12g015880.2	0.7250240272061905	0
Solyc10g081630.2	0.7250240272061905	0
Solyc10g076580.1	0.7250240272061905	0
Solyc11g006720.2	0.7250240272061905	0
Solyc11g021365.2	0.7250240272061905	0
Solyc11g068930.3	0.7250240272061905	0
Solyc12g096120.2	0.7250240272061905	0
Solyc11g027810.4	0.7250240272061905	0
Solyc12g096220.2	0.7250240272061905	0
Solyc09g090090.2	0.7250240272061905	0
Solyc09g160350.1	0.7250240272061905	0
Solyc12g008890.3	0.7250240272061905	0
Solyc12g040680.2	0.7250240272061905	0
Solyc12g056980.1	0.7250240272061905	0
Solyc09g090360.3	0.7250240272061905	0
Solyc12g096700.2	0.7250240272061905	0
Solyc10g078340.2	0.7250240272061905	0
Solyc12g018990.2	0.7250240272061905	0
Solyc11g069570.2	0.7250240272061905	0
Solyc11g064800.3	0.7250240272061905	0
Solyc12g009400.2	0.7250240272061905	0
Solyc11g064890.2	0.7250240272061905	0
Solyc12g098310.2	0.7250240272061905	0
Solyc12g098420.3	0.7250240272061905	0
Solyc12g098660.3	0.7250240272061905	0
Solyc12g098820.2	0.7250240272061905	0
Solyc06g048860.3	0.726189799363684	0
Solyc02g086850.3	0.7262657050750012	0
Solyc02g079120.1	0.7262657050750012	0
Solyc11g071360.1	0.7262657050750012	0
Solyc10g049250.4	0.7263515223456101	0
Solyc06g065660.1	0.7263614958642446	0
Solyc00g316530.1	0.7263934038022963	0
Solyc02g087570.1	0.7263934038022963	0
Solyc04g049807.1	0.7263934038022963	0
Solyc07g052860.3	0.7263934038022963	0
Solyc11g039577.1	0.7263934038022963	0
Solyc12g005645.1	0.7263934038022963	0
Solyc04g081120.1	0.7265107290348369	0
Solyc04g024967.1	0.7267844537829087	0
Solyc02g062890.3	0.7277235466695502	0
Solyc04g055020.2	0.7279002227153124	0
Solyc00g500367.1	0.7279531585446604	0
Solyc05g010330.4	0.7292144280881729	0
Solyc11g039360.2	0.7300972943421403	0
Solyc12g098400.2	0.7302865876243065	0
Solyc11g066810.2	0.7303437943378355	0
Solyc06g160970.1	0.7303633386263397	0
Solyc12g100340.1	0.7303633386263397	0
Solyc03g079980.2	0.7303724985497597	0
Solyc04g011990.4	0.7323932705031994	0
Solyc02g063210.1	0.7326615223891573	0
Solyc12g017250.2	0.7327451859127476	0
Solyc08g082770.3	0.7327786293495125	0
Solyc10g079670.2	0.733095717469811	0
Solyc02g079180.1	0.7331456809671362	0
Solyc05g054650.1	0.7334946420431541	0
Solyc03g116440.3	0.7335499806335699	0
Solyc03g116070.1	0.7335609558327256	0
Solyc05g051920.3	0.7335940941810808	0
Solyc06g050540.1	0.7336442200563702	0
Solyc08g077810.2	0.733743063977969	0
Solyc01g099565.1	0.7338257171351639	0
Solyc06g008270.2	0.7338917843029138	0
Solyc06g060070.3	0.7339082934141798	0
Solyc01g095250.1	0.7339578023295895	0
Solyc08g078160.3	0.7339907929340441	0
Solyc10g086370.1	0.7340237712760407	0
Solyc04g082520.3	0.7340402558509891	0
Solyc01g105880.4	0.7340567373631687	0
Solyc04g008120.4	0.734073215813527	0
Solyc07g062460.4	0.734073215813527	0
Solyc02g094180.3	0.7341061635325687	0
Solyc04g054290.3	0.7341061635325687	0
Solyc06g009280.1	0.7341061635325687	0
Solyc11g072060.3	0.7341061635325687	0
Solyc07g053570.4	0.7341226328031457	0
Solyc01g104010.3	0.7341390990156879	0
Solyc01g088575.1	0.7341390990156879	0
Solyc01g097200.2	0.7341390990156879	0
Solyc04g070960.3	0.7341390990156879	0
Solyc04g024650.3	0.7341390990156879	0
Solyc06g072620.4	0.7341390990156879	0
Solyc07g007770.2	0.7341390990156879	0
Solyc08g008580.3	0.7341390990156879	0
Solyc06g053740.4	0.7341390990156879	0
Solyc11g018660.2	0.7341390990156879	0
Solyc11g010260.4	0.7341390990156879	0
Solyc02g080100.1	0.7341555621711413	0
Solyc01g008760.4	0.7341555621711413	0
Solyc02g080360.1	0.7341555621711413	0
Solyc03g007150.3	0.7341555621711413	0
Solyc01g066870.3	0.7341555621711413	0
Solyc01g109260.3	0.7341555621711413	0
Solyc01g095960.4	0.7341555621711413	0
Solyc03g025760.4	0.7341555621711413	0
Solyc02g093390.4	0.7341555621711413	0
Solyc04g051700.3	0.7341555621711413	0
Solyc04g007200.4	0.7341555621711413	0
Solyc04g054790.2	0.7341555621711413	0
Solyc04g054820.3	0.7341555621711413	0
Solyc03g117300.4	0.7341555621711413	0
Solyc05g051560.5	0.7341555621711413	0
Solyc06g007240.5	0.7341555621711413	0
Solyc08g006390.1	0.7341555621711413	0
Solyc08g075810.3	0.7341555621711413	0
Solyc07g053850.3	0.7341555621711413	0
Solyc06g075480.4	0.7341555621711413	0
Solyc10g054040.3	0.7341555621711413	0
Solyc11g067110.2	0.7341555621711413	0
Solyc00g500121.1	0.7351534931113707	0
Solyc05g041580.1	0.7351781460333797	0
Solyc02g160110.1	0.7351999002948817	0
Solyc07g062790.1	0.7352211463949968	0
Solyc04g150102.1	0.7352423873849934	0
Solyc08g067080.3	0.7354159941819708	0
Solyc05g005685.1	0.7354326260941856	0
Solyc12g160270.1	0.7354326260941856	0
Solyc01g017750.1	0.735466948111897	0
Solyc05g010190.2	0.735466948111897	0
Solyc05g024000.1	0.735466948111897	0
Solyc06g011510.1	0.735466948111897	0
Solyc07g009585.1	0.735466948111897	0
Solyc07g065923.1	0.735466948111897	0
Solyc07g016000.1	0.735466948111897	0
Solyc06g068250.1	0.735466948111897	0
Solyc11g010735.1	0.735466948111897	0
Solyc10g038020.2	0.735466948111897	0
Solyc04g005020.3	0.7363892295706027	0
Solyc03g006930.3	0.7364439979006152	0
Solyc01g110230.1	0.7364439979006152	0
Solyc02g071290.1	0.7364804911728378	0
Solyc03g113110.1	0.7364804911728378	0
Solyc06g005580.5	0.7376819579149596	0
Solyc12g008320.2	0.7385715218965976	0
Solyc03g006650.2	0.7398753623037075	0
Solyc01g108470.3	0.7398955034654242	0
Solyc10g050190.3	0.740995498678362	0
Solyc07g032788.2	0.7410301350173001	0
Solyc11g150123.2	0.7410301350173001	0
Solyc03g025780.3	0.7417986916099473	0
Solyc05g052390.3	0.7419356681504514	0
Solyc01g068550.3	0.7427783802257021	0
Solyc09g150106.1	0.7427783802257021	0
Solyc05g007350.3	0.7432521331822823	0
Solyc01g100670.1	0.7441202051415143	0
Solyc10g083450.3	0.7441202051415143	0
Solyc12g010280.1	0.7441393768671896	0
Solyc09g005370.1	0.7443252468856583	0
Solyc12g040470.2	0.7443419077378437	0
Solyc02g072560.1	0.7456479156377092	0
Solyc10g008030.5	0.7464479887774513	0
Solyc07g054840.4	0.7466427774181585	0
Solyc10g055427.2	0.7466914045079245	0
Solyc10g005760.3	0.7467076073199795	0
Solyc07g150108.1	0.7475940041253131	0
Solyc04g011830.1	0.7476100344460663	0
Solyc10g085110.3	0.7478827454428256	0
Solyc09g090385.1	0.7481691795640518	0
Solyc07g042430.1	0.748201206991471	0
Solyc12g089080.3	0.7482805635187666	0
Solyc01g110220.1	0.7483282542991073	0
Solyc05g052110.3	0.7483282542991073	0
Solyc04g057790.1	0.7483282542991073	0
Solyc09g062980.1	0.7483578011023997	0
Solyc01g091290.4	0.748851071016514	0
Solyc03g121810.2	0.7491506133326866	0
Solyc06g082560.3	0.7491506133326866	0
Solyc12g019070.1	0.7492764163177855	0
Solyc04g076730.1	0.7493392469080746	0
Solyc01g067370.3	0.7495274557789633	0
Solyc12g160940.1	0.7496057511734546	0
Solyc11g013780.1	0.7496370487889231	0
Solyc00g006487.2	0.7496683346769093	0
Solyc09g010240.3	0.7498714075962711	0
Solyc08g008620.4	0.7498714075962711	0
Solyc04g076970.3	0.7498870081372637	0
Solyc09g014220.3	0.7498870081372637	0
Solyc12g005530.1	0.7498870081372637	0
Solyc05g055950.1	0.7499805501521708	0
Solyc08g078170.1	0.7500584217475423	0
Solyc10g007220.3	0.7500584217475423	0
Solyc01g094100.2	0.7500895500282232	0
Solyc08g078590.1	0.7501051098098671	0
Solyc06g060590.3	0.7501206666869182	0
Solyc09g098010.3	0.7501206666869182	0
Solyc04g014840.3	0.7501362206602796	0
Solyc06g048740.4	0.7501362206602796	0
Solyc10g007860.3	0.7501362206602796	0
Solyc00g500262.1	0.750151771730854	0
Solyc01g080420.1	0.750151771730854	0
Solyc01g095090.3	0.750151771730854	0
Solyc01g111700.2	0.750151771730854	0
Solyc00g500226.1	0.750151771730854	0
Solyc07g062560.3	0.750151771730854	0
Solyc08g067610.3	0.750151771730854	0
Solyc10g079300.2	0.750151771730854	0
Solyc11g011500.2	0.750151771730854	0
Solyc12g096660.3	0.750151771730854	0
Solyc02g067350.3	0.7501673198995438	0
Solyc04g077220.3	0.7501673198995438	0
Solyc06g008710.3	0.7501673198995438	0
Solyc05g026070.1	0.7501673198995438	0
Solyc07g006420.1	0.7501673198995438	0
Solyc01g081620.3	0.7501828651672507	0
Solyc01g110880.1	0.7501828651672507	0
Solyc03g025670.3	0.7501828651672507	0
Solyc01g106650.3	0.7501828651672507	0
Solyc04g019310.3	0.7501828651672507	0
Solyc07g052190.1	0.7501828651672507	0
Solyc07g006240.4	0.7501828651672507	0
Solyc07g053860.3	0.7501828651672507	0
Solyc12g005610.3	0.7501828651672507	0
Solyc10g017630.3	0.7501828651672507	0
Solyc11g010550.2	0.7501828651672507	0
Solyc11g011180.3	0.7501828651672507	0
Solyc00g500280.1	0.7501984075348767	0
Solyc02g038807.1	0.7501984075348767	0
Solyc02g085160.1	0.7501984075348767	0
Solyc02g061940.5	0.7501984075348767	0
Solyc02g068370.3	0.7501984075348767	0
Solyc00g171810.4	0.7501984075348767	0
Solyc03g007850.1	0.7501984075348767	0
Solyc02g069240.1	0.7501984075348767	0
Solyc02g082900.3	0.7501984075348767	0
Solyc01g097040.4	0.7501984075348767	0
Solyc06g007270.1	0.7501984075348767	0
Solyc04g077600.3	0.7501984075348767	0
Solyc06g007790.1	0.7501984075348767	0
Solyc04g082680.3	0.7501984075348767	0
Solyc06g008050.4	0.7501984075348767	0
Solyc04g005280.4	0.7501984075348767	0
Solyc05g010780.1	0.7501984075348767	0
Solyc05g006200.4	0.7501984075348767	0
Solyc05g046300.3	0.7501984075348767	0
Solyc04g007425.1	0.7501984075348767	0
Solyc04g040130.1	0.7501984075348767	0
Solyc04g074090.4	0.7501984075348767	0
Solyc03g113610.5	0.7501984075348767	0
Solyc03g097570.3	0.7501984075348767	0
Solyc06g030490.3	0.7501984075348767	0
Solyc06g054220.2	0.7501984075348767	0
Solyc05g008930.3	0.7501984075348767	0
Solyc07g006140.4	0.7501984075348767	0
Solyc06g050160.4	0.7501984075348767	0
Solyc09g009460.4	0.7501984075348767	0
Solyc08g076540.3	0.7501984075348767	0
Solyc07g044785.1	0.7501984075348767	0
Solyc08g008360.3	0.7501984075348767	0
Solyc09g064780.3	0.7501984075348767	0
Solyc06g075540.3	0.7501984075348767	0
Solyc06g064870.4	0.7501984075348767	0
Solyc06g065210.4	0.7501984075348767	0
Solyc09g072980.2	0.7501984075348767	0
Solyc09g090510.3	0.7501984075348767	0
Solyc10g054727.1	0.7501984075348767	0
Solyc10g084960.2	0.7501984075348767	0
Solyc11g065630.3	0.7501984075348767	0
Solyc11g065790.1	0.7501984075348767	0
Solyc10g005200.3	0.7501984075348767	0
Solyc10g079590.1	0.7501984075348767	0
Solyc10g005500.3	0.7501984075348767	0
Solyc11g008880.2	0.7501984075348767	0
Solyc12g100260.1	0.7501984075348767	0
Solyc12g036310.1	0.7501984075348767	0
Solyc10g080930.2	0.7501984075348767	0
Solyc12g038557.1	0.7501984075348767	0
Solyc11g011510.1	0.7501984075348767	0
Solyc12g096110.3	0.7501984075348767	0
Solyc10g051150.3	0.7501984075348767	0
Solyc11g062320.2	0.7501984075348767	0
Solyc11g007340.2	0.7501984075348767	0
Solyc12g096710.2	0.7501984075348767	0
Solyc11g012170.1	0.7501984075348767	0
Solyc11g032050.2	0.7501984075348767	0
Solyc01g073860.3	0.7506492193655258	0
Solyc10g084110.2	0.7506787873918128	0
Solyc04g074840.3	0.7507024342445247	0
Solyc02g081720.2	0.750721697078819	0
Solyc03g093070.1	0.750721697078819	0
Solyc05g010510.1	0.750721697078819	0
Solyc08g074840.1	0.750721697078819	0
Solyc06g052040.5	0.750721697078819	0
Solyc12g017430.4	0.750721697078819	0
Solyc09g090210.3	0.750721697078819	0
Solyc10g083390.2	0.750721697078819	0
Solyc08g075060.4	0.7507378919171979	0
Solyc02g161310.1	0.7507645846287144	0
Solyc01g059750.1	0.7507645846287144	0
Solyc03g161720.1	0.7507645846287144	0
Solyc03g071730.1	0.7507645846287144	0
Solyc05g053510.3	0.7507645846287144	0
Solyc04g056550.1	0.7507645846287144	0
Solyc03g114200.4	0.7507645846287144	0
Solyc03g150119.1	0.7507645846287144	0
Solyc07g041270.1	0.7507645846287144	0
Solyc06g061015.1	0.7507645846287144	0
Solyc06g074580.1	0.7507645846287144	0
Solyc09g005050.1	0.7507645846287144	0
Solyc09g010495.1	0.7507645846287144	0
Solyc09g064775.2	0.7507645846287144	0
Solyc11g162280.1	0.7507645846287144	0
Solyc11g065450.1	0.7507645846287144	0
Solyc10g084910.3	0.7507645846287144	0
Solyc12g160310.1	0.7507645846287144	0
Solyc12g015865.2	0.7507645846287144	0
Solyc04g005850.1	0.753137943951832	0
Solyc03g150110.1	0.7532001708206248	0
Solyc01g098060.1	0.7533376972955409	0
Solyc10g076340.3	0.7534767191313884	0
Solyc08g150130.1	0.7535164834471657	0
Solyc04g077900.3	0.754845315119886	0
Solyc10g048010.2	0.7556504326124764	0
Solyc02g068840.1	0.7557015542768528	0
Solyc01g056440.1	0.7557015542768528	0
Solyc02g030523.1	0.7557015542768528	0
Solyc03g005610.5	0.7557015542768528	0
Solyc03g160530.1	0.7557015542768528	0
Solyc04g051170.1	0.7557015542768528	0
Solyc03g161500.1	0.7557015542768528	0
Solyc04g072250.5	0.7557015542768528	0
Solyc03g078425.2	0.7557015542768528	0
Solyc05g046370.1	0.7557015542768528	0
Solyc04g045410.4	0.7557015542768528	0
Solyc05g014052.1	0.7557015542768528	0
Solyc08g065540.3	0.7557015542768528	0
Solyc06g068350.2	0.7557015542768528	0
Solyc09g009731.1	0.7557015542768528	0
Solyc09g042677.1	0.7557015542768528	0
Solyc07g025385.1	0.7557015542768528	0
Solyc08g077660.1	0.7557015542768528	0
Solyc10g017480.1	0.7557015542768528	0
Solyc04g064580.1	0.7557578553058382	0
Solyc01g097290.4	0.7563394859410041	0
Solyc02g080150.3	0.7563394859410041	0
Solyc02g084840.3	0.7563394859410041	0
Solyc02g089240.3	0.7563394859410041	0
Solyc02g089270.1	0.7563394859410041	0
Solyc02g093710.1	0.7563394859410041	0
Solyc01g008820.3	0.7563394859410041	0
Solyc02g072000.3	0.7563394859410041	0
Solyc01g080640.3	0.7563394859410041	0
Solyc02g089610.2	0.7563394859410041	0
Solyc01g108150.3	0.7563394859410041	0
Solyc01g150144.1	0.7563394859410041	0
Solyc01g091260.3	0.7563394859410041	0
Solyc00g500321.1	0.7563394859410041	0
Solyc01g080880.4	0.7563394859410041	0
Solyc02g055440.4	0.7563394859410041	0
Solyc01g103850.5	0.7563394859410041	0
Solyc02g067840.3	0.7563394859410041	0
Solyc02g014720.5	0.7563394859410041	0
Solyc01g103890.3	0.7563394859410041	0
Solyc01g150175.1	0.7563394859410041	0
Solyc01g103990.3	0.7563394859410041	0
Solyc01g098200.3	0.7563394859410041	0
Solyc02g081160.3	0.7563394859410041	0
Solyc01g098320.4	0.7563394859410041	0
Solyc02g090290.4	0.7563394859410041	0
Solyc01g104220.3	0.7563394859410041	0
Solyc02g081380.3	0.7563394859410041	0
Solyc03g007310.3	0.7563394859410041	0
Solyc01g081450.3	0.7563394859410041	0
Solyc03g007490.3	0.7563394859410041	0
Solyc02g068480.3	0.7563394859410041	0
Solyc01g010050.3	0.7563394859410041	0
Solyc01g104540.3	0.7563394859410041	0
Solyc01g098840.3	0.7563394859410041	0
Solyc02g062370.4	0.7563394859410041	0
Solyc02g090820.3	0.7563394859410041	0
Solyc01g005150.3	0.7563394859410041	0
Solyc01g104740.3	0.7563394859410041	0
Solyc01g099030.4	0.7563394859410041	0
Solyc02g090930.3	0.7563394859410041	0
Solyc01g109360.3	0.7563394859410041	0
Solyc02g091010.1	0.7563394859410041	0
Solyc01g049880.3	0.7563394859410041	0
Solyc02g077480.1	0.7563394859410041	0
Solyc02g069010.4	0.7563394859410041	0
Solyc02g082140.3	0.7563394859410041	0
Solyc02g062710.1	0.7563394859410041	0
Solyc01g087000.3	0.7563394859410041	0
Solyc01g087005.1	0.7563394859410041	0
Solyc02g062780.4	0.7563394859410041	0
Solyc01g105130.5	0.7563394859410041	0
Solyc02g091280.3	0.7563394859410041	0
Solyc01g087250.3	0.7563394859410041	0
Solyc01g099670.3	0.7563394859410041	0
Solyc01g099740.4	0.7563394859410041	0
Solyc01g094940.4	0.7563394859410041	0
Solyc00g500059.1	0.7563394859410041	0
Solyc01g095050.3	0.7563394859410041	0
Solyc03g019810.3	0.7563394859410041	0
Solyc02g091670.1	0.7563394859410041	0
Solyc01g099900.4	0.7563394859410041	0
Solyc01g095210.3	0.7563394859410041	0
Solyc01g105600.3	0.7563394859410041	0
Solyc01g095450.5	0.7563394859410041	0
Solyc02g063523.1	0.7563394859410041	0
Solyc02g069750.3	0.7563394859410041	0
Solyc01g068410.5	0.7563394859410041	0
Solyc01g095610.4	0.7563394859410041	0
Solyc01g006360.4	0.7563394859410041	0
Solyc01g110530.3	0.7563394859410041	0
Solyc01g088160.5	0.7563394859410041	0
Solyc01g100720.3	0.7563394859410041	0
Solyc01g110810.3	0.7563394859410041	0
Solyc02g078920.4	0.7563394859410041	0
Solyc03g005180.1	0.7563394859410041	0
Solyc01g096050.4	0.7563394859410041	0
Solyc01g096080.3	0.7563394859410041	0
Solyc01g058280.4	0.7563394859410041	0
Solyc02g087930.3	0.7563394859410041	0
Solyc03g005250.5	0.7563394859410041	0
Solyc02g079040.3	0.7563394859410041	0
Solyc01g111040.4	0.7563394859410041	0
Solyc01g088640.4	0.7563394859410041	0
Solyc01g006860.3	0.7563394859410041	0
Solyc01g106570.3	0.7563394859410041	0
Solyc01g096400.5	0.7563394859410041	0
Solyc02g083640.5	0.7563394859410041	0
Solyc01g096460.2	0.7563394859410041	0
Solyc02g065660.4	0.7563394859410041	0
Solyc02g092680.1	0.7563394859410041	0
Solyc01g007140.3	0.7563394859410041	0
Solyc01g079310.3	0.7563394859410041	0
Solyc01g106790.3	0.7563394859410041	0
Solyc03g005740.3	0.7563394859410041	0
Solyc01g079360.4	0.7563394859410041	0
Solyc01g089910.4	0.7563394859410041	0
Solyc01g060030.3	0.7563394859410041	0
Solyc02g083850.3	0.7563394859410041	0
Solyc02g066800.3	0.7563394859410041	0
Solyc00g500211.1	0.7563394859410041	0
Solyc01g007770.2	0.7563394859410041	0
Solyc02g071090.3	0.7563394859410041	0
Solyc01g102520.5	0.7563394859410041	0
Solyc02g088580.1	0.7563394859410041	0
Solyc03g059200.2	0.7563394859410041	0
Solyc02g088590.5	0.7563394859410041	0
Solyc02g088610.4	0.7563394859410041	0
Solyc02g092990.1	0.7563394859410041	0
Solyc03g026350.3	0.7563394859410041	0
Solyc03g031910.3	0.7563394859410041	0
Solyc03g006030.4	0.7563394859410041	0
Solyc01g111840.3	0.7563394859410041	0
Solyc02g084220.3	0.7563394859410041	0
Solyc01g079820.3	0.7563394859410041	0
Solyc03g006130.3	0.7563394859410041	0
Solyc02g071380.2	0.7563394859410041	0
Solyc02g088780.5	0.7563394859410041	0
Solyc03g031460.1	0.7563394859410041	0
Solyc01g107330.5	0.7563394859410041	0
Solyc02g084350.3	0.7563394859410041	0
Solyc04g064670.3	0.7563394859410041	0
Solyc01g107430.2	0.7563394859410041	0
Solyc03g119640.5	0.7563394859410041	0
Solyc02g089060.3	0.7563394859410041	0
Solyc03g115230.3	0.7563394859410041	0
Solyc03g119730.3	0.7563394859410041	0
Solyc04g050520.3	0.7563394859410041	0
Solyc01g008460.3	0.7563394859410041	0
Solyc03g115280.1	0.7563394859410041	0
Solyc03g110975.1	0.7563394859410041	0
Solyc03g033640.3	0.7563394859410041	0
Solyc04g077340.3	0.7563394859410041	0
Solyc05g015220.3	0.7563394859410041	0
Solyc04g082040.3	0.7563394859410041	0
Solyc03g111290.2	0.7563394859410041	0
Solyc03g034050.3	0.7563394859410041	0
Solyc06g007530.2	0.7563394859410041	0
Solyc03g093560.1	0.7563394859410041	0
Solyc04g051280.5	0.7563394859410041	0
Solyc04g024510.3	0.7563394859410041	0
Solyc05g015710.3	0.7563394859410041	0
Solyc05g005480.2	0.7563394859410041	0
Solyc03g034380.1	0.7563394859410041	0
Solyc03g034392.1	0.7563394859410041	0
Solyc03g120320.1	0.7563394859410041	0
Solyc05g015820.4	0.7563394859410041	0
Solyc03g111720.3	0.7563394859410041	0
Solyc03g111770.3	0.7563394859410041	0
Solyc04g071710.5	0.7563394859410041	0
Solyc03g111815.1	0.7563394859410041	0
Solyc03g043720.4	0.7563394859410041	0
Solyc03g111860.1	0.7563394859410041	0
Solyc05g052670.1	0.7563394859410041	0
Solyc05g005780.3	0.7563394859410041	0
Solyc03g116280.3	0.7563394859410041	0
Solyc05g160400.1	0.7563394859410041	0
Solyc03g094160.3	0.7563394859410041	0
Solyc04g071960.3	0.7563394859410041	0
Solyc03g112010.5	0.7563394859410041	0
Solyc03g095180.3	0.7563394859410041	0
Solyc04g005320.3	0.7563394859410041	0
Solyc03g120790.1	0.7563394859410041	0
Solyc03g120820.4	0.7563394859410041	0
Solyc04g082970.4	0.7563394859410041	0
Solyc05g044630.3	0.7563394859410041	0
Solyc05g011890.1	0.7563394859410041	0
Solyc03g095720.3	0.7563394859410041	0
Solyc03g116740.3	0.7563394859410041	0
Solyc04g026020.3	0.7563394859410041	0
Solyc05g053180.3	0.7563394859410041	0
Solyc05g012290.3	0.7563394859410041	0
Solyc05g018230.4	0.7563394859410041	0
Solyc05g053550.3	0.7563394859410041	0
Solyc06g008920.3	0.7563394859410041	0
Solyc03g112780.1	0.7563394859410041	0
Solyc04g054710.3	0.7563394859410041	0
Solyc05g018490.3	0.7563394859410041	0
Solyc05g047600.5	0.7563394859410041	0
Solyc06g009260.3	0.7563394859410041	0
Solyc05g047690.3	0.7563394859410041	0
Solyc03g081260.4	0.7563394859410041	0
Solyc05g054070.5	0.7563394859410041	0
Solyc04g007540.3	0.7563394859410041	0
Solyc03g113250.4	0.7563394859410041	0
Solyc03g096880.4	0.7563394859410041	0
Solyc05g054230.4	0.7563394859410041	0
Solyc05g049980.3	0.7563394859410041	0
Solyc05g013070.3	0.7563394859410041	0
Solyc04g079840.4	0.7563394859410041	0
Solyc04g007880.4	0.7563394859410041	0
Solyc04g056540.3	0.7563394859410041	0
Solyc04g049090.3	0.7563394859410041	0
Solyc06g010000.3	0.7563394859410041	0
Solyc05g013450.5	0.7563394859410041	0
Solyc03g097540.2	0.7563394859410041	0
Solyc04g049630.3	0.7563394859410041	0
Solyc04g080440.4	0.7563394859410041	0
Solyc04g049710.3	0.7563394859410041	0
Solyc05g050800.3	0.7563394859410041	0
Solyc03g083140.3	0.7563394859410041	0
Solyc04g049970.4	0.7563394859410041	0
Solyc03g097970.4	0.7563394859410041	0
Solyc03g083350.3	0.7563394859410041	0
Solyc04g080670.3	0.7563394859410041	0
Solyc03g098110.4	0.7563394859410041	0
Solyc04g050160.5	0.7563394859410041	0
Solyc06g065520.3	0.7563394859410041	0
Solyc05g055340.4	0.7563394859410041	0
Solyc05g055343.2	0.7563394859410041	0
Solyc03g118710.3	0.7563394859410041	0
Solyc04g080850.3	0.7563394859410041	0
Solyc04g080950.3	0.7563394859410041	0
Solyc04g016230.5	0.7563394859410041	0
Solyc06g065800.3	0.7563394859410041	0
Solyc06g054320.1	0.7563394859410041	0
Solyc06g036310.3	0.7563394859410041	0
Solyc05g051660.1	0.7563394859410041	0
Solyc07g005180.3	0.7563394859410041	0
Solyc06g072380.3	0.7563394859410041	0
Solyc04g076990.3	0.7563394859410041	0
Solyc05g008980.2	0.7563394859410041	0
Solyc08g006030.4	0.7563394859410041	0
Solyc08g006040.3	0.7563394859410041	0
Solyc08g006220.4	0.7563394859410041	0
Solyc07g052110.4	0.7563394859410041	0
Solyc07g052170.1	0.7563394859410041	0
Solyc06g048470.4	0.7563394859410041	0
Solyc08g023270.3	0.7563394859410041	0
Solyc07g066310.3	0.7563394859410041	0
Solyc08g065470.5	0.7563394859410041	0
Solyc06g066740.3	0.7563394859410041	0
Solyc08g023440.3	0.7563394859410041	0
Solyc06g066790.3	0.7563394859410041	0
Solyc06g073280.3	0.7563394859410041	0
Solyc06g082860.5	0.7563394859410041	0
Solyc09g059240.3	0.7563394859410041	0
Solyc06g060690.3	0.7563394859410041	0
Solyc08g023660.3	0.7563394859410041	0
Solyc07g062080.4	0.7563394859410041	0
Solyc07g052600.3	0.7563394859410041	0
Solyc08g006770.3	0.7563394859410041	0
Solyc06g060890.4	0.7563394859410041	0
Solyc08g075580.3	0.7563394859410041	0
Solyc07g041920.5	0.7563394859410041	0
Solyc09g009130.4	0.7563394859410041	0
Solyc06g083190.4	0.7563394859410041	0
Solyc08g029160.1	0.7563394859410041	0
Solyc08g006930.3	0.7563394859410041	0
Solyc08g080430.2	0.7563394859410041	0
Solyc07g052990.1	0.7563394859410041	0
Solyc07g006890.1	0.7563394859410041	0
Solyc07g053150.3	0.7563394859410041	0
Solyc06g062380.3	0.7563394859410041	0
Solyc06g074200.4	0.7563394859410041	0
Solyc07g160360.1	0.7563394859410041	0
Solyc07g053290.3	0.7563394859410041	0
Solyc08g080860.4	0.7563394859410041	0
Solyc06g083780.3	0.7563394859410041	0
Solyc06g050920.5	0.7563394859410041	0
Solyc08g066700.3	0.7563394859410041	0
Solyc09g009640.3	0.7563394859410041	0
Solyc07g062860.3	0.7563394859410041	0
Solyc06g062860.4	0.7563394859410041	0
Solyc09g005120.3	0.7563394859410041	0
Solyc06g069090.3	0.7563394859410041	0
Solyc07g063050.1	0.7563394859410041	0
Solyc06g069110.5	0.7563394859410041	0
Solyc09g025240.3	0.7563394859410041	0
Solyc06g051260.4	0.7563394859410041	0
Solyc07g053710.3	0.7563394859410041	0
Solyc06g063070.3	0.7563394859410041	0
Solyc06g051420.3	0.7563394859410041	0
Solyc08g067160.3	0.7563394859410041	0
Solyc07g053830.3	0.7563394859410041	0
Solyc08g076670.3	0.7563394859410041	0
Solyc06g069330.3	0.7563394859410041	0
Solyc09g010110.3	0.7563394859410041	0
Solyc06g069480.3	0.7563394859410041	0
Solyc06g069490.3	0.7563394859410041	0
Solyc09g005590.3	0.7563394859410041	0
Solyc08g008120.5	0.7563394859410041	0
Solyc07g008060.1	0.7563394859410041	0
Solyc06g051960.3	0.7563394859410041	0
Solyc07g063540.3	0.7563394859410041	0
Solyc08g008330.3	0.7563394859410041	0
Solyc07g045010.3	0.7563394859410041	0
Solyc08g061000.4	0.7563394859410041	0
Solyc06g069790.5	0.7563394859410041	0
Solyc08g008470.3	0.7563394859410041	0
Solyc09g010880.3	0.7563394859410041	0
Solyc09g007240.3	0.7563394859410041	0
Solyc08g068220.3	0.7563394859410041	0
Solyc08g068320.3	0.7563394859410041	0
Solyc09g011080.3	0.7563394859410041	0
Solyc07g008800.5	0.7563394859410041	0
Solyc07g064420.3	0.7563394859410041	0
Solyc07g008850.3	0.7563394859410041	0
Solyc07g055140.3	0.7563394859410041	0
Solyc06g076310.1	0.7563394859410041	0
Solyc09g073000.3	0.7563394859410041	0
Solyc06g071440.5	0.7563394859410041	0
Solyc09g065600.4	0.7563394859410041	0
Solyc09g065620.3	0.7563394859410041	0
Solyc06g071590.3	0.7563394859410041	0
Solyc08g005650.3	0.7563394859410041	0
Solyc09g065820.4	0.7563394859410041	0
Solyc07g048030.4	0.7563394859410041	0
Solyc08g082990.3	0.7563394859410041	0
Solyc07g064870.3	0.7563394859410041	0
Solyc10g078440.3	0.7563394859410041	0
Solyc06g071870.3	0.7563394859410041	0
Solyc09g011750.3	0.7563394859410041	0
Solyc09g008010.3	0.7563394859410041	0
Solyc10g078550.4	0.7563394859410041	0
Solyc10g078570.1	0.7563394859410041	0
Solyc09g057670.3	0.7563394859410041	0
Solyc09g066280.4	0.7563394859410041	0
Solyc08g083370.4	0.7563394859410041	0
Solyc09g066490.4	0.7563394859410041	0
Solyc09g074870.4	0.7563394859410041	0
Solyc10g008930.1	0.7563394859410041	0
Solyc09g014280.1	0.7563394859410041	0
Solyc08g078843.1	0.7563394859410041	0
Solyc10g084420.2	0.7563394859410041	0
Solyc07g065480.3	0.7563394859410041	0
Solyc10g045310.2	0.7563394859410041	0
Solyc09g075100.3	0.7563394859410041	0
Solyc10g084690.2	0.7563394859410041	0
Solyc10g009240.3	0.7563394859410041	0
Solyc12g005020.2	0.7563394859410041	0
Solyc12g005090.3	0.7563394859410041	0
Solyc09g075420.3	0.7563394859410041	0
Solyc11g072070.3	0.7563394859410041	0
Solyc12g087830.2	0.7563394859410041	0
Solyc11g040120.3	0.7563394859410041	0
Solyc11g040180.3	0.7563394859410041	0
Solyc11g072240.2	0.7563394859410041	0
Solyc12g027770.3	0.7563394859410041	0
Solyc12g044370.3	0.7563394859410041	0
Solyc10g011810.4	0.7563394859410041	0
Solyc11g066000.1	0.7563394859410041	0
Solyc10g047300.2	0.7563394859410041	0
Solyc10g055790.1	0.7563394859410041	0
Solyc10g079950.3	0.7563394859410041	0
Solyc10g047610.3	0.7563394859410041	0
Solyc09g082130.4	0.7563394859410041	0
Solyc10g012217.1	0.7563394859410041	0
Solyc10g005800.3	0.7563394859410041	0
Solyc10g005840.4	0.7563394859410041	0
Solyc11g072880.2	0.7563394859410041	0
Solyc10g085740.2	0.7563394859410041	0
Solyc11g066440.2	0.7563394859410041	0
Solyc10g085810.2	0.7563394859410041	0
Solyc12g013500.2	0.7563394859410041	0
Solyc11g008910.2	0.7563394859410041	0
Solyc11g066590.2	0.7563394859410041	0
Solyc11g018805.1	0.7563394859410041	0
Solyc12g100010.1	0.7563394859410041	0
Solyc11g073120.2	0.7563394859410041	0
Solyc12g088990.2	0.7563394859410041	0
Solyc11g044910.2	0.7563394859410041	0
Solyc09g082670.3	0.7563394859410041	0
Solyc10g006370.3	0.7563394859410041	0
Solyc12g100310.2	0.7563394859410041	0
Solyc11g066930.1	0.7563394859410041	0
Solyc10g074700.2	0.7563394859410041	0
Solyc11g010450.2	0.7563394859410041	0
Solyc12g014080.2	0.7563394859410041	0
Solyc09g098240.4	0.7563394859410041	0
Solyc10g080870.3	0.7563394859410041	0
Solyc10g018250.2	0.7563394859410041	0
Solyc11g005920.3	0.7563394859410041	0
Solyc12g094450.3	0.7563394859410041	0
Solyc12g055830.2	0.7563394859410041	0
Solyc10g006755.2	0.7563394859410041	0
Solyc11g006130.2	0.7563394859410041	0
Solyc10g075118.1	0.7563394859410041	0
Solyc11g068390.1	0.7563394859410041	0
Solyc12g014590.3	0.7563394859410041	0
Solyc11g068440.2	0.7563394859410041	0
Solyc11g068460.2	0.7563394859410041	0
Solyc10g076270.3	0.7563394859410041	0
Solyc12g038420.2	0.7563394859410041	0
Solyc11g006460.3	0.7563394859410041	0
Solyc11g068650.2	0.7563394859410041	0
Solyc10g081530.2	0.7563394859410041	0
Solyc10g076570.2	0.7563394859410041	0
Solyc09g089790.3	0.7563394859410041	0
Solyc10g076600.2	0.7563394859410041	0
Solyc12g038980.2	0.7563394859410041	0
Solyc12g096100.3	0.7563394859410041	0
Solyc10g050840.3	0.7563394859410041	0
Solyc11g022540.3	0.7563394859410041	0
Solyc10g007520.4	0.7563394859410041	0
Solyc11g069010.2	0.7563394859410041	0
Solyc12g008700.3	0.7563394859410041	0
Solyc09g090140.5	0.7563394859410041	0
Solyc12g096320.2	0.7563394859410041	0
Solyc12g008760.3	0.7563394859410041	0
Solyc10g007750.1	0.7563394859410041	0
Solyc10g007870.3	0.7563394859410041	0
Solyc11g069360.2	0.7563394859410041	0
Solyc12g017860.3	0.7563394859410041	0
Solyc10g008000.1	0.7563394859410041	0
Solyc12g096890.1	0.7563394859410041	0
Solyc11g012325.1	0.7563394859410041	0
Solyc12g009290.1	0.7563394859410041	0
Solyc12g019410.3	0.7563394859410041	0
Solyc12g098220.2	0.7563394859410041	0
Solyc11g012610.2	0.7563394859410041	0
Solyc11g070070.3	0.7563394859410041	0
Solyc11g012840.2	0.7563394859410041	0
Solyc11g071260.2	0.7563394859410041	0
Solyc12g070157.1	0.7563394859410041	0
Solyc06g010045.1	0.757702170189857	0
Solyc03g007160.1	0.7579272867476226	0
Solyc05g054790.1	0.7579461142093098	0
Solyc04g039850.1	0.757964937280512	0
Solyc09g057603.1	0.757964937280512	0
Solyc11g013745.1	0.757964937280512	0
Solyc01g056485.2	0.7579837559629344	0
Solyc08g078980.1	0.7579837559629344	0
Solyc08g079980.1	0.7586364851606222	0
Solyc09g009725.1	0.7586680223474355	0
Solyc09g091950.1	0.7587544907054367	0
Solyc03g113470.3	0.7588065352577247	0
Solyc01g112105.1	0.7588325449109931	0
Solyc06g160840.1	0.7588325449109931	0
Solyc11g008223.1	0.7588325449109931	0
Solyc08g081970.3	0.7588585461550548	0
Solyc10g044920.2	0.7588585461550548	0
Solyc01g101180.5	0.7591063295047437	0
Solyc06g005440.1	0.759298097850769	0
Solyc01g065795.2	0.7593938105083514	0
Solyc11g028180.1	0.7594256893739224	0
Solyc01g005510.3	0.7607062337813981	0
Solyc03g112410.2	0.760737594094905	0
Solyc05g018770.2	0.7608316011381837	0
Solyc11g045440.1	0.7613907352842595	0
Solyc09g007820.2	0.7614118965080829	0
Solyc01g079190.2	0.7618231073786512	0
Solyc01g099540.2	0.7620745371568861	0
Solyc06g035820.1	0.7620745371568861	0
Solyc09g008910.2	0.762948403949392	0
Solyc09g057680.3	0.7637523703607607	0
Solyc04g078280.3	0.7639182090010206	0
Solyc05g044590.1	0.7639182090010206	0
Solyc10g044680.2	0.7642638374143552	0
Solyc10g086460.2	0.7648910886321253	0
Solyc04g063220.1	0.7651594352531276	0
Solyc07g020780.1	0.765176625886498	0
Solyc08g067220.1	0.765176625886498	0
Solyc09g075620.3	0.7654986024883954	0
Solyc03g025130.1	0.7655133611452499	0
Solyc01g099920.5	0.7655723679293082	0
Solyc02g076830.1	0.7657638328877402	0
Solyc10g078720.2	0.7658079505501845	0
Solyc01g108520.2	0.7659988395395961	0
Solyc10g079150.3	0.7660281656810985	0
Solyc08g015670.4	0.7660428246192282	0
Solyc01g009270.1	0.7660721342345558	0
Solyc01g108350.5	0.7661014328410516	0
Solyc03g115180.3	0.7661307204456028	0
Solyc11g062060.3	0.7661892626763911	0
Solyc03g097560.3	0.7662038913686176	0
Solyc07g007735.1	0.7662038913686176	0
Solyc04g079460.1	0.7662185173163726	0
Solyc01g102870.3	0.766233140520514	0
Solyc09g091400.4	0.766233140520514	0
Solyc11g063530.3	0.7662623787013844	0
Solyc04g008970.3	0.766276993679827	0
Solyc01g110630.5	0.7662916059180831	0
Solyc01g091440.4	0.7663062154170084	0
Solyc06g068150.3	0.7663062154170084	0
Solyc12g011170.3	0.7663062154170084	0
Solyc02g076940.2	0.7663208221774584	0
Solyc02g082940.3	0.7663208221774584	0
Solyc06g076740.3	0.7663208221774584	0
Solyc11g067270.1	0.7663208221774584	0
Solyc02g067710.3	0.7663354262002883	0
Solyc02g094290.1	0.7663354262002883	0
Solyc00g500135.1	0.7663354262002883	0
Solyc02g070620.4	0.7663354262002883	0
Solyc02g088920.4	0.7663354262002883	0
Solyc04g082530.3	0.7663354262002883	0
Solyc07g007940.3	0.7663354262002883	0
Solyc12g096290.3	0.7663354262002883	0
Solyc02g071530.2	0.7663500274863527	0
Solyc02g067090.4	0.7663500274863527	0
Solyc02g089520.2	0.7663500274863527	0
Solyc01g095390.3	0.7663500274863527	0
Solyc02g092350.3	0.7663500274863527	0
Solyc05g039940.2	0.7663500274863527	0
Solyc05g052180.3	0.7663500274863527	0
Solyc05g007690.2	0.7663500274863527	0
Solyc03g123680.1	0.7663500274863527	0
Solyc03g118620.3	0.7663500274863527	0
Solyc05g056110.3	0.7663500274863527	0
Solyc06g073420.3	0.7663500274863527	0
Solyc06g068165.1	0.7663500274863527	0
Solyc09g009350.2	0.7663500274863527	0
Solyc08g007420.3	0.7663500274863527	0
Solyc09g065890.4	0.7663500274863527	0
Solyc11g013330.3	0.7663500274863527	0
Solyc10g080220.2	0.7663500274863527	0
Solyc12g038510.2	0.7663500274863527	0
Solyc10g082060.1	0.7663500274863527	0
Solyc10g052560.1	0.7663500274863527	0
Solyc07g052300.3	0.7672396203172314	0
Solyc00g181250.2	0.7674031111014767	0
Solyc02g071850.1	0.7674730732332169	0
Solyc10g054460.1	0.7674730732332169	0
Solyc03g025180.2	0.7674963799232959	0
Solyc04g160090.1	0.7674963799232959	0
Solyc03g052970.1	0.7674963799232959	0
Solyc10g055580.2	0.7674963799232959	0
Solyc12g036487.1	0.7674963799232959	0
Solyc01g106970.3	0.767530017463106	0
Solyc09g025220.2	0.7679458318618679	0
Solyc11g042850.2	0.7679790007363119	0
Solyc07g006900.2	0.7680287273997124	0
Solyc10g048060.2	0.7680287273997124	0
Solyc08g036520.2	0.7680618607579279	0
Solyc09g010580.3	0.7680618607579279	0
Solyc12g010670.1	0.7702016608748545	0
Solyc01g057220.3	0.7704268566092645	0
Solyc11g017100.1	0.7704523905807089	0
Solyc04g054300.1	0.7704910767820587	0
Solyc03g070465.1	0.7705231666713362	0
Solyc00g023570.1	0.7705608551025391	0
Solyc04g078230.1	0.7705608551025391	0
Solyc03g117230.1	0.7705608551025391	0
Solyc11g044920.1	0.7705608551025391	0
Solyc11g062050.1	0.7705608551025391	0
Solyc01g067140.2	0.7705879472254953	0
Solyc02g161200.1	0.7705879472254953	0
Solyc02g089040.3	0.7705879472254953	0
Solyc05g007540.3	0.7705879472254953	0
Solyc08g006800.3	0.7705879472254953	0
Solyc06g063080.1	0.7705879472254953	0
Solyc09g037030.3	0.7705879472254953	0
Solyc08g068450.1	0.7705879472254953	0
Solyc11g042740.2	0.7705879472254953	0
Solyc11g161480.1	0.7705879472254953	0
Solyc12g055960.1	0.7718372320230662	0
Solyc09g061880.2	0.771874233237158	0
Solyc04g076750.2	0.7720478326927391	0
Solyc03g094125.1	0.7726117995751851	0
Solyc03g007080.5	0.772658608150816	0
Solyc08g028697.1	0.772674204588776	0
Solyc06g053720.3	0.7744619009672042	0
Solyc12g006313.1	0.774492354634159	0
Solyc08g080760.2	0.7745380120201923	0
Solyc10g075060.3	0.7745380120201923	0
Solyc12g077520.1	0.7745380120201923	0
Solyc06g011610.1	0.7746765751505051	0
Solyc06g043100.2	0.7746765751505051	0
Solyc05g046380.1	0.7746977830296172	0
Solyc02g032420.1	0.774718984923304	0
Solyc06g005320.1	0.774718984923304	0
Solyc07g006850.3	0.7759397832020463	0
Solyc05g053860.5	0.7759954485099576	0
Solyc02g150118.1	0.7760293249505877	0
Solyc01g102270.2	0.7760442381440622	0
Solyc01g102620.3	0.7773889971168757	0
Solyc07g041835.1	0.7774475531182004	0
Solyc00g014790.2	0.7774621849020458	0
Solyc03g031520.5	0.7774621849020458	0
Solyc06g053695.1	0.7774621849020458	0
Solyc08g083410.1	0.7774621849020458	0
Solyc05g006300.2	0.7776065190231334	0
Solyc08g041750.3	0.7794968233961796	0
Solyc05g010000.1	0.7795252835268005	0
Solyc01g008040.1	0.7796348706471167	0
Solyc03g044625.1	0.7801412963521414	0
Solyc07g017820.3	0.7801412963521414	0
Solyc02g079910.3	0.7801651357091197	0
Solyc09g082340.2	0.7802332255924729	0
Solyc02g043813.1	0.7802614016489053	0
Solyc05g015290.2	0.7803036454266515	0
Solyc07g054870.4	0.7803177212741939	0
Solyc11g072680.1	0.7803177212741939	0
Solyc07g021380.1	0.7808019766772907	0
Solyc09g091530.2	0.7808925124212873	0
Solyc01g066500.1	0.780920435759383	0
Solyc05g052770.1	0.7809343934267049	0
Solyc09g031960.1	0.7809483484273418	0
Solyc01g010900.3	0.7809623007621428	0
Solyc07g160130.1	0.7814489595707503	0
Solyc09g161690.1	0.7814489595707503	0
Solyc08g016275.2	0.7816565372093944	0
Solyc03g043895.2	0.7817394028559443	0
Solyc05g025790.3	0.7818497438033811	0
Solyc05g014275.2	0.7818497438033811	0
Solyc12g042793.1	0.7818497438033811	0
Solyc08g081590.3	0.7820974004935175	0
Solyc03g006740.3	0.7821111344859077	0
Solyc01g044420.4	0.7821248658824318	0
Solyc00g500277.1	0.782152320891151	0
Solyc07g021640.3	0.7821870484719373	0
Solyc07g055440.2	0.7821870484719373	0
Solyc02g076630.1	0.7822156650681462	0
Solyc01g007210.3	0.7822156650681462	0
Solyc03g096225.1	0.7822156650681462	0
Solyc06g075910.1	0.7822156650681462	0
Solyc12g036283.1	0.7822156650681462	0
Solyc12g038960.1	0.7822156650681462	0
Solyc06g066270.1	0.7822483317719306	0
Solyc03g044930.3	0.7823168333249304	0
Solyc03g116977.1	0.7823305258813522	0
Solyc06g068853.1	0.7823442158549432	0
Solyc11g062290.3	0.7823442158549432	0
Solyc09g082460.3	0.782412627008837	0
Solyc09g082250.3	0.7824809737135673	0
Solyc12g014580.2	0.7824809737135673	0
Solyc10g086380.1	0.7824946353295148	0
Solyc08g005337.1	0.7825082943723484	0
Solyc07g066110.1	0.7825492560702378	0
Solyc12g006040.4	0.7825492560702378	0
Solyc10g052600.1	0.7825492560702378	0
Solyc01g150174.1	0.7825629048286862	0
Solyc04g050220.2	0.7825629048286862	0
Solyc09g057760.4	0.7825629048286862	0
Solyc12g089380.2	0.7825629048286862	0
Solyc01g021730.2	0.7825765510180542	0
Solyc01g098670.4	0.7825765510180542	0
Solyc02g082160.2	0.7825765510180542	0
Solyc00g500195.1	0.7825765510180542	0
Solyc06g061160.1	0.7825765510180542	0
Solyc01g105300.4	0.7825901946391474	0
Solyc02g091370.3	0.7825901946391474	0
Solyc01g109760.3	0.7825901946391474	0
Solyc02g092375.1	0.7825901946391474	0
Solyc05g039950.2	0.7825901946391474	0
Solyc04g082170.3	0.7825901946391474	0
Solyc04g071520.3	0.7825901946391474	0
Solyc03g034410.1	0.7825901946391474	0
Solyc03g111930.5	0.7825901946391474	0
Solyc06g082260.5	0.7825901946391474	0
Solyc07g051920.1	0.7825901946391474	0
Solyc06g071540.3	0.7825901946391474	0
Solyc09g072600.2	0.7825901946391474	0
Solyc11g006520.2	0.7825901946391474	0
Solyc11g069280.2	0.7825901946391474	0
Solyc00g500308.1	0.7826038356927709	0
Solyc02g085380.3	0.7826038356927709	0
Solyc02g067800.5	0.7826038356927709	0
Solyc02g090980.1	0.7826038356927709	0
Solyc01g005340.3	0.7826038356927709	0
Solyc01g005370.3	0.7826038356927709	0
Solyc02g082450.3	0.7826038356927709	0
Solyc02g087480.4	0.7826038356927709	0
Solyc01g100850.3	0.7826038356927709	0
Solyc01g101070.3	0.7826038356927709	0
Solyc03g025920.4	0.7826038356927709	0
Solyc03g031820.4	0.7826038356927709	0
Solyc04g050545.1	0.7826038356927709	0
Solyc04g077990.3	0.7826038356927709	0
Solyc05g052520.3	0.7826038356927709	0
Solyc03g044370.3	0.7826038356927709	0
Solyc04g078840.3	0.7826038356927709	0
Solyc05g050600.3	0.7826038356927709	0
Solyc04g016250.3	0.7826038356927709	0
Solyc07g051870.1	0.7826038356927709	0
Solyc08g079480.3	0.7826038356927709	0
Solyc07g066440.4	0.7826038356927709	0
Solyc08g006600.5	0.7826038356927709	0
Solyc08g075550.4	0.7826038356927709	0
Solyc07g042010.4	0.7826038356927709	0
Solyc06g068500.3	0.7826038356927709	0
Solyc07g053120.4	0.7826038356927709	0
Solyc08g007160.3	0.7826038356927709	0
Solyc07g064080.4	0.7826038356927709	0
Solyc08g014010.4	0.7826038356927709	0
Solyc07g047680.3	0.7826038356927709	0
Solyc08g062330.3	0.7826038356927709	0
Solyc10g044910.2	0.7826038356927709	0
Solyc11g071550.2	0.7826038356927709	0
Solyc09g072790.3	0.7826038356927709	0
Solyc12g042910.2	0.7826038356927709	0
Solyc11g005690.3	0.7826038356927709	0
Solyc12g089250.1	0.7826038356927709	0
Solyc09g098490.5	0.7826038356927709	0
Solyc11g160540.1	0.7826038356927709	0
Solyc09g089940.1	0.7826038356927709	0
Solyc04g007300.4	0.7853562129623135	0
Solyc08g076490.2	0.7853562129623135	0
Solyc07g009470.3	0.7853870215198155	0
Solyc10g080050.3	0.7853870215198155	0
Solyc06g068020.1	0.7854178168182607	0
Solyc02g077380.2	0.7858916861372601	0
Solyc10g037930.2	0.7859826254628169	0
Solyc00g019980.3	0.7860007994302485	0
Solyc03g083994.1	0.7860007994302485	0
Solyc05g008360.1	0.7860007994302485	0
Solyc07g051970.3	0.7860007994302485	0
Solyc01g020117.2	0.7860189687697066	0
Solyc12g096970.2	0.7874214594700804	0
Solyc10g017700.1	0.7877201732796837	0
Solyc02g093530.4	0.7880215135907737	0
Solyc02g084820.3	0.7880215135907737	0
Solyc02g071600.4	0.7880215135907737	0
Solyc01g080270.3	0.7880215135907737	0
Solyc02g080260.4	0.7880215135907737	0
Solyc02g093690.3	0.7880215135907737	0
Solyc01g103230.3	0.7880215135907737	0
Solyc01g097600.2	0.7880215135907737	0
Solyc01g108040.1	0.7880215135907737	0
Solyc02g067530.5	0.7880215135907737	0
Solyc01g103490.3	0.7880215135907737	0
Solyc01g103560.3	0.7880215135907737	0
Solyc01g108240.4	0.7880215135907737	0
Solyc02g094170.3	0.7880215135907737	0
Solyc01g097890.2	0.7880215135907737	0
Solyc01g081000.3	0.7880215135907737	0
Solyc01g081020.1	0.7880215135907737	0
Solyc02g094450.2	0.7880215135907737	0
Solyc01g098100.3	0.7880215135907737	0
Solyc01g066457.1	0.7880215135907737	0
Solyc01g009430.3	0.7880215135907737	0
Solyc02g081130.3	0.7880215135907737	0
Solyc01g104060.3	0.7880215135907737	0
Solyc01g098550.3	0.7880215135907737	0
Solyc01g108800.4	0.7880215135907737	0
Solyc01g098630.3	0.7880215135907737	0
Solyc02g068380.3	0.7880215135907737	0
Solyc01g009990.3	0.7880215135907737	0
Solyc02g062100.5	0.7880215135907737	0
Solyc03g007620.3	0.7880215135907737	0
Solyc01g086660.2	0.7880215135907737	0
Solyc01g010370.3	0.7880215135907737	0
Solyc01g109180.4	0.7880215135907737	0
Solyc02g068790.4	0.7880215135907737	0
Solyc01g086800.4	0.7880215135907737	0
Solyc02g022920.1	0.7880215135907737	0
Solyc01g086870.3	0.7880215135907737	0
Solyc02g068990.3	0.7880215135907737	0
Solyc02g082100.4	0.7880215135907737	0
Solyc01g050070.5	0.7880215135907737	0
Solyc01g067750.3	0.7880215135907737	0
Solyc02g030210.5	0.7880215135907737	0
Solyc01g109640.3	0.7880215135907737	0
Solyc02g082290.4	0.7880215135907737	0
Solyc02g063050.3	0.7880215135907737	0
Solyc00g500055.1	0.7880215135907737	0
Solyc02g063270.4	0.7880215135907737	0
Solyc01g109940.4	0.7880215135907737	0
Solyc02g082633.1	0.7880215135907737	0
Solyc02g069490.4	0.7880215135907737	0
Solyc01g099930.3	0.7880215135907737	0
Solyc01g110000.3	0.7880215135907737	0
Solyc01g095410.3	0.7880215135907737	0
Solyc02g091830.3	0.7880215135907737	0
Solyc02g082820.3	0.7880215135907737	0
Solyc02g078470.4	0.7880215135907737	0
Solyc01g095570.3	0.7880215135907737	0
Solyc02g064740.3	0.7880215135907737	0
Solyc01g057520.5	0.7880215135907737	0
Solyc01g068590.4	0.7880215135907737	0
Solyc01g073740.4	0.7880215135907737	0
Solyc01g073890.3	0.7880215135907737	0
Solyc02g032870.5	0.7880215135907737	0
Solyc02g065240.3	0.7880215135907737	0
Solyc00g500145.1	0.7880215135907737	0
Solyc02g087980.3	0.7880215135907737	0
Solyc02g065380.3	0.7880215135907737	0
Solyc02g092460.3	0.7880215135907737	0
Solyc03g005310.4	0.7880215135907737	0
Solyc01g079060.5	0.7880215135907737	0
Solyc01g106450.3	0.7880215135907737	0
Solyc03g025720.3	0.7880215135907737	0
Solyc01g096290.5	0.7880215135907737	0
Solyc01g088660.3	0.7880215135907737	0
Solyc01g111170.3	0.7880215135907737	0
Solyc02g088080.2	0.7880215135907737	0
Solyc01g106580.4	0.7880215135907737	0
Solyc01g088780.3	0.7880215135907737	0
Solyc01g007100.3	0.7880215135907737	0
Solyc01g007200.2	0.7880215135907737	0
Solyc03g026070.4	0.7880215135907737	0
Solyc02g092810.4	0.7880215135907737	0
Solyc02g088490.3	0.7880215135907737	0
Solyc03g083540.3	0.7880215135907737	0
Solyc03g059250.3	0.7880215135907737	0
Solyc03g098430.4	0.7880215135907737	0
Solyc03g098600.3	0.7880215135907737	0
Solyc01g107370.3	0.7880215135907737	0
Solyc03g062890.3	0.7880215135907737	0
Solyc02g088980.3	0.7880215135907737	0
Solyc03g033370.3	0.7880215135907737	0
Solyc02g089030.1	0.7880215135907737	0
Solyc01g008290.3	0.7880215135907737	0
Solyc03g063110.3	0.7880215135907737	0
Solyc04g077290.3	0.7880215135907737	0
Solyc03g115370.3	0.7880215135907737	0
Solyc04g081930.3	0.7880215135907737	0
Solyc05g056590.4	0.7880215135907737	0
Solyc03g115460.3	0.7880215135907737	0
Solyc03g111300.1	0.7880215135907737	0
Solyc04g051120.4	0.7880215135907737	0
Solyc03g034020.4	0.7880215135907737	0
Solyc04g082160.4	0.7880215135907737	0
Solyc04g077755.1	0.7880215135907737	0
Solyc05g041420.4	0.7880215135907737	0
Solyc03g093610.1	0.7880215135907737	0
Solyc04g077840.2	0.7880215135907737	0
Solyc05g010010.1	0.7880215135907737	0
Solyc06g007710.5	0.7880215135907737	0
Solyc04g071630.3	0.7880215135907737	0
Solyc06g007820.1	0.7880215135907737	0
Solyc06g007850.4	0.7880215135907737	0
Solyc04g078140.3	0.7880215135907737	0
Solyc03g120480.3	0.7880215135907737	0
Solyc03g116140.3	0.7880215135907737	0
Solyc03g116150.4	0.7880215135907737	0
Solyc05g043330.3	0.7880215135907737	0
Solyc04g025450.3	0.7880215135907737	0
Solyc03g044000.1	0.7880215135907737	0
Solyc04g005330.3	0.7880215135907737	0
Solyc03g112050.4	0.7880215135907737	0
Solyc03g044220.1	0.7880215135907737	0
Solyc03g116610.3	0.7880215135907737	0
Solyc05g006130.4	0.7880215135907737	0
Solyc03g121010.4	0.7880215135907737	0
Solyc03g078230.3	0.7880215135907737	0
Solyc04g026030.3	0.7880215135907737	0
Solyc04g005670.3	0.7880215135907737	0
Solyc03g095810.3	0.7880215135907737	0
Solyc04g011540.4	0.7880215135907737	0
Solyc05g012130.5	0.7880215135907737	0
Solyc04g026220.4	0.7880215135907737	0
Solyc05g012230.4	0.7880215135907737	0
Solyc04g005910.3	0.7880215135907737	0
Solyc05g006470.4	0.7880215135907737	0
Solyc05g006490.4	0.7880215135907737	0
Solyc04g079080.2	0.7880215135907737	0
Solyc05g012400.4	0.7880215135907737	0
Solyc04g079210.3	0.7880215135907737	0
Solyc05g006640.4	0.7880215135907737	0
Solyc05g012550.4	0.7880215135907737	0
Solyc03g117210.5	0.7880215135907737	0
Solyc05g053720.4	0.7880215135907737	0
Solyc03g096360.5	0.7880215135907737	0
Solyc03g113010.3	0.7880215135907737	0
Solyc04g073970.4	0.7880215135907737	0
Solyc03g117390.3	0.7880215135907737	0
Solyc04g054930.3	0.7880215135907737	0
Solyc04g079600.3	0.7880215135907737	0
Solyc03g117470.3	0.7880215135907737	0
Solyc05g054110.3	0.7880215135907737	0
Solyc03g121840.3	0.7880215135907737	0
Solyc04g007580.1	0.7880215135907737	0
Solyc06g009520.3	0.7880215135907737	0
Solyc06g009530.3	0.7880215135907737	0
Solyc03g117600.3	0.7880215135907737	0
Solyc04g079760.4	0.7880215135907737	0
Solyc04g014460.4	0.7880215135907737	0
Solyc06g009670.3	0.7880215135907737	0
Solyc05g007190.4	0.7880215135907737	0
Solyc03g097020.4	0.7880215135907737	0
Solyc03g113520.3	0.7880215135907737	0
Solyc04g074440.1	0.7880215135907737	0
Solyc05g023760.3	0.7880215135907737	0
Solyc04g048950.4	0.7880215135907737	0
Solyc03g051920.5	0.7880215135907737	0
Solyc05g050360.3	0.7880215135907737	0
Solyc03g113720.3	0.7880215135907737	0
Solyc03g097200.3	0.7880215135907737	0
Solyc06g005130.3	0.7880215135907737	0
Solyc03g113800.3	0.7880215135907737	0
Solyc03g097330.1	0.7880215135907737	0
Solyc05g050530.3	0.7880215135907737	0
Solyc03g097370.4	0.7880215135907737	0
Solyc04g049407.1	0.7880215135907737	0
Solyc03g082945.1	0.7880215135907737	0
Solyc04g049660.3	0.7880215135907737	0
Solyc05g024410.4	0.7880215135907737	0
Solyc06g005500.4	0.7880215135907737	0
Solyc05g050920.3	0.7880215135907737	0
Solyc03g118440.3	0.7880215135907737	0
Solyc05g055230.2	0.7880215135907737	0
Solyc05g055280.2	0.7880215135907737	0
Solyc03g124068.2	0.7880215135907737	0
Solyc06g054010.3	0.7880215135907737	0
Solyc05g008370.3	0.7880215135907737	0
Solyc06g035970.3	0.7880215135907737	0
Solyc06g065630.3	0.7880215135907737	0
Solyc04g080873.2	0.7880215135907737	0
Solyc05g055535.1	0.7880215135907737	0
Solyc04g076640.3	0.7880215135907737	0
Solyc05g026460.1	0.7880215135907737	0
Solyc04g081020.3	0.7880215135907737	0
Solyc06g161180.1	0.7880215135907737	0
Solyc03g119030.4	0.7880215135907737	0
Solyc06g072290.3	0.7880215135907737	0
Solyc05g014470.3	0.7880215135907737	0
Solyc07g049470.4	0.7880215135907737	0
Solyc06g036330.1	0.7880215135907737	0
Solyc06g065970.1	0.7880215135907737	0
Solyc05g014560.3	0.7880215135907737	0
Solyc03g119190.3	0.7880215135907737	0
Solyc06g072470.5	0.7880215135907737	0
Solyc05g055990.4	0.7880215135907737	0
Solyc08g005930.1	0.7880215135907737	0
Solyc05g056030.3	0.7880215135907737	0
Solyc06g036720.4	0.7880215135907737	0
Solyc08g006000.3	0.7880215135907737	0
Solyc06g072770.3	0.7880215135907737	0
Solyc06g060110.3	0.7880215135907737	0
Solyc07g066030.4	0.7880215135907737	0
Solyc06g066520.1	0.7880215135907737	0
Solyc06g066530.1	0.7880215135907737	0
Solyc06g035560.3	0.7880215135907737	0
Solyc08g006320.5	0.7880215135907737	0
Solyc08g075020.3	0.7880215135907737	0
Solyc07g061720.3	0.7880215135907737	0
Solyc06g060400.3	0.7880215135907737	0
Solyc06g073160.4	0.7880215135907737	0
Solyc06g066660.4	0.7880215135907737	0
Solyc07g041160.3	0.7880215135907737	0
Solyc06g066770.1	0.7880215135907737	0
Solyc06g073270.4	0.7880215135907737	0
Solyc08g023490.5	0.7880215135907737	0
Solyc06g073300.1	0.7880215135907737	0
Solyc06g067920.3	0.7880215135907737	0
Solyc07g006120.3	0.7880215135907737	0
Solyc08g006590.3	0.7880215135907737	0
Solyc09g015360.5	0.7880215135907737	0
Solyc07g017400.3	0.7880215135907737	0
Solyc07g041640.4	0.7880215135907737	0
Solyc07g017530.4	0.7880215135907737	0
Solyc07g052570.4	0.7880215135907737	0
Solyc06g083100.2	0.7880215135907737	0
Solyc07g041870.3	0.7880215135907737	0
Solyc08g029090.4	0.7880215135907737	0
Solyc06g083180.4	0.7880215135907737	0
Solyc06g073760.3	0.7880215135907737	0
Solyc06g068380.4	0.7880215135907737	0
Solyc06g073860.2	0.7880215135907737	0
Solyc07g052980.3	0.7880215135907737	0
Solyc06g068450.3	0.7880215135907737	0
Solyc09g018170.4	0.7880215135907737	0
Solyc08g076060.3	0.7880215135907737	0
Solyc06g068780.3	0.7880215135907737	0
Solyc09g018730.4	0.7880215135907737	0
Solyc06g050860.3	0.7880215135907737	0
Solyc06g050880.3	0.7880215135907737	0
Solyc06g062660.4	0.7880215135907737	0
Solyc06g051010.1	0.7880215135907737	0
Solyc09g005030.3	0.7880215135907737	0
Solyc09g020190.3	0.7880215135907737	0
Solyc08g066940.4	0.7880215135907737	0
Solyc07g053690.3	0.7880215135907737	0
Solyc06g062990.3	0.7880215135907737	0
Solyc06g069180.3	0.7880215135907737	0
Solyc08g007760.3	0.7880215135907737	0
Solyc06g063130.3	0.7880215135907737	0
Solyc08g007860.4	0.7880215135907737	0
Solyc07g043500.1	0.7880215135907737	0
Solyc07g053950.1	0.7880215135907737	0
Solyc06g074980.3	0.7880215135907737	0
Solyc06g063250.3	0.7880215135907737	0
Solyc08g076860.3	0.7880215135907737	0
Solyc09g010100.3	0.7880215135907737	0
Solyc07g063410.3	0.7880215135907737	0
Solyc06g075110.3	0.7880215135907737	0
Solyc06g084610.4	0.7880215135907737	0
Solyc08g067440.2	0.7880215135907737	0
Solyc06g069580.3	0.7880215135907737	0
Solyc09g031940.1	0.7880215135907737	0
Solyc08g008280.3	0.7880215135907737	0
Solyc06g064610.1	0.7880215135907737	0
Solyc07g008240.3	0.7880215135907737	0
Solyc08g081920.4	0.7880215135907737	0
Solyc06g053180.4	0.7880215135907737	0
Solyc06g053430.5	0.7880215135907737	0
Solyc07g008660.3	0.7880215135907737	0
Solyc06g065200.4	0.7880215135907737	0
Solyc08g082370.1	0.7880215135907737	0
Solyc08g005220.5	0.7880215135907737	0
Solyc07g008780.3	0.7880215135907737	0
Solyc08g082490.4	0.7880215135907737	0
Solyc06g065450.3	0.7880215135907737	0
Solyc06g053780.5	0.7880215135907737	0
Solyc09g011140.4	0.7880215135907737	0
Solyc07g047610.3	0.7880215135907737	0
Solyc08g005430.3	0.7880215135907737	0
Solyc07g055280.4	0.7880215135907737	0
Solyc08g005680.4	0.7880215135907737	0
Solyc09g074250.3	0.7880215135907737	0
Solyc09g007880.1	0.7880215135907737	0
Solyc09g090720.3	0.7880215135907737	0
Solyc07g064920.3	0.7880215135907737	0
Solyc09g011740.4	0.7880215135907737	0
Solyc07g065020.3	0.7880215135907737	0
Solyc09g008020.4	0.7880215135907737	0
Solyc08g074270.4	0.7880215135907737	0
Solyc09g011920.3	0.7880215135907737	0
Solyc08g083360.3	0.7880215135907737	0
Solyc07g049400.1	0.7880215135907737	0
Solyc10g008660.3	0.7880215135907737	0
Solyc10g008665.1	0.7880215135907737	0
Solyc10g044840.2	0.7880215135907737	0
Solyc09g074660.3	0.7880215135907737	0
Solyc09g008320.5	0.7880215135907737	0
Solyc09g091240.4	0.7880215135907737	0
Solyc09g091270.3	0.7880215135907737	0
Solyc09g072670.3	0.7880215135907737	0
Solyc09g072700.4	0.7880215135907737	0
Solyc11g071700.2	0.7880215135907737	0
Solyc11g071740.2	0.7880215135907737	0
Solyc09g075080.3	0.7880215135907737	0
Solyc10g084660.2	0.7880215135907737	0
Solyc09g075140.3	0.7880215135907737	0
Solyc12g005010.2	0.7880215135907737	0
Solyc12g010350.3	0.7880215135907737	0
Solyc12g020000.3	0.7880215135907737	0
Solyc12g010400.2	0.7880215135907737	0
Solyc12g005230.3	0.7880215135907737	0
Solyc10g079370.3	0.7880215135907737	0
Solyc10g009480.5	0.7880215135907737	0
Solyc12g043040.1	0.7880215135907737	0
Solyc12g005330.2	0.7880215135907737	0
Solyc11g040223.1	0.7880215135907737	0
Solyc12g021360.3	0.7880215135907737	0
Solyc10g079580.2	0.7880215135907737	0
Solyc10g079640.2	0.7880215135907737	0
Solyc10g047120.2	0.7880215135907737	0
Solyc10g011820.5	0.7880215135907737	0
Solyc11g072460.2	0.7880215135907737	0
Solyc11g017040.2	0.7880215135907737	0
Solyc11g066010.2	0.7880215135907737	0
Solyc11g066060.4	0.7880215135907737	0
Solyc09g076020.3	0.7880215135907737	0
Solyc11g008540.3	0.7880215135907737	0
Solyc11g072623.1	0.7880215135907737	0
Solyc10g079990.3	0.7880215135907737	0
Solyc11g072740.1	0.7880215135907737	0
Solyc12g044850.2	0.7880215135907737	0
Solyc12g005850.2	0.7880215135907737	0
Solyc11g072830.1	0.7880215135907737	0
Solyc11g017470.2	0.7880215135907737	0
Solyc12g099760.2	0.7880215135907737	0
Solyc09g082320.3	0.7880215135907737	0
Solyc10g085920.3	0.7880215135907737	0
Solyc12g099940.2	0.7880215135907737	0
Solyc10g006130.1	0.7880215135907737	0
Solyc11g005380.2	0.7880215135907737	0
Solyc12g099970.2	0.7880215135907737	0
Solyc11g005400.2	0.7880215135907737	0
Solyc12g100060.1	0.7880215135907737	0
Solyc10g074610.3	0.7880215135907737	0
Solyc11g005630.1	0.7880215135907737	0
Solyc09g082700.2	0.7880215135907737	0
Solyc12g014270.4	0.7880215135907737	0
Solyc11g010780.1	0.7880215135907737	0
Solyc10g075107.1	0.7880215135907737	0
Solyc10g086710.3	0.7880215135907737	0
Solyc12g006850.2	0.7880215135907737	0
Solyc12g055980.1	0.7880215135907737	0
Solyc11g006250.2	0.7880215135907737	0
Solyc11g020610.3	0.7880215135907737	0
Solyc11g006290.2	0.7880215135907737	0
Solyc11g011050.2	0.7880215135907737	0
Solyc10g081300.1	0.7880215135907737	0
Solyc10g050060.2	0.7880215135907737	0
Solyc12g094720.4	0.7880215135907737	0
Solyc12g007040.3	0.7880215135907737	0
Solyc10g081490.2	0.7880215135907737	0
Solyc12g015820.1	0.7880215135907737	0
Solyc12g038580.2	0.7880215135907737	0
Solyc11g011440.1	0.7880215135907737	0
Solyc12g008570.3	0.7880215135907737	0
Solyc11g006950.3	0.7880215135907737	0
Solyc12g017410.2	0.7880215135907737	0
Solyc12g008750.3	0.7880215135907737	0
Solyc12g096560.2	0.7880215135907737	0
Solyc12g057060.2	0.7880215135907737	0
Solyc12g009120.2	0.7880215135907737	0
Solyc11g030710.2	0.7880215135907737	0
Solyc12g057100.2	0.7880215135907737	0
Solyc11g069540.4	0.7880215135907737	0
Solyc12g009220.2	0.7880215135907737	0
Solyc11g069690.3	0.7880215135907737	0
Solyc11g069710.2	0.7880215135907737	0
Solyc10g083520.2	0.7880215135907737	0
Solyc11g012410.2	0.7880215135907737	0
Solyc11g069780.3	0.7880215135907737	0
Solyc12g042380.2	0.7880215135907737	0
Solyc11g012470.2	0.7880215135907737	0
Solyc12g019540.2	0.7880215135907737	0
Solyc11g069960.2	0.7880215135907737	0
Solyc12g042540.1	0.7880215135907737	0
Solyc12g009980.2	0.7880215135907737	0
Solyc12g076340.1	0.7880215135907737	0
Solyc12g099110.2	0.7880215135907737	0
Solyc11g006787.1	0.788060956088558	0
Solyc04g039670.3	0.7880823117823648	0
Solyc04g071270.1	0.7895735542519725	0
Solyc04g052890.3	0.789718577626207	0
Solyc03g122375.1	0.7897330634816138	0
Solyc02g082370.1	0.7904552207005888	0
Solyc04g054875.1	0.7904552207005888	0
Solyc04g005840.1	0.7910530920474048	0
Solyc03g114550.2	0.7913792337483654	0
Solyc01g110200.2	0.7927072588941413	0
Solyc01g163030.1	0.7927796975590954	0
Solyc06g007230.3	0.7928489826282048	0
Solyc09g089810.1	0.7929289589044537	0
Solyc07g008230.1	0.7940620871892439	0
Solyc11g005860.2	0.7941115537860516	0
Solyc05g012410.2	0.7942884421489274	0
Solyc09g010480.1	0.7942884421489274	0
Solyc08g082353.1	0.7942884421489274	0
Solyc01g010350.5	0.7943045818197249	0
Solyc08g081870.3	0.7943045818197249	0
Solyc06g082430.2	0.794698660703056	0
Solyc06g009180.3	0.7951239203691928	0
Solyc01g090100.3	0.7952176479565027	0
Solyc04g064900.1	0.795231027115781	0
Solyc01g088017.1	0.7952444036536164	0
Solyc11g070080.1	0.7968308057873166	0
Solyc05g007610.2	0.7972266180673213	0
Solyc04g009525.1	0.7974033167072708	0
Solyc08g006100.5	0.7974889263985909	0
Solyc03g160440.1	0.7975504982335746	0
Solyc06g072400.3	0.7975966402789527	0
Solyc01g109895.2	0.7976120139524459	0
Solyc06g076550.5	0.7978166621578462	0
Solyc02g067240.3	0.7978938831986565	0
Solyc02g070110.1	0.798431964808643	0
Solyc01g163140.1	0.7985212280023714	0
Solyc01g006050.2	0.7986612594959064	0
Solyc02g077540.4	0.798673975161311	0
Solyc01g016370.3	0.7987121077099851	0
Solyc12g096850.3	0.7987121077099851	0
Solyc10g160240.1	0.7987883078617406	0
Solyc02g076920.3	0.79881368869143	0
Solyc09g059575.2	0.79881368869143	0
Solyc04g071260.3	0.7988263755057645	0
Solyc01g106130.1	0.7988390599207675	0
Solyc12g019080.3	0.798851741937195	0
Solyc06g064590.3	0.7988644215558026	0
Solyc02g161140.1	0.7988770987773458	0
Solyc01g066040.2	0.7988897736025795	0
Solyc03g045010.1	0.7988897736025795	0
Solyc04g005150.5	0.7989024460322586	0
Solyc03g111510.3	0.7989151160671372	0
Solyc12g044900.3	0.7989151160671372	0
Solyc02g087540.3	0.7989277837079695	0
Solyc00g112930.4	0.7989404489555091	0
Solyc04g005830.3	0.7989404489555091	0
Solyc04g012010.3	0.7989404489555091	0
Solyc04g014420.4	0.7989404489555091	0
Solyc04g015400.3	0.7989404489555091	0
Solyc06g083710.3	0.7989404489555091	0
Solyc07g007400.3	0.7989404489555091	0
Solyc07g055670.1	0.7989404489555091	0
Solyc09g008000.3	0.7989404489555091	0
Solyc10g078820.2	0.7989404489555091	0
Solyc10g075010.3	0.7989404489555091	0
Solyc03g006380.4	0.7989531118105094	0
Solyc02g061850.4	0.7989531118105094	0
Solyc01g010390.3	0.7989531118105094	0
Solyc02g077780.3	0.7989531118105094	0
Solyc02g077980.3	0.7989531118105094	0
Solyc01g014373.1	0.7989531118105094	0
Solyc01g006540.4	0.7989531118105094	0
Solyc01g096200.4	0.7989531118105094	0
Solyc03g031780.4	0.7989531118105094	0
Solyc02g092980.3	0.7989531118105094	0
Solyc03g070380.3	0.7989531118105094	0
Solyc06g008310.3	0.7989531118105094	0
Solyc05g049940.3	0.7989531118105094	0
Solyc05g054870.3	0.7989531118105094	0
Solyc03g083160.3	0.7989531118105094	0
Solyc06g030570.3	0.7989531118105094	0
Solyc07g040690.3	0.7989531118105094	0
Solyc06g070970.3	0.7989531118105094	0
Solyc10g008247.1	0.7989531118105094	0
Solyc07g065360.2	0.7989531118105094	0
Solyc10g085230.2	0.7989531118105094	0
Solyc10g050450.2	0.7989531118105094	0
Solyc10g160360.1	0.7989531118105094	0
Solyc11g071300.2	0.7989531118105094	0
Solyc01g087940.3	0.8002685517018723	0
Solyc04g007925.1	0.8002864266054073	0
Solyc05g041140.5	0.8004562202183346	0
Solyc09g072595.1	0.8004562202183346	0
Solyc05g150122.1	0.8004709516175703	0
Solyc06g035440.3	0.8015780415825207	0
Solyc11g161070.1	0.8015780415825207	0
Solyc01g006620.3	0.8015996776020778	0
Solyc07g052330.3	0.8016213065468507	0
Solyc01g086790.1	0.8016429284206928	0
Solyc02g160190.1	0.8016429284206928	0
Solyc01g005940.4	0.8016645432274558	0
Solyc03g083110.1	0.8016645432274558	0
Solyc03g025110.1	0.8016861509709877	0
Solyc06g033990.1	0.8016861509709877	0
Solyc11g020105.1	0.8016861509709877	0
Solyc12g017900.3	0.8016861509709877	0
Solyc11g161500.1	0.8016861509709877	0
Solyc06g072950.4	0.8019710330442639	0
Solyc01g007090.1	0.8026443882697675	0
Solyc02g032550.3	0.8029146530646576	0
Solyc11g065330.1	0.8029288467937058	0
Solyc04g049400.3	0.8047359296495527	0
Solyc04g025375.1	0.8048381221608506	0
Solyc04g005390.3	0.8048381221608506	0
Solyc08g044330.2	0.8048381221608506	0
Solyc07g063370.2	0.8048381221608506	0
Solyc01g107950.2	0.8048721506985318	0
Solyc01g094310.1	0.8048721506985318	0
Solyc01g097100.1	0.8048721506985318	0
Solyc03g063180.1	0.8048721506985318	0
Solyc05g160160.1	0.8048721506985318	0
Solyc05g042170.1	0.8048721506985318	0
Solyc05g045840.1	0.8048721506985318	0
Solyc03g044746.2	0.8048721506985318	0
Solyc04g162310.1	0.8048721506985318	0
Solyc05g014051.1	0.8048721506985318	0
Solyc04g080990.2	0.8048721506985318	0
Solyc08g062850.2	0.8048721506985318	0
Solyc06g052085.1	0.8048721506985318	0
Solyc10g045110.1	0.8048721506985318	0
Solyc09g162050.1	0.8048721506985318	0
Solyc12g088130.3	0.8048721506985318	0
Solyc10g047260.1	0.8048721506985318	0
Solyc12g006730.1	0.8048721506985318	0
Solyc12g160390.1	0.8048721506985318	0
Solyc11g020860.1	0.8048721506985318	0
Solyc12g017675.2	0.8048721506985318	0
Solyc10g160900.1	0.8048721506985318	0
Solyc02g084160.3	0.8049412778491536	0
Solyc04g008190.1	0.805065017253425	0
Solyc10g085840.1	0.805065017253425	0
Solyc05g021245.1	0.8050787515469391	0
Solyc03g082800.2	0.8050787515469391	0
Solyc01g106200.3	0.805849207393904	0
Solyc02g062220.2	0.805874859355136	0
Solyc01g067840.2	0.8068799463429395	0
Solyc12g044810.3	0.8068799463429395	0
Solyc04g011800.1	0.8069200010109622	0
Solyc08g068240.3	0.8081887378843235	0
Solyc10g008260.2	0.8083455779426556	0
Solyc09g082600.3	0.8084238538564112	0
Solyc05g047560.1	0.8084499245256462	0
Solyc03g150106.1	0.8084629558702103	0
Solyc10g052590.1	0.8088409912538363	0
Solyc10g005485.1	0.8088603379009263	0
Solyc07g064070.3	0.8089623909154141	0
Solyc12g062820.4	0.8090249334972734	0
Solyc01g095860.3	0.8090405595487223	0
Solyc04g051427.3	0.809118632320292	0
Solyc01g090090.3	0.8098166229290095	0
Solyc03g082435.1	0.8108916775426115	0
Solyc09g061400.1	0.8109919232145746	0
Solyc10g045720.1	0.8109919232145746	0
Solyc05g014300.1	0.811004442719249	0
Solyc08g078360.1	0.8119117018297723	0
Solyc11g050710.2	0.8124173999327823	0
Solyc05g008970.1	0.8126964516472126	0
Solyc01g066160.1	0.8127451730143799	0
Solyc12g010070.1	0.8134353476531903	0
Solyc11g007460.1	0.8139270973541085	0
Solyc06g064900.3	0.8139868012250004	0
Solyc08g150104.1	0.8139868012250004	0
Solyc08g081820.5	0.814248817279321	0
Solyc08g005790.3	0.8143200842807907	0
Solyc07g053840.1	0.8143438217280303	0
Solyc09g010010.1	0.8143438217280303	0
Solyc07g054205.1	0.8143556870386899	0
Solyc03g116050.1	0.814497893575771	0
Solyc00g500406.1	0.8146987946511128	0
Solyc04g025600.3	0.8147223871888019	0
Solyc01g067130.5	0.8147341800793328	0
Solyc04g162330.1	0.8147826383183654	0
Solyc09g008083.1	0.8148354188777225	0
Solyc09g082300.3	0.814934315359878	0
Solyc02g067870.3	0.8149695660771404	0
Solyc08g016380.1	0.814981311841296	0
Solyc01g087180.5	0.8151455180521382	0
Solyc12g036800.1	0.8151455180521382	0
Solyc01g068040.1	0.8151572303463982	0
Solyc10g086780.2	0.8151572303463982	0
Solyc11g020570.1	0.8151689404149838	0
Solyc10g076400.2	0.8151923538779502	0
Solyc04g014650.4	0.8152274573974494	0
Solyc06g070990.3	0.8152274573974494	0
Solyc09g011970.4	0.8152274573974494	0
Solyc05g008670.3	0.8152625409238894	0
Solyc05g150145.1	0.8152859188436292	0
Solyc08g079140.1	0.8152859188436292	0
Solyc11g005960.1	0.8152859188436292	0
Solyc01g098490.3	0.8152976044762389	0
Solyc01g079130.2	0.8152976044762389	0
Solyc06g084620.1	0.81530928789161	0
Solyc10g079570.3	0.81530928789161	0
Solyc06g008840.3	0.8153209690904438	0
Solyc08g006210.4	0.8153326480734409	0
Solyc07g054920.2	0.8153326480734409	0
Solyc02g081470.4	0.8153443248413015	0
Solyc04g050577.1	0.8153443248413015	0
Solyc07g038110.4	0.8153443248413015	0
Solyc01g087630.2	0.8153559993947258	0
Solyc04g012185.2	0.8153559993947258	0
Solyc05g013470.4	0.8153559993947258	0
Solyc08g016270.3	0.8153559993947258	0
Solyc11g006220.2	0.8153559993947258	0
Solyc06g009810.5	0.8153676717344136	0
Solyc02g079300.3	0.8153793418610642	0
Solyc06g036190.1	0.8153793418610642	0
Solyc06g066680.3	0.8153793418610642	0
Solyc08g076010.4	0.8153793418610642	0
Solyc09g050062.1	0.8153793418610642	0
Solyc08g013760.1	0.8153793418610642	0
Solyc08g068440.4	0.8153793418610642	0
Solyc10g046770.4	0.8153793418610642	0
Solyc12g043150.3	0.8153793418610642	0
Solyc09g075910.1	0.8153793418610642	0
Solyc09g092290.1	0.8153793418610642	0
Solyc09g098320.1	0.8153793418610642	0
Solyc10g081290.2	0.8153793418610642	0
Solyc10g076260.2	0.8153793418610642	0
Solyc11g012300.1	0.8153793418610642	0
Solyc11g162030.1	0.8153793418610642	0
Solyc00g013180.1	0.8153910097753768	0
Solyc02g072050.2	0.8153910097753768	0
Solyc02g014430.3	0.8153910097753768	0
Solyc02g050200.2	0.8153910097753768	0
Solyc02g090580.3	0.8153910097753768	0
Solyc01g086730.4	0.8153910097753768	0
Solyc01g005210.4	0.8153910097753768	0
Solyc02g062960.4	0.8153910097753768	0
Solyc01g094870.3	0.8153910097753768	0
Solyc02g087310.3	0.8153910097753768	0
Solyc01g068640.3	0.8153910097753768	0
Solyc01g007080.3	0.8153910097753768	0
Solyc03g114840.3	0.8153910097753768	0
Solyc03g031420.1	0.8153910097753768	0
Solyc02g084303.1	0.8153910097753768	0
Solyc04g050270.1	0.8153910097753768	0
Solyc03g111060.3	0.8153910097753768	0
Solyc05g005310.3	0.8153910097753768	0
Solyc04g009560.3	0.8153910097753768	0
Solyc03g120290.3	0.8153910097753768	0
Solyc05g015865.1	0.8153910097753768	0
Solyc05g049990.4	0.8153910097753768	0
Solyc05g050330.3	0.8153910097753768	0
Solyc04g015390.2	0.8153910097753768	0
Solyc05g013770.4	0.8153910097753768	0
Solyc07g038120.1	0.8153910097753768	0
Solyc06g067890.3	0.8153910097753768	0
Solyc06g068370.3	0.8153910097753768	0
Solyc06g073950.3	0.8153910097753768	0
Solyc08g080520.4	0.8153910097753768	0
Solyc07g062500.3	0.8153910097753768	0
Solyc09g061250.5	0.8153910097753768	0
Solyc08g066620.3	0.8153910097753768	0
Solyc08g042130.2	0.8153910097753768	0
Solyc09g009810.1	0.8153910097753768	0
Solyc09g025310.5	0.8153910097753768	0
Solyc09g065170.2	0.8153910097753768	0
Solyc06g053710.3	0.8153910097753768	0
Solyc09g056360.3	0.8153910097753768	0
Solyc08g078370.4	0.8153910097753768	0
Solyc10g044960.3	0.8153910097753768	0
Solyc09g066420.3	0.8153910097753768	0
Solyc10g079310.2	0.8153910097753768	0
Solyc11g045020.1	0.8153910097753768	0
Solyc11g010440.3	0.8153910097753768	0
Solyc11g062280.2	0.8153910097753768	0
Solyc10g083600.2	0.8153910097753768	0
Solyc02g094370.1	0.8154301904845628	0
Solyc10g083550.1	0.8154301904845628	0
Solyc11g065470.2	0.815452230057041	0
Solyc01g066190.1	0.8155183014393459	0
Solyc00g500153.1	0.8155183014393459	0
Solyc05g026090.1	0.8155183014393459	0
Solyc08g006483.1	0.8155183014393459	0
Solyc03g078437.2	0.8155403094707531	0
Solyc07g065830.1	0.8155403094707531	0
Solyc07g017405.1	0.8155403094707531	0
Solyc07g019630.1	0.8155403094707531	0
Solyc08g078885.1	0.8155403094707531	0
Solyc11g065460.1	0.8155403094707531	0
Solyc10g068350.1	0.8155403094707531	0
Solyc12g041950.3	0.8155403094707531	0
Solyc10g008530.1	0.8181423017743488	0
Solyc05g041785.1	0.8198473948026539	0
Solyc04g074890.2	0.8198635890595608	0
Solyc10g080750.3	0.8198797789505855	0
Solyc09g097760.3	0.819895964477689	0
Solyc02g037550.3	0.8200618957260325	0
Solyc02g084740.4	0.8200618957260325	0
Solyc01g080220.3	0.8200618957260325	0
Solyc01g090750.3	0.8200618957260325	0
Solyc02g067230.3	0.8200618957260325	0
Solyc02g080310.2	0.8200618957260325	0
Solyc02g067250.3	0.8200618957260325	0
Solyc01g107930.3	0.8200618957260325	0
Solyc01g008800.3	0.8200618957260325	0
Solyc00g500296.1	0.8200618957260325	0
Solyc02g080480.3	0.8200618957260325	0
Solyc02g014150.4	0.8200618957260325	0
Solyc01g009000.3	0.8200618957260325	0
Solyc02g080600.1	0.8200618957260325	0
Solyc02g080650.3	0.8200618957260325	0
Solyc02g014380.3	0.8200618957260325	0
Solyc02g094030.3	0.8200618957260325	0
Solyc02g072270.3	0.8200618957260325	0
Solyc00g500329.1	0.8200618957260325	0
Solyc02g085390.4	0.8200618957260325	0
Solyc00g500334.1	0.8200618957260325	0
Solyc01g103720.4	0.8200618957260325	0
Solyc02g089890.5	0.8200618957260325	0
Solyc02g072540.3	0.8200618957260325	0
Solyc02g094500.3	0.8200618957260325	0
Solyc03g007130.4	0.8200618957260325	0
Solyc02g090300.3	0.8200618957260325	0
Solyc01g091880.3	0.8200618957260325	0
Solyc02g061840.3	0.8200618957260325	0
Solyc01g028803.1	0.8200618957260325	0
Solyc01g066910.3	0.8200618957260325	0
Solyc03g007460.3	0.8200618957260325	0
Solyc01g081500.5	0.8200618957260325	0
Solyc01g104520.3	0.8200618957260325	0
Solyc01g010180.3	0.8200618957260325	0
Solyc01g010270.3	0.8200618957260325	0
Solyc01g109090.2	0.8200618957260325	0
Solyc01g104650.3	0.8200618957260325	0
Solyc00g277510.2	0.8200618957260325	0
Solyc01g010570.5	0.8200618957260325	0
Solyc01g010590.2	0.8200618957260325	0
Solyc02g062580.3	0.8200618957260325	0
Solyc02g086590.3	0.8200618957260325	0
Solyc01g005430.3	0.8200618957260325	0
Solyc00g500031.1	0.8200618957260325	0
Solyc01g109660.2	0.8200618957260325	0
Solyc01g067930.5	0.8200618957260325	0
Solyc01g105290.3	0.8200618957260325	0
Solyc01g068000.4	0.8200618957260325	0
Solyc02g077850.3	0.8200618957260325	0
Solyc02g077910.4	0.8200618957260325	0
Solyc02g087050.2	0.8200618957260325	0
Solyc02g069340.4	0.8200618957260325	0
Solyc02g069380.3	0.8200618957260325	0
Solyc02g063330.3	0.8200618957260325	0
Solyc03g019860.3	0.8200618957260325	0
Solyc01g095230.5	0.8200618957260325	0
Solyc01g005910.3	0.8200618957260325	0
Solyc02g064690.3	0.8200618957260325	0
Solyc01g110390.2	0.8200618957260325	0
Solyc01g095630.3	0.8200618957260325	0
Solyc01g100320.3	0.8200618957260325	0
Solyc02g069980.5	0.8200618957260325	0
Solyc01g106080.4	0.8200618957260325	0
Solyc01g100580.3	0.8200618957260325	0
Solyc00g500130.1	0.8200618957260325	0
Solyc01g088300.3	0.8200618957260325	0
Solyc02g065116.1	0.8200618957260325	0
Solyc03g025470.5	0.8200618957260325	0
Solyc02g087880.3	0.8200618957260325	0
Solyc01g058320.4	0.8200618957260325	0
Solyc03g025680.3	0.8200618957260325	0
Solyc01g111140.3	0.8200618957260325	0
Solyc02g079150.2	0.8200618957260325	0
Solyc01g006870.4	0.8200618957260325	0
Solyc02g083560.3	0.8200618957260325	0
Solyc02g092550.3	0.8200618957260325	0
Solyc02g005180.3	0.8200618957260325	0
Solyc02g083650.3	0.8200618957260325	0
Solyc02g079290.3	0.8200618957260325	0
Solyc03g005700.1	0.8200618957260325	0
Solyc00g500200.1	0.8200618957260325	0
Solyc02g005480.4	0.8200618957260325	0
Solyc01g102370.4	0.8200618957260325	0
Solyc03g026130.3	0.8200618957260325	0
Solyc03g098300.1	0.8200618957260325	0
Solyc01g111760.4	0.8200618957260325	0
Solyc01g007920.2	0.8200618957260325	0
Solyc03g114760.3	0.8200618957260325	0
Solyc01g111810.3	0.8200618957260325	0
Solyc02g079780.1	0.8200618957260325	0
Solyc02g088760.2	0.8200618957260325	0
Solyc02g093120.4	0.8200618957260325	0
Solyc01g102820.4	0.8200618957260325	0
Solyc04g008810.3	0.8200618957260325	0
Solyc03g115070.1	0.8200618957260325	0
Solyc02g088940.3	0.8200618957260325	0
Solyc01g107470.5	0.8200618957260325	0
Solyc03g062900.3	0.8200618957260325	0
Solyc04g081700.3	0.8200618957260325	0
Solyc04g050570.3	0.8200618957260325	0
Solyc03g033590.1	0.8200618957260325	0
Solyc04g050625.1	0.8200618957260325	0
Solyc03g111030.3	0.8200618957260325	0
Solyc05g005010.3	0.8200618957260325	0
Solyc04g081960.1	0.8200618957260325	0
Solyc04g050930.3	0.8200618957260325	0
Solyc04g009400.5	0.8200618957260325	0
Solyc04g077630.4	0.8200618957260325	0
Solyc04g077660.3	0.8200618957260325	0
Solyc06g007480.3	0.8200618957260325	0
Solyc03g111370.3	0.8200618957260325	0
Solyc04g071400.4	0.8200618957260325	0
Solyc03g115700.3	0.8200618957260325	0
Solyc05g041440.4	0.8200618957260325	0
Solyc04g071420.3	0.8200618957260325	0
Solyc05g009940.4	0.8200618957260325	0
Solyc05g005460.3	0.8200618957260325	0
Solyc03g120380.3	0.8200618957260325	0
Solyc06g007910.5	0.8200618957260325	0
Solyc04g009800.3	0.8200618957260325	0
Solyc04g051660.3	0.8200618957260325	0
Solyc04g071880.3	0.8200618957260325	0
Solyc05g043350.4	0.8200618957260325	0
Solyc04g051830.5	0.8200618957260325	0
Solyc04g005310.3	0.8200618957260325	0
Solyc03g095320.1	0.8200618957260325	0
Solyc05g011830.4	0.8200618957260325	0
Solyc03g116630.3	0.8200618957260325	0
Solyc04g150113.2	0.8200618957260325	0
Solyc04g025990.3	0.8200618957260325	0
Solyc04g005810.3	0.8200618957260325	0
Solyc03g116930.3	0.8200618957260325	0
Solyc03g117020.4	0.8200618957260325	0
Solyc03g117050.4	0.8200618957260325	0
Solyc04g007070.3	0.8200618957260325	0
Solyc03g078650.5	0.8200618957260325	0
Solyc03g121370.3	0.8200618957260325	0
Solyc04g079340.3	0.8200618957260325	0
Solyc05g012670.2	0.8200618957260325	0
Solyc05g018810.5	0.8200618957260325	0
Solyc03g121720.2	0.8200618957260325	0
Solyc05g054140.3	0.8200618957260325	0
Solyc04g045530.4	0.8200618957260325	0
Solyc03g117590.3	0.8200618957260325	0
Solyc04g014480.3	0.8200618957260325	0
Solyc04g074270.3	0.8200618957260325	0
Solyc04g014600.3	0.8200618957260325	0
Solyc03g117720.3	0.8200618957260325	0
Solyc03g117730.3	0.8200618957260325	0
Solyc05g007260.3	0.8200618957260325	0
Solyc03g117850.5	0.8200618957260325	0
Solyc04g074510.3	0.8200618957260325	0
Solyc03g051790.3	0.8200618957260325	0
Solyc05g023750.3	0.8200618957260325	0
Solyc03g113730.3	0.8200618957260325	0
Solyc03g097230.1	0.8200618957260325	0
Solyc04g074830.1	0.8200618957260325	0
Solyc06g005170.3	0.8200618957260325	0
Solyc03g053110.3	0.8200618957260325	0
Solyc04g074940.5	0.8200618957260325	0
Solyc06g005340.3	0.8200618957260325	0
Solyc03g123670.3	0.8200618957260325	0
Solyc06g005390.1	0.8200618957260325	0
Solyc05g024290.3	0.8200618957260325	0
Solyc05g007990.4	0.8200618957260325	0
Solyc05g013750.3	0.8200618957260325	0
Solyc04g008580.3	0.8200618957260325	0
Solyc03g097820.2	0.8200618957260325	0
Solyc04g008660.4	0.8200618957260325	0
Solyc05g013905.2	0.8200618957260325	0
Solyc03g123990.3	0.8200618957260325	0
Solyc03g114350.1	0.8200618957260325	0
Solyc04g076390.3	0.8200618957260325	0
Solyc03g118720.3	0.8200618957260325	0
Solyc06g076520.1	0.8200618957260325	0
Solyc05g055470.4	0.8200618957260325	0
Solyc05g014230.3	0.8200618957260325	0
Solyc05g014250.3	0.8200618957260325	0
Solyc04g076670.3	0.8200618957260325	0
Solyc04g064570.3	0.8200618957260325	0
Solyc07g005020.3	0.8200618957260325	0
Solyc06g031690.4	0.8200618957260325	0
Solyc05g008750.3	0.8200618957260325	0
Solyc04g076845.1	0.8200618957260325	0
Solyc03g114750.3	0.8200618957260325	0
Solyc06g054430.1	0.8200618957260325	0
Solyc04g076920.3	0.8200618957260325	0
Solyc06g066110.1	0.8200618957260325	0
Solyc06g059740.4	0.8200618957260325	0
Solyc06g066240.5	0.8200618957260325	0
Solyc04g081450.3	0.8200618957260325	0
Solyc07g014640.3	0.8200618957260325	0
Solyc07g040680.3	0.8200618957260325	0
Solyc07g005660.4	0.8200618957260325	0
Solyc06g060100.3	0.8200618957260325	0
Solyc06g060340.3	0.8200618957260325	0
Solyc08g160110.1	0.8200618957260325	0
Solyc06g048510.5	0.8200618957260325	0
Solyc09g008650.3	0.8200618957260325	0
Solyc08g006540.4	0.8200618957260325	0
Solyc07g066570.5	0.8200618957260325	0
Solyc06g082920.3	0.8200618957260325	0
Solyc06g068050.3	0.8200618957260325	0
Solyc08g006710.3	0.8200618957260325	0
Solyc07g017600.3	0.8200618957260325	0
Solyc07g017640.2	0.8200618957260325	0
Solyc08g006870.5	0.8200618957260325	0
Solyc09g015820.3	0.8200618957260325	0
Solyc06g050230.4	0.8200618957260325	0
Solyc07g018000.3	0.8200618957260325	0
Solyc09g009180.3	0.8200618957260325	0
Solyc09g018030.4	0.8200618957260325	0
Solyc06g068440.5	0.8200618957260325	0
Solyc06g083430.1	0.8200618957260325	0
Solyc06g062350.4	0.8200618957260325	0
Solyc06g074220.3	0.8200618957260325	0
Solyc09g061310.3	0.8200618957260325	0
Solyc09g061320.4	0.8200618957260325	0
Solyc06g074290.1	0.8200618957260325	0
Solyc06g068800.3	0.8200618957260325	0
Solyc08g076210.3	0.8200618957260325	0
Solyc06g074420.1	0.8200618957260325	0
Solyc07g042900.4	0.8200618957260325	0
Solyc07g062890.5	0.8200618957260325	0
Solyc07g062910.3	0.8200618957260325	0
Solyc08g076340.3	0.8200618957260325	0
Solyc08g066870.4	0.8200618957260325	0
Solyc07g053615.2	0.8200618957260325	0
Solyc06g069080.3	0.8200618957260325	0
Solyc06g084090.4	0.8200618957260325	0
Solyc06g084160.4	0.8200618957260325	0
Solyc08g076580.3	0.8200618957260325	0
Solyc06g069190.4	0.8200618957260325	0
Solyc06g051460.5	0.8200618957260325	0
Solyc07g043570.3	0.8200618957260325	0
Solyc06g074940.5	0.8200618957260325	0
Solyc06g084500.3	0.8200618957260325	0
Solyc09g064400.3	0.8200618957260325	0
Solyc08g048540.2	0.8200618957260325	0
Solyc09g005630.3	0.8200618957260325	0
Solyc07g054210.3	0.8200618957260325	0
Solyc09g010420.4	0.8200618957260325	0
Solyc07g063610.5	0.8200618957260325	0
Solyc09g010500.3	0.8200618957260325	0
Solyc07g063740.2	0.8200618957260325	0
Solyc09g010550.4	0.8200618957260325	0
Solyc06g075510.4	0.8200618957260325	0
Solyc06g053170.4	0.8200618957260325	0
Solyc07g063900.3	0.8200618957260325	0
Solyc07g063950.3	0.8200618957260325	0
Solyc08g008520.3	0.8200618957260325	0
Solyc08g077520.3	0.8200618957260325	0
Solyc08g077550.3	0.8200618957260325	0
Solyc08g077560.4	0.8200618957260325	0
Solyc09g048980.4	0.8200618957260325	0
Solyc09g010840.1	0.8200618957260325	0
Solyc08g005100.3	0.8200618957260325	0
Solyc07g064230.4	0.8200618957260325	0
Solyc06g065270.4	0.8200618957260325	0
Solyc08g005290.3	0.8200618957260325	0
Solyc07g008820.3	0.8200618957260325	0
Solyc06g076160.4	0.8200618957260325	0
Solyc08g077850.2	0.8200618957260325	0
Solyc08g061910.4	0.8200618957260325	0
Solyc08g082650.2	0.8200618957260325	0
Solyc07g047710.3	0.8200618957260325	0
Solyc09g011260.2	0.8200618957260325	0
Solyc08g014190.4	0.8200618957260325	0
Solyc08g082755.1	0.8200618957260325	0
Solyc07g047850.3	0.8200618957260325	0
Solyc06g071510.3	0.8200618957260325	0
Solyc08g082860.4	0.8200618957260325	0
Solyc08g078060.3	0.8200618957260325	0
Solyc08g078070.5	0.8200618957260325	0
Solyc07g009150.3	0.8200618957260325	0
Solyc07g064800.3	0.8200618957260325	0
Solyc10g008210.3	0.8200618957260325	0
Solyc09g065840.3	0.8200618957260325	0
Solyc10g039290.2	0.8200618957260325	0
Solyc08g005705.1	0.8200618957260325	0
Solyc07g055660.2	0.8200618957260325	0
Solyc09g011600.3	0.8200618957260325	0
Solyc09g065940.4	0.8200618957260325	0
Solyc08g083120.3	0.8200618957260325	0
Solyc10g078530.2	0.8200618957260325	0
Solyc07g049200.4	0.8200618957260325	0
Solyc08g083260.3	0.8200618957260325	0
Solyc10g054010.1	0.8200618957260325	0
Solyc07g055930.3	0.8200618957260325	0
Solyc10g084160.2	0.8200618957260325	0
Solyc07g056040.3	0.8200618957260325	0
Solyc10g084270.2	0.8200618957260325	0
Solyc11g033288.1	0.8200618957260325	0
Solyc09g074890.1	0.8200618957260325	0
Solyc09g072590.3	0.8200618957260325	0
Solyc10g045240.2	0.8200618957260325	0
Solyc10g009090.3	0.8200618957260325	0
Solyc08g016420.3	0.8200618957260325	0
Solyc09g014540.3	0.8200618957260325	0
Solyc09g075180.3	0.8200618957260325	0
Solyc09g014580.3	0.8200618957260325	0
Solyc12g010380.3	0.8200618957260325	0
Solyc12g005060.1	0.8200618957260325	0
Solyc10g079320.3	0.8200618957260325	0
Solyc12g010590.4	0.8200618957260325	0
Solyc11g065740.2	0.8200618957260325	0
Solyc12g087980.3	0.8200618957260325	0
Solyc11g040330.2	0.8200618957260325	0
Solyc10g079620.2	0.8200618957260325	0
Solyc11g008350.2	0.8200618957260325	0
Solyc09g075990.4	0.8200618957260325	0
Solyc11g017270.2	0.8200618957260325	0
Solyc10g055720.2	0.8200618957260325	0
Solyc12g088450.3	0.8200618957260325	0
Solyc10g005630.3	0.8200618957260325	0
Solyc12g099465.1	0.8200618957260325	0
Solyc12g011140.3	0.8200618957260325	0
Solyc11g005010.3	0.8200618957260325	0
Solyc11g072790.2	0.8200618957260325	0
Solyc11g005110.3	0.8200618957260325	0
Solyc11g066400.1	0.8200618957260325	0
Solyc12g088740.2	0.8200618957260325	0
Solyc12g099830.2	0.8200618957260325	0
Solyc11g073020.3	0.8200618957260325	0
Solyc12g006140.2	0.8200618957260325	0
Solyc10g017610.1	0.8200618957260325	0
Solyc12g088900.2	0.8200618957260325	0
Solyc12g100070.3	0.8200618957260325	0
Solyc11g044800.3	0.8200618957260325	0
Solyc10g080450.3	0.8200618957260325	0
Solyc11g066740.2	0.8200618957260325	0
Solyc10g074470.3	0.8200618957260325	0
Solyc11g066770.3	0.8200618957260325	0
Solyc11g044900.2	0.8200618957260325	0
Solyc09g098050.2	0.8200618957260325	0
Solyc11g005710.2	0.8200618957260325	0
Solyc11g066970.4	0.8200618957260325	0
Solyc09g098150.3	0.8200618957260325	0
Solyc09g082820.3	0.8200618957260325	0
Solyc12g006520.3	0.8200618957260325	0
Solyc11g067060.3	0.8200618957260325	0
Solyc09g082890.3	0.8200618957260325	0
Solyc10g074890.2	0.8200618957260325	0
Solyc10g080890.2	0.8200618957260325	0
Solyc10g074950.2	0.8200618957260325	0
Solyc12g014350.3	0.8200618957260325	0
Solyc09g098520.4	0.8200618957260325	0
Solyc12g094520.2	0.8200618957260325	0
Solyc10g081190.2	0.8200618957260325	0
Solyc11g011000.3	0.8200618957260325	0
Solyc09g150105.1	0.8200618957260325	0
Solyc11g011170.2	0.8200618957260325	0
Solyc10g050170.3	0.8200618957260325	0
Solyc12g007100.2	0.8200618957260325	0
Solyc11g006580.3	0.8200618957260325	0
Solyc11g011380.2	0.8200618957260325	0
Solyc10g150145.2	0.8200618957260325	0
Solyc11g068730.2	0.8200618957260325	0
Solyc12g096050.2	0.8200618957260325	0
Solyc12g056530.2	0.8200618957260325	0
Solyc12g056660.4	0.8200618957260325	0
Solyc12g008590.3	0.8200618957260325	0
Solyc10g082030.2	0.8200618957260325	0
Solyc12g040390.3	0.8200618957260325	0
Solyc11g028010.2	0.8200618957260325	0
Solyc12g017630.2	0.8200618957260325	0
Solyc10g077130.1	0.8200618957260325	0
Solyc10g007780.3	0.8200618957260325	0
Solyc12g008970.3	0.8200618957260325	0
Solyc11g030380.2	0.8200618957260325	0
Solyc12g057030.2	0.8200618957260325	0
Solyc10g007930.4	0.8200618957260325	0
Solyc12g057090.1	0.8200618957260325	0
Solyc12g009160.2	0.8200618957260325	0
Solyc10g083340.3	0.8200618957260325	0
Solyc11g007500.3	0.8200618957260325	0
Solyc12g009270.1	0.8200618957260325	0
Solyc12g062280.2	0.8200618957260325	0
Solyc10g083530.2	0.8200618957260325	0
Solyc10g083720.3	0.8200618957260325	0
Solyc12g009610.2	0.8200618957260325	0
Solyc12g009890.3	0.8200618957260325	0
Solyc12g009930.3	0.8200618957260325	0
Solyc12g010140.2	0.8200618957260325	0
Solyc03g150138.2	0.8205108436252214	0
Solyc07g055970.1	0.8240492986702997	0
Solyc12g038800.1	0.8240492986702997	0
Solyc11g007945.1	0.8240981682459778	0
Solyc03g080070.4	0.8241103792794279	0
Solyc05g043390.2	0.8241713963279791	0
Solyc06g049037.2	0.8242030098108504	0
Solyc00g019990.1	0.8242180578588363	0
Solyc02g032020.3	0.8242180578588363	0
Solyc05g162210.1	0.8255217520395999	0
Solyc12g100250.3	0.8255813126554964	0
Solyc01g087960.3	0.8255932174616499	0
Solyc12g042560.3	0.8256051198307365	0
Solyc02g092060.1	0.8268181648761177	0
Solyc10g160210.1	0.8277357044534692	0
Solyc03g078260.3	0.8278118394863254	0
Solyc11g045334.2	0.8278232934555556	0
Solyc03g097510.1	0.8278347451395636	0
Solyc08g016583.1	0.8279053840016617	0
Solyc10g045610.1	0.8287660783293737	0
Solyc10g150113.1	0.8287660783293737	0
Solyc02g064970.5	0.8293823512062968	0
Solyc06g073570.5	0.8296743151533075	0
Solyc12g008440.1	0.8297177855997915	0
Solyc07g150106.1	0.8297350938272609	0
Solyc03g115345.1	0.8297421568934533	0
Solyc05g041750.1	0.8297421568934533	0
Solyc12g042485.1	0.8297421568934533	0
Solyc03g006270.3	0.8297647528004305	0
Solyc02g091450.2	0.8297647528004305	0
Solyc03g093190.1	0.8297647528004305	0
Solyc07g041320.3	0.8297647528004305	0
Solyc12g032930.3	0.8297647528004305	0
Solyc11g018470.3	0.8297647528004305	0
Solyc04g017740.1	0.8301351690960059	0
Solyc07g065780.2	0.8306170098546195	0
Solyc00g500113.1	0.8308889630459988	0
Solyc11g066700.2	0.8309968433001842	0
Solyc11g069735.1	0.8309968433001842	0
Solyc11g010750.1	0.8310102135567625	0
Solyc03g063090.1	0.8310190361881509	0
Solyc08g060930.4	0.8310190361881509	0
Solyc09g090280.3	0.8312890608104141	0
Solyc06g051220.1	0.8312998348901424	0
Solyc02g068195.1	0.8315256148662142	0
Solyc04g078325.2	0.8315470704778256	0
Solyc01g099950.1	0.831654225723704	0
Solyc00g500114.1	0.831654225723704	0
Solyc01g106953.1	0.8316863324469386	0
Solyc05g021570.3	0.8316970306068441	0
Solyc04g080480.1	0.8317184208087854	0
Solyc01g107960.4	0.8318145759008099	0
Solyc04g011750.3	0.8318145759008099	0
Solyc04g077400.4	0.8318465909917999	0
Solyc12g005420.2	0.8318465909917999	0
Solyc01g107490.2	0.8318572586270143	0
Solyc02g078660.4	0.8318679242324107	0
Solyc02g084300.1	0.8318679242324107	0
Solyc01g096750.1	0.8318892493563242	0
Solyc03g115750.1	0.8318892493563242	0
Solyc04g040090.4	0.8318892493563242	0
Solyc06g005630.3	0.8318892493563242	0
Solyc06g075345.1	0.8318892493563242	0
Solyc02g069740.5	0.8318999088761275	0
Solyc01g006580.4	0.8318999088761275	0
Solyc02g079280.3	0.8318999088761275	0
Solyc03g112790.3	0.8318999088761275	0
Solyc04g016000.3	0.8318999088761275	0
Solyc08g015730.3	0.8318999088761275	0
Solyc11g012540.2	0.8318999088761275	0
Solyc11g071230.2	0.8318999088761275	0
Solyc01g091050.5	0.8319105663686857	0
Solyc01g108290.3	0.8319105663686857	0
Solyc01g009770.3	0.8319105663686857	0
Solyc01g050040.4	0.8319105663686857	0
Solyc03g033660.4	0.8319105663686857	0
Solyc03g044380.3	0.8319105663686857	0
Solyc04g016010.5	0.8319105663686857	0
Solyc08g062810.1	0.8319105663686857	0
Solyc06g082410.1	0.8319105663686857	0
Solyc07g066660.5	0.8319105663686857	0
Solyc09g009410.3	0.8319105663686857	0
Solyc07g053450.5	0.8319105663686857	0
Solyc08g080980.4	0.8319105663686857	0
Solyc10g044510.2	0.8319105663686857	0
Solyc09g074740.2	0.8319105663686857	0
Solyc11g065180.2	0.8319105663686857	0
Solyc12g088250.2	0.8319105663686857	0
Solyc12g056450.2	0.8319105663686857	0
Solyc12g008710.2	0.8319105663686857	0
Solyc01g008610.5	0.832239946617841	0
Solyc01g010315.2	0.832239946617841	0
Solyc09g090920.4	0.832239946617841	0
Solyc02g020900.1	0.8322693665490327	0
Solyc02g065150.2	0.8322693665490327	0
Solyc08g081560.1	0.8322693665490327	0
Solyc09g042480.2	0.8322693665490327	0
Solyc09g091380.1	0.8322693665490327	0
Solyc08g078880.3	0.833443220732245	0
Solyc06g005240.4	0.8337240993033456	0
Solyc03g111885.2	0.8337622909416403	0
Solyc07g007570.1	0.8337877374196707	0
Solyc11g071350.1	0.8337877374196707	0
Solyc09g025200.2	0.8338004562777903	0
Solyc01g056880.3	0.8338131722168025	0
Solyc07g052010.3	0.8338131722168025	0
Solyc05g051890.1	0.8350795341269832	0
Solyc02g087975.1	0.83509525860553	0
Solyc03g083810.4	0.83509525860553	0
Solyc08g079350.3	0.8358476567334803	0
Solyc11g160150.1	0.8361043716468908	0
Solyc08g016400.1	0.8361774978437525	0
Solyc08g074525.2	0.8379272751626761	0
Solyc01g066890.3	0.8381401003024884	0
Solyc09g009610.3	0.8394739354111277	0
Solyc03g025645.1	0.8396043023429836	0
Solyc12g162080.1	0.8399184487150665	0
Solyc01g080960.4	0.8399525302507533	0
Solyc04g011710.1	0.8399752391858398	0
Solyc01g095260.2	0.8414419455018858	0
Solyc06g068420.1	0.842815286633926	0
Solyc03g043920.4	0.8431979909652394	0
Solyc10g079940.1	0.8434541813935477	0
Solyc07g062240.1	0.8438063604529535	0
Solyc10g087010.3	0.8438696587854364	0
Solyc01g162820.1	0.8439118149483269	0
Solyc10g050227.1	0.8439328802294396	0
Solyc10g008810.4	0.8448306972484065	0
Solyc02g080870.3	0.844872079990878	0
Solyc01g103240.4	0.8453661044439909	0
Solyc02g084083.2	0.8456215467936892	0
Solyc03g113530.3	0.8456724835315297	0
Solyc11g039750.4	0.8456826648305023	0
Solyc01g056770.1	0.8467753519849921	0
Solyc05g045660.3	0.8468700927656967	0
Solyc00g160500.1	0.84688003890312	0
Solyc00g052530.2	0.8468999253654949	0
Solyc07g026630.1	0.8468999253654949	0
Solyc05g162520.1	0.8471181663343854	0
Solyc03g123770.1	0.8472565620147177	0
Solyc09g042575.1	0.8473256190698599	0
Solyc07g015960.1	0.8473354767198207	0
Solyc08g067580.3	0.8476695049469551	0
Solyc12g008480.3	0.8479234641704021	0
Solyc11g005490.1	0.8479624222006434	0
Solyc04g018130.1	0.847972157031248	0
Solyc12g098450.2	0.8481276604636101	0
Solyc09g072730.2	0.8481470648618652	0
Solyc11g070010.3	0.8481470648618652	0
Solyc11g028040.2	0.8481567642724118	0
Solyc08g082485.1	0.8481664618246959	0
Solyc07g024020.2	0.8482826877233083	0
Solyc04g078210.3	0.848302032770849	0
Solyc10g045220.1	0.848302032770849	0
Solyc12g088005.1	0.848302032770849	0
Solyc01g020245.1	0.8483117025202374	0
Solyc08g078847.1	0.8483213704208233	0
Solyc04g071790.4	0.8483600235469211	0
Solyc10g078800.3	0.8483600235469211	0
Solyc02g090700.2	0.8484082984270975	0
Solyc09g015140.2	0.8484179478720139	0
Solyc01g068500.5	0.8484275954745928	0
Solyc04g009150.1	0.8484372412354204	0
Solyc03g007200.2	0.8484468851550826	0
Solyc06g074160.3	0.8484565272341651	0
Solyc12g005720.1	0.8484565272341651	0
Solyc02g038811.1	0.848466167473253	0
Solyc04g012050.3	0.848466167473253	0
Solyc06g082530.3	0.848466167473253	0
Solyc08g080010.1	0.848466167473253	0
Solyc06g084280.1	0.848466167473253	0
Solyc12g088800.3	0.848466167473253	0
Solyc05g019980.2	0.8484758058729318	0
Solyc08g023590.4	0.8484758058729318	0
Solyc06g060840.1	0.8484758058729318	0
Solyc08g067990.3	0.8484758058729318	0
Solyc01g094900.1	0.848485442433786	0
Solyc00g500181.1	0.848485442433786	0
Solyc00g500244.1	0.848485442433786	0
Solyc03g124020.1	0.848485442433786	0
Solyc06g082225.1	0.848485442433786	0
Solyc07g040750.2	0.848485442433786	0
Solyc12g006000.1	0.848485442433786	0
Solyc00g125980.1	0.8484950771564002	0
Solyc00g500350.1	0.8484950771564002	0
Solyc02g055540.1	0.8484950771564002	0
Solyc02g088710.4	0.8484950771564002	0
Solyc05g056410.1	0.8484950771564002	0
Solyc04g009250.1	0.8484950771564002	0
Solyc06g007300.2	0.8484950771564002	0
Solyc03g120330.1	0.8484950771564002	0
Solyc05g046210.3	0.8484950771564002	0
Solyc09g061380.3	0.8484950771564002	0
Solyc09g066300.3	0.8484950771564002	0
Solyc09g075650.3	0.8484950771564002	0
Solyc12g015650.3	0.8484950771564002	0
Solyc09g089570.4	0.8484950771564002	0
Solyc10g007660.3	0.8484950771564002	0
Solyc12g010110.3	0.8484950771564002	0
Solyc03g006330.5	0.8485047100413589	0
Solyc01g091280.3	0.8485047100413589	0
Solyc02g072210.1	0.8485047100413589	0
Solyc02g094600.2	0.8485047100413589	0
Solyc02g090400.4	0.8485047100413589	0
Solyc01g066850.4	0.8485047100413589	0
Solyc02g086270.4	0.8485047100413589	0
Solyc02g062600.3	0.8485047100413589	0
Solyc01g109540.4	0.8485047100413589	0
Solyc02g062990.1	0.8485047100413589	0
Solyc02g069350.4	0.8485047100413589	0
Solyc02g070020.1	0.8485047100413589	0
Solyc02g092230.3	0.8485047100413589	0
Solyc01g101010.4	0.8485047100413589	0
Solyc02g083720.4	0.8485047100413589	0
Solyc01g096610.4	0.8485047100413589	0
Solyc00g500216.2	0.8485047100413589	0
Solyc03g093400.2	0.8485047100413589	0
Solyc04g082110.5	0.8485047100413589	0
Solyc03g093850.3	0.8485047100413589	0
Solyc05g043240.1	0.8485047100413589	0
Solyc03g112017.1	0.8485047100413589	0
Solyc04g078710.3	0.8485047100413589	0
Solyc04g072220.3	0.8485047100413589	0
Solyc04g079680.4	0.8485047100413589	0
Solyc03g113370.3	0.8485047100413589	0
Solyc04g007690.3	0.8485047100413589	0
Solyc04g014750.1	0.8485047100413589	0
Solyc03g082840.3	0.8485047100413589	0
Solyc05g013690.5	0.8485047100413589	0
Solyc06g005480.3	0.8485047100413589	0
Solyc05g014150.5	0.8485047100413589	0
Solyc05g008500.3	0.8485047100413589	0
Solyc08g079120.4	0.8485047100413589	0
Solyc08g150147.1	0.8485047100413589	0
Solyc09g008530.4	0.8485047100413589	0
Solyc08g006550.4	0.8485047100413589	0
Solyc07g062620.3	0.8485047100413589	0
Solyc07g053320.4	0.8485047100413589	0
Solyc09g030450.3	0.8485047100413589	0
Solyc08g081610.4	0.8485047100413589	0
Solyc06g053150.1	0.8485047100413589	0
Solyc08g082000.5	0.8485047100413589	0
Solyc10g008460.3	0.8485047100413589	0
Solyc08g074510.1	0.8485047100413589	0
Solyc07g065420.1	0.8485047100413589	0
Solyc08g016620.3	0.8485047100413589	0
Solyc12g042890.2	0.8485047100413589	0
Solyc09g014750.1	0.8485047100413589	0
Solyc12g021310.3	0.8485047100413589	0
Solyc11g018680.1	0.8485047100413589	0
Solyc12g036120.1	0.8485047100413589	0
Solyc12g089210.2	0.8485047100413589	0
Solyc12g055810.1	0.8485047100413589	0
Solyc11g006560.3	0.8485047100413589	0
Solyc12g017280.2	0.8485047100413589	0
Solyc10g007550.3	0.8485047100413589	0
Solyc10g007710.3	0.8485047100413589	0
Solyc10g007730.3	0.8485047100413589	0
Solyc12g042730.1	0.8485047100413589	0
Solyc05g050470.1	0.8495606092984671	0
Solyc03g098680.4	0.8495844783123019	0
Solyc01g066100.3	0.8507350869800872	0
Solyc10g161140.1	0.8507350869800872	0
Solyc00g160100.1	0.8507503139806786	0
Solyc09g014950.2	0.8507503139806786	0
Solyc11g073232.1	0.8507503139806786	0
Solyc01g087280.3	0.8507655363224147	0
Solyc01g044551.1	0.8520519248014126	0
Solyc03g006177.2	0.8523702736226457	0
Solyc02g071500.2	0.8523702736226457	0
Solyc01g008560.3	0.8523702736226457	0
Solyc02g067030.5	0.8523702736226457	0
Solyc02g089160.3	0.8523702736226457	0
Solyc02g093640.3	0.8523702736226457	0
Solyc01g097470.5	0.8523702736226457	0
Solyc02g089480.1	0.8523702736226457	0
Solyc01g008930.4	0.8523702736226457	0
Solyc02g080530.3	0.8523702736226457	0
Solyc02g085090.1	0.8523702736226457	0
Solyc02g014350.4	0.8523702736226457	0
Solyc02g085210.1	0.8523702736226457	0
Solyc02g094090.5	0.8523702736226457	0
Solyc01g091270.3	0.8523702736226457	0
Solyc02g085290.3	0.8523702736226457	0
Solyc02g067690.3	0.8523702736226457	0
Solyc01g066310.4	0.8523702736226457	0
Solyc02g089960.3	0.8523702736226457	0
Solyc02g094420.3	0.8523702736226457	0
Solyc01g066430.3	0.8523702736226457	0
Solyc01g103940.3	0.8523702736226457	0
Solyc02g067920.4	0.8523702736226457	0
Solyc02g081080.3	0.8523702736226457	0
Solyc02g090110.3	0.8523702736226457	0
Solyc02g014870.5	0.8523702736226457	0
Solyc02g068080.3	0.8523702736226457	0
Solyc02g068120.3	0.8523702736226457	0
Solyc01g091740.4	0.8523702736226457	0
Solyc01g108660.4	0.8523702736226457	0
Solyc02g061820.4	0.8523702736226457	0
Solyc02g076900.5	0.8523702736226457	0
Solyc02g085933.1	0.8523702736226457	0
Solyc02g081500.3	0.8523702736226457	0
Solyc02g150126.1	0.8523702736226457	0
Solyc01g104430.3	0.8523702736226457	0
Solyc02g068430.4	0.8523702736226457	0
Solyc01g094090.4	0.8523702736226457	0
Solyc02g081690.1	0.8523702736226457	0
Solyc01g104590.3	0.8523702736226457	0
Solyc02g077140.3	0.8523702736226457	0
Solyc01g109120.3	0.8523702736226457	0
Solyc02g077250.2	0.8523702736226457	0
Solyc02g090910.3	0.8523702736226457	0
Solyc01g109290.3	0.8523702736226457	0
Solyc01g109300.3	0.8523702736226457	0
Solyc01g094360.3	0.8523702736226457	0
Solyc02g082150.1	0.8523702736226457	0
Solyc02g062760.5	0.8523702736226457	0
Solyc01g067730.3	0.8523702736226457	0
Solyc02g082270.3	0.8523702736226457	0
Solyc01g005580.2	0.8523702736226457	0
Solyc01g094840.3	0.8523702736226457	0
Solyc02g086930.4	0.8523702736226457	0
Solyc01g056610.1	0.8523702736226457	0
Solyc01g087340.3	0.8523702736226457	0
Solyc02g063170.3	0.8523702736226457	0
Solyc01g099780.3	0.8523702736226457	0
Solyc01g056780.3	0.8523702736226457	0
Solyc01g099800.4	0.8523702736226457	0
Solyc01g087520.3	0.8523702736226457	0
Solyc01g105450.4	0.8523702736226457	0
Solyc01g087620.3	0.8523702736226457	0
Solyc03g019890.3	0.8523702736226457	0
Solyc01g057080.1	0.8523702736226457	0
Solyc01g100010.3	0.8523702736226457	0
Solyc02g031970.1	0.8523702736226457	0
Solyc01g100050.3	0.8523702736226457	0
Solyc02g091950.4	0.8523702736226457	0
Solyc02g069770.3	0.8523702736226457	0
Solyc02g064670.1	0.8523702736226457	0
Solyc01g006240.3	0.8523702736226457	0
Solyc01g100280.4	0.8523702736226457	0
Solyc01g014320.4	0.8523702736226457	0
Solyc02g078600.3	0.8523702736226457	0
Solyc01g110470.3	0.8523702736226457	0
Solyc01g100460.3	0.8523702736226457	0
Solyc03g025270.3	0.8523702736226457	0
Solyc01g073690.2	0.8523702736226457	0
Solyc02g087640.3	0.8523702736226457	0
Solyc01g057850.4	0.8523702736226457	0
Solyc02g078850.1	0.8523702736226457	0
Solyc02g032840.1	0.8523702736226457	0
Solyc02g087810.3	0.8523702736226457	0
Solyc02g032850.3	0.8523702736226457	0
Solyc01g088470.3	0.8523702736226457	0
Solyc02g092440.3	0.8523702736226457	0
Solyc01g088570.3	0.8523702736226457	0
Solyc01g111030.2	0.8523702736226457	0
Solyc01g106470.3	0.8523702736226457	0
Solyc01g096340.3	0.8523702736226457	0
Solyc01g006940.5	0.8523702736226457	0
Solyc02g092600.3	0.8523702736226457	0
Solyc01g111420.3	0.8523702736226457	0
Solyc02g092710.3	0.8523702736226457	0
Solyc02g088390.4	0.8523702736226457	0
Solyc03g083420.4	0.8523702736226457	0
Solyc03g026160.4	0.8523702736226457	0
Solyc01g007860.3	0.8523702736226457	0
Solyc02g071320.4	0.8523702736226457	0
Solyc03g098490.1	0.8523702736226457	0
Solyc01g102760.3	0.8523702736226457	0
Solyc02g084290.3	0.8523702736226457	0
Solyc03g119420.3	0.8523702736226457	0
Solyc01g090430.3	0.8523702736226457	0
Solyc02g084340.3	0.8523702736226457	0
Solyc02g093370.3	0.8523702736226457	0
Solyc01g107510.3	0.8523702736226457	0
Solyc03g160470.1	0.8523702736226457	0
Solyc03g098795.1	0.8523702736226457	0
Solyc03g033540.3	0.8523702736226457	0
Solyc05g015390.3	0.8523702736226457	0
Solyc04g009330.4	0.8523702736226457	0
Solyc06g007340.3	0.8523702736226457	0
Solyc04g009350.3	0.8523702736226457	0
Solyc04g009420.3	0.8523702736226457	0
Solyc04g009440.3	0.8523702736226457	0
Solyc03g093680.4	0.8523702736226457	0
Solyc04g082380.4	0.8523702736226457	0
Solyc05g010040.2	0.8523702736226457	0
Solyc04g051450.3	0.8523702736226457	0
Solyc05g005520.1	0.8523702736226457	0
Solyc04g009820.3	0.8523702736226457	0
Solyc03g120500.5	0.8523702736226457	0
Solyc05g010420.2	0.8523702736226457	0
Solyc05g160260.1	0.8523702736226457	0
Solyc03g116260.3	0.8523702736226457	0
Solyc03g120710.2	0.8523702736226457	0
Solyc04g082900.5	0.8523702736226457	0
Solyc04g072034.1	0.8523702736226457	0
Solyc05g052920.5	0.8523702736226457	0
Solyc06g008320.4	0.8523702736226457	0
Solyc03g112220.1	0.8523702736226457	0
Solyc04g053130.4	0.8523702736226457	0
Solyc03g095600.1	0.8523702736226457	0
Solyc04g054220.3	0.8523702736226457	0
Solyc05g011980.4	0.8523702736226457	0
Solyc05g006240.4	0.8523702736226457	0
Solyc03g121040.5	0.8523702736226457	0
Solyc03g116780.3	0.8523702736226457	0
Solyc04g054340.1	0.8523702736226457	0
Solyc05g012200.3	0.8523702736226457	0
Solyc04g011620.3	0.8523702736226457	0
Solyc03g112530.3	0.8523702736226457	0
Solyc03g121240.1	0.8523702736226457	0
Solyc05g006440.4	0.8523702736226457	0
Solyc03g044710.4	0.8523702736226457	0
Solyc03g095970.3	0.8523702736226457	0
Solyc05g046200.3	0.8523702736226457	0
Solyc05g053430.3	0.8523702736226457	0
Solyc03g117030.2	0.8523702736226457	0
Solyc04g079110.1	0.8523702736226457	0
Solyc06g008890.5	0.8523702736226457	0
Solyc04g072607.1	0.8523702736226457	0
Solyc03g078720.4	0.8523702736226457	0
Solyc05g046390.3	0.8523702736226457	0
Solyc03g121420.4	0.8523702736226457	0
Solyc05g018410.3	0.8523702736226457	0
Solyc03g112850.3	0.8523702736226457	0
Solyc05g018500.3	0.8523702736226457	0
Solyc04g072910.3	0.8523702736226457	0
Solyc04g054980.3	0.8523702736226457	0
Solyc05g006980.3	0.8523702736226457	0
Solyc03g121820.3	0.8523702736226457	0
Solyc03g121830.1	0.8523702736226457	0
Solyc04g007610.3	0.8523702736226457	0
Solyc05g012950.3	0.8523702736226457	0
Solyc04g045590.3	0.8523702736226457	0
Solyc04g014510.3	0.8523702736226457	0
Solyc04g079820.3	0.8523702736226457	0
Solyc04g014540.3	0.8523702736226457	0
Solyc04g007790.3	0.8523702736226457	0
Solyc04g047750.3	0.8523702736226457	0
Solyc03g082510.1	0.8523702736226457	0
Solyc04g014670.3	0.8523702736226457	0
Solyc03g117870.3	0.8523702736226457	0
Solyc04g007960.4	0.8523702736226457	0
Solyc03g082740.3	0.8523702736226457	0
Solyc04g008240.3	0.8523702736226457	0
Solyc04g049340.3	0.8523702736226457	0
Solyc03g097430.1	0.8523702736226457	0
Solyc03g123540.3	0.8523702736226457	0
Solyc04g074950.3	0.8523702736226457	0
Solyc04g015330.3	0.8523702736226457	0
Solyc05g007870.3	0.8523702736226457	0
Solyc04g008480.2	0.8523702736226457	0
Solyc03g083020.3	0.8523702736226457	0
Solyc03g097640.3	0.8523702736226457	0
Solyc05g013820.4	0.8523702736226457	0
Solyc03g097870.4	0.8523702736226457	0
Solyc04g080640.1	0.8523702736226457	0
Solyc04g080740.1	0.8523702736226457	0
Solyc03g118660.3	0.8523702736226457	0
Solyc06g076660.3	0.8523702736226457	0
Solyc06g076830.2	0.8523702736226457	0
Solyc03g119070.2	0.8523702736226457	0
Solyc04g076880.3	0.8523702736226457	0
Solyc05g008990.4	0.8523702736226457	0
Solyc08g005900.4	0.8523702736226457	0
Solyc08g062670.3	0.8523702736226457	0
Solyc08g079090.4	0.8523702736226457	0
Solyc08g074630.2	0.8523702736226457	0
Solyc04g081520.3	0.8523702736226457	0
Solyc07g014730.3	0.8523702736226457	0
Solyc07g066090.4	0.8523702736226457	0
Solyc05g009340.1	0.8523702736226457	0
Solyc06g073090.3	0.8523702736226457	0
Solyc06g066630.1	0.8523702736226457	0
Solyc06g060440.2	0.8523702736226457	0
Solyc07g005900.3	0.8523702736226457	0
Solyc06g082660.4	0.8523702736226457	0
Solyc06g066700.1	0.8523702736226457	0
Solyc08g065490.3	0.8523702736226457	0
Solyc08g006460.3	0.8523702736226457	0
Solyc09g015170.4	0.8523702736226457	0
Solyc08g023470.3	0.8523702736226457	0
Solyc09g059170.3	0.8523702736226457	0
Solyc06g073310.3	0.8523702736226457	0
Solyc06g082890.4	0.8523702736226457	0
Solyc07g066630.4	0.8523702736226457	0
Solyc07g017520.4	0.8523702736226457	0
Solyc08g080000.3	0.8523702736226457	0
Solyc06g060885.1	0.8523702736226457	0
Solyc06g049080.3	0.8523702736226457	0
Solyc07g041925.1	0.8523702736226457	0
Solyc07g062310.4	0.8523702736226457	0
Solyc07g042150.3	0.8523702736226457	0
Solyc06g068310.1	0.8523702736226457	0
Solyc06g083280.2	0.8523702736226457	0
Solyc06g073850.1	0.8523702736226457	0
Solyc07g006690.3	0.8523702736226457	0
Solyc08g075850.3	0.8523702736226457	0
Solyc06g073990.2	0.8523702736226457	0
Solyc06g074010.3	0.8523702736226457	0
Solyc08g066390.3	0.8523702736226457	0
Solyc09g009390.3	0.8523702736226457	0
Solyc07g053140.3	0.8523702736226457	0
Solyc06g050620.3	0.8523702736226457	0
Solyc09g018510.3	0.8523702736226457	0
Solyc06g068815.1	0.8523702736226457	0
Solyc06g074330.3	0.8523702736226457	0
Solyc07g062780.3	0.8523702736226457	0
Solyc08g081010.3	0.8523702736226457	0
Solyc06g074540.4	0.8523702736226457	0
Solyc08g066840.3	0.8523702736226457	0
Solyc08g076420.3	0.8523702736226457	0
Solyc08g007580.5	0.8523702736226457	0
Solyc06g084080.4	0.8523702736226457	0
Solyc08g066970.2	0.8523702736226457	0
Solyc08g066980.4	0.8523702736226457	0
Solyc09g009780.4	0.8523702736226457	0
Solyc08g076520.3	0.8523702736226457	0
Solyc06g051380.3	0.8523702736226457	0
Solyc08g076780.2	0.8523702736226457	0
Solyc09g031590.4	0.8523702736226457	0
Solyc06g051620.3	0.8523702736226457	0
Solyc09g031600.2	0.8523702736226457	0
Solyc06g051740.1	0.8523702736226457	0
Solyc07g021630.3	0.8523702736226457	0
Solyc08g008070.1	0.8523702736226457	0
Solyc06g051920.4	0.8523702736226457	0
Solyc08g067540.1	0.8523702736226457	0
Solyc08g077230.3	0.8523702736226457	0
Solyc08g060920.5	0.8523702736226457	0
Solyc06g150129.1	0.8523702736226457	0
Solyc08g067740.4	0.8523702736226457	0
Solyc08g067770.3	0.8523702736226457	0
Solyc08g061130.3	0.8523702736226457	0
Solyc08g082070.3	0.8523702736226457	0
Solyc08g077510.4	0.8523702736226457	0
Solyc06g071000.3	0.8523702736226457	0
Solyc08g013670.3	0.8523702736226457	0
Solyc06g053440.3	0.8523702736226457	0
Solyc08g068150.4	0.8523702736226457	0
Solyc09g010940.4	0.8523702736226457	0
Solyc08g082390.3	0.8523702736226457	0
Solyc07g008750.5	0.8523702736226457	0
Solyc07g008760.5	0.8523702736226457	0
Solyc06g076020.3	0.8523702736226457	0
Solyc08g068350.3	0.8523702736226457	0
Solyc06g065410.3	0.8523702736226457	0
Solyc09g007390.3	0.8523702736226457	0
Solyc06g071310.4	0.8523702736226457	0
Solyc07g032150.3	0.8523702736226457	0
Solyc07g055110.3	0.8523702736226457	0
Solyc09g065565.1	0.8523702736226457	0
Solyc09g090460.3	0.8523702736226457	0
Solyc09g055900.4	0.8523702736226457	0
Solyc08g005670.2	0.8523702736226457	0
Solyc09g074210.3	0.8523702736226457	0
Solyc10g083970.1	0.8523702736226457	0
Solyc08g069230.3	0.8523702736226457	0
Solyc09g008130.3	0.8523702736226457	0
Solyc10g008520.3	0.8523702736226457	0
Solyc07g065160.4	0.8523702736226457	0
Solyc07g049300.3	0.8523702736226457	0
Solyc08g078500.3	0.8523702736226457	0
Solyc08g078640.4	0.8523702736226457	0
Solyc09g013150.4	0.8523702736226457	0
Solyc08g074490.5	0.8523702736226457	0
Solyc09g014320.4	0.8523702736226457	0
Solyc09g074930.3	0.8523702736226457	0
Solyc10g009010.5	0.8523702736226457	0
Solyc09g014480.3	0.8523702736226457	0
Solyc09g091550.3	0.8523702736226457	0
Solyc10g084770.3	0.8523702736226457	0
Solyc09g014620.3	0.8523702736226457	0
Solyc10g054870.3	0.8523702736226457	0
Solyc10g054930.2	0.8523702736226457	0
Solyc09g091780.3	0.8523702736226457	0
Solyc11g008120.3	0.8523702736226457	0
Solyc09g014890.3	0.8523702736226457	0
Solyc10g046970.2	0.8523702736226457	0
Solyc10g005210.4	0.8523702736226457	0
Solyc09g091990.4	0.8523702736226457	0
Solyc09g092180.3	0.8523702736226457	0
Solyc12g005660.2	0.8523702736226457	0
Solyc10g047530.2	0.8523702736226457	0
Solyc09g092360.3	0.8523702736226457	0
Solyc11g072630.2	0.8523702736226457	0
Solyc11g072660.2	0.8523702736226457	0
Solyc10g005720.1	0.8523702736226457	0
Solyc11g072765.1	0.8523702736226457	0
Solyc12g088650.2	0.8523702736226457	0
Solyc09g082190.1	0.8523702736226457	0
Solyc12g005900.3	0.8523702736226457	0
Solyc12g088730.2	0.8523702736226457	0
Solyc11g044510.3	0.8523702736226457	0
Solyc11g018610.2	0.8523702736226457	0
Solyc11g018774.2	0.8523702736226457	0
Solyc12g006180.2	0.8523702736226457	0
Solyc09g082540.3	0.8523702736226457	0
Solyc11g005430.2	0.8523702736226457	0
Solyc10g017810.2	0.8523702736226457	0
Solyc12g036200.2	0.8523702736226457	0
Solyc12g089000.2	0.8523702736226457	0
Solyc12g006290.2	0.8523702736226457	0
Solyc12g013790.3	0.8523702736226457	0
Solyc10g074550.3	0.8523702736226457	0
Solyc11g019950.2	0.8523702736226457	0
Solyc11g005600.2	0.8523702736226457	0
Solyc12g013880.2	0.8523702736226457	0
Solyc10g074690.2	0.8523702736226457	0
Solyc12g036470.2	0.8523702736226457	0
Solyc12g006500.1	0.8523702736226457	0
Solyc11g010510.2	0.8523702736226457	0
Solyc11g005870.2	0.8523702736226457	0
Solyc12g036790.2	0.8523702736226457	0
Solyc10g080840.1	0.8523702736226457	0
Solyc10g049640.2	0.8523702736226457	0
Solyc12g006660.2	0.8523702736226457	0
Solyc12g006690.2	0.8523702736226457	0
Solyc12g006700.3	0.8523702736226457	0
Solyc10g006700.1	0.8523702736226457	0
Solyc11g010813.1	0.8523702736226457	0
Solyc12g094540.1	0.8523702736226457	0
Solyc11g010930.2	0.8523702736226457	0
Solyc11g006350.1	0.8523702736226457	0
Solyc12g160480.1	0.8523702736226457	0
Solyc10g081370.3	0.8523702736226457	0
Solyc11g006430.1	0.8523702736226457	0
Solyc12g015740.2	0.8523702736226457	0
Solyc12g056230.2	0.8523702736226457	0
Solyc12g007170.4	0.8523702736226457	0
Solyc12g095940.1	0.8523702736226457	0
Solyc10g007320.3	0.8523702736226457	0
Solyc11g061770.2	0.8523702736226457	0
Solyc10g081750.1	0.8523702736226457	0
Solyc10g076660.2	0.8523702736226457	0
Solyc12g017240.2	0.8523702736226457	0
Solyc12g008580.2	0.8523702736226457	0
Solyc10g076870.2	0.8523702736226457	0
Solyc10g007610.4	0.8523702736226457	0
Solyc09g090180.1	0.8523702736226457	0
Solyc12g056800.2	0.8523702736226457	0
Solyc12g056900.2	0.8523702736226457	0
Solyc12g008910.2	0.8523702736226457	0
Solyc10g007790.3	0.8523702736226457	0
Solyc11g012050.1	0.8523702736226457	0
Solyc11g007330.2	0.8523702736226457	0
Solyc11g069380.2	0.8523702736226457	0
Solyc12g009090.3	0.8523702736226457	0
Solyc10g078360.3	0.8523702736226457	0
Solyc11g069765.1	0.8523702736226457	0
Solyc10g083570.3	0.8523702736226457	0
Solyc12g009410.2	0.8523702736226457	0
Solyc12g009480.2	0.8523702736226457	0
Solyc12g009500.2	0.8523702736226457	0
Solyc12g009620.2	0.8523702736226457	0
Solyc12g009880.1	0.8523702736226457	0
Solyc01g081080.3	0.8537676205297905	0
Solyc04g072330.1	0.8537676205297905	0
Solyc08g044305.1	0.8537676205297905	0
Solyc12g005820.3	0.8540978449966461	0
Solyc10g086130.3	0.8553127981854773	0
Solyc10g080650.3	0.8554097958527733	0
Solyc07g043200.2	0.8554651355838473	0
Solyc06g065550.2	0.8559879272513655	0
Solyc02g082320.1	0.8575436004044242	0
Solyc01g162890.1	0.8589221183849035	0
Solyc12g010660.1	0.8594046357772389	0
Solyc12g013470.4	0.8594300827780963	0
Solyc06g048780.1	0.8594428010983566	0
Solyc08g007150.1	0.8594428010983566	0
Solyc02g080910.4	0.8598323382743557	0
Solyc01g068300.3	0.8598323382743557	0
Solyc07g005205.1	0.8599064331292879	0
Solyc09g066320.3	0.8599064331292879	0
Solyc10g054090.2	0.8599064331292879	0
Solyc09g089577.1	0.8599064331292879	0
Solyc02g067330.1	0.8599311053158523	0
Solyc01g065960.2	0.8599311053158523	0
Solyc02g061690.2	0.8599311053158523	0
Solyc01g106605.1	0.8599311053158523	0
Solyc05g015660.2	0.8599311053158523	0
Solyc05g018160.1	0.8599311053158523	0
Solyc06g009470.1	0.8599311053158523	0
Solyc09g061260.2	0.8599311053158523	0
Solyc08g161630.1	0.8599311053158523	0
Solyc07g063030.3	0.8599311053158523	0
Solyc09g031870.4	0.8599311053158523	0
Solyc07g063720.1	0.8599311053158523	0
Solyc07g161960.1	0.8599311053158523	0
Solyc08g061695.2	0.8599311053158523	0
Solyc07g055450.2	0.8599311053158523	0
Solyc12g006210.1	0.8599311053158523	0
Solyc12g013730.3	0.8599311053158523	0
Solyc11g150107.1	0.8599311053158523	0
Solyc10g018710.1	0.8599311053158523	0
Solyc11g160480.1	0.8599311053158523	0
Solyc10g007540.2	0.8599311053158523	0
Solyc12g096840.3	0.8599311053158523	0
Solyc08g083450.2	0.860974473467855	0
Solyc08g067140.1	0.8610414211570361	0
Solyc12g094680.3	0.8610748587550527	0
Solyc09g098604.1	0.8610863473559189	0
Solyc04g161940.1	0.8610915685051329	0
Solyc08g065780.2	0.8610915685051329	0
Solyc10g054610.1	0.8610915685051329	0
Solyc10g076190.2	0.8610915685051329	0
Solyc08g067797.1	0.8611082722274301	0
Solyc06g075890.1	0.8611082722274301	0
Solyc05g010460.4	0.8616932557863943	0
Solyc03g114080.2	0.8618506778478972	0
Solyc02g092400.1	0.8626207144288814	0
Solyc02g038640.3	0.8626298041289784	0
Solyc11g006455.2	0.8626298041289784	0
Solyc02g036185.1	0.8627908928791366	0
Solyc06g036040.1	0.8628145455049135	0
Solyc03g034370.1	0.8628263672319121	0
Solyc06g016800.3	0.8628263672319121	0
Solyc01g066360.3	0.8628381859034068	0
Solyc01g096770.2	0.8628381859034068	0
Solyc11g011940.3	0.863153939447788	0
Solyc01g160300.1	0.8636187887308338	0
Solyc09g008360.2	0.8636187887308338	0
Solyc11g006570.3	0.863645462644211	0
Solyc01g099570.4	0.8637165166386254	0
Solyc02g071070.3	0.8640348906611315	0
Solyc03g081250.3	0.864114136153195	0
Solyc06g076800.3	0.8641317274539719	0
Solyc04g082180.4	0.8644210011362262	0
Solyc08g044390.1	0.8647604996420653	0
Solyc08g074980.5	0.8648038409053902	0
Solyc05g012730.1	0.864855795460485	0
Solyc07g052790.3	0.8648990452004859	0
Solyc03g025240.3	0.8649595251396017	0
Solyc05g055030.2	0.8649767902094363	0
Solyc12g005730.2	0.8649767902094363	0
Solyc01g066510.3	0.8650371658480612	0
Solyc08g006020.4	0.8650716298719736	0
Solyc01g103900.3	0.8650802417535624	0
Solyc01g081370.4	0.8651232764414767	0
Solyc03g112013.1	0.8651232764414767	0
Solyc01g049830.2	0.8651318784387323	0
Solyc01g111230.3	0.8651318784387323	0
Solyc04g077535.2	0.8651318784387323	0
Solyc09g064810.4	0.8651318784387323	0
Solyc10g005090.3	0.8651404787904372	0
Solyc00g500351.1	0.865149077497116	0
Solyc02g092620.3	0.865149077497116	0
Solyc01g106800.4	0.865149077497116	0
Solyc01g090530.3	0.865149077497116	0
Solyc06g066560.3	0.865149077497116	0
Solyc00g500290.2	0.865157674559293	0
Solyc02g093040.4	0.865157674559293	0
Solyc04g005430.4	0.865157674559293	0
Solyc07g039343.2	0.865157674559293	0
Solyc06g068820.3	0.865157674559293	0
Solyc09g005840.3	0.865157674559293	0
Solyc06g071300.1	0.865157674559293	0
Solyc09g082570.3	0.865157674559293	0
Solyc01g098530.3	0.8651662699774925	0
Solyc01g096230.4	0.8651662699774925	0
Solyc02g070820.1	0.8651662699774925	0
Solyc01g102340.3	0.8651662699774925	0
Solyc03g032210.3	0.8651662699774925	0
Solyc01g008130.4	0.8651662699774925	0
Solyc03g116030.5	0.8651662699774925	0
Solyc03g043910.3	0.8651662699774925	0
Solyc04g076010.3	0.8651662699774925	0
Solyc04g081270.1	0.8651662699774925	0
Solyc06g082320.4	0.8651662699774925	0
Solyc06g073210.4	0.8651662699774925	0
Solyc09g060070.2	0.8651662699774925	0
Solyc07g062543.2	0.8651662699774925	0
Solyc08g080800.1	0.8651662699774925	0
Solyc08g042000.3	0.8651662699774925	0
Solyc09g061680.3	0.8651662699774925	0
Solyc06g069220.1	0.8651662699774925	0
Solyc07g054690.1	0.8651662699774925	0
Solyc08g005150.3	0.8651662699774925	0
Solyc09g091150.2	0.8651662699774925	0
Solyc11g067030.2	0.8651662699774925	0
Solyc06g082820.4	0.8655002145455052	0
Solyc00g500340.1	0.8657114215707928	0
Solyc04g008270.4	0.8657114215707928	0
Solyc07g054745.2	0.8657225101873449	0
Solyc12g033105.1	0.8657225101873449	0
Solyc05g050670.2	0.8681916758473003	0
Solyc05g161260.1	0.8682126444579811	0
Solyc01g088013.1	0.8682231250114008	0
Solyc03g070430.1	0.8682231250114008	0
Solyc12g162330.1	0.8682231250114008	0
Solyc01g080920.4	0.8703202395059896	0
Solyc10g008205.3	0.87034020875615	0
Solyc01g106170.4	0.8703601687843121	0
Solyc10g045500.3	0.8718589746449624	0
Solyc10g079330.2	0.8718589746449624	0
Solyc08g005550.4	0.8721866634414932	0
Solyc05g025985.1	0.872215339513791	0
Solyc03g031955.1	0.872224893916384	0
Solyc01g089940.1	0.8737726123736881	0
Solyc05g009110.2	0.8737726123736881	0
Solyc06g071020.3	0.8737818217410319	0
Solyc03g150150.1	0.8738094377538743	0
Solyc04g074170.3	0.8751318935951176	0
Solyc04g009080.1	0.8752031607765819	0
Solyc08g016587.1	0.8752031607765819	0
Solyc09g061940.3	0.8756458329586143	0
Solyc01g079380.1	0.8758722225168416	0
Solyc04g012110.2	0.8759079704782126	0
Solyc08g077670.3	0.8759317853014319	0
Solyc01g008540.4	0.8763270923670172	0
Solyc07g150135.1	0.876379034355833	0
Solyc06g083290.1	0.8763963338143336	0
Solyc02g082980.1	0.8773705560641434	0
Solyc01g020160.1	0.8774211949355619	0
Solyc09g090480.2	0.8778641286806868	0
Solyc03g031590.5	0.8778804786241077	0
Solyc02g078510.4	0.8779294890865821	0
Solyc01g057855.1	0.8779294890865821	0
Solyc03g115310.1	0.8779294890865821	0
Solyc09g059565.1	0.8779294890865821	0
Solyc08g041664.2	0.8779294890865821	0
Solyc07g008740.3	0.8779294890865821	0
Solyc01g017795.1	0.8779458127994342	0
Solyc02g005070.4	0.8779458127994342	0
Solyc03g123470.1	0.8779458127994342	0
Solyc06g035723.1	0.8779458127994342	0
Solyc05g055370.1	0.8779458127994342	0
Solyc04g063410.1	0.8779458127994342	0
Solyc09g015030.1	0.8779458127994342	0
Solyc07g042600.3	0.8779458127994342	0
Solyc07g042940.1	0.8779458127994342	0
Solyc06g075940.1	0.8779458127994342	0
Solyc09g066400.2	0.8779458127994342	0
Solyc10g054625.1	0.8779458127994342	0
Solyc12g011310.2	0.8779458127994342	0
Solyc12g088770.1	0.8779458127994342	0
Solyc10g048070.2	0.8779458127994342	0
Solyc11g045260.1	0.8779458127994342	0
Solyc12g056720.2	0.8779458127994342	0
Solyc01g096380.1	0.878280829310466	0
Solyc02g087990.5	0.8790254527964371	0
Solyc05g017790.1	0.879049768694381	0
Solyc06g010160.2	0.879049768694381	0
Solyc09g091770.1	0.8793120309617518	0
Solyc01g100830.2	0.8793558363042941	0
Solyc10g080140.2	0.8793558363042941	0
Solyc11g012370.1	0.8793558363042941	0
Solyc11g042800.2	0.8796369731680561	0
Solyc05g055570.3	0.879668902116213	0
Solyc05g162290.1	0.8800342681452068	0
Solyc03g071850.1	0.8801526915957418	0
Solyc11g069220.2	0.8801526915957418	0
Solyc01g102260.3	0.8801684549067255	0
Solyc02g021163.1	0.8801920882153823	0
Solyc04g016030.1	0.8801920882153823	0
Solyc01g102910.5	0.8805995232726587	0
Solyc11g071440.3	0.880622902505827	0
Solyc12g005540.1	0.8806306925323002	0
Solyc01g099170.4	0.8809487764532502	0
Solyc07g064660.1	0.88095650286395	0
Solyc12g005000.1	0.8809719511735362	0
Solyc10g007230.2	0.8809719511735362	0
Solyc01g112230.4	0.8809796730733983	0
Solyc01g079890.3	0.8809796730733983	0
Solyc03g034057.1	0.881248996373178	0
Solyc03g053130.4	0.8812566644835037	0
Solyc01g107810.2	0.8814097154271419	0
Solyc02g084780.5	0.881440254660938	0
Solyc06g072000.3	0.881440254660938	0
Solyc01g099490.1	0.8814631436098443	0
Solyc01g050045.1	0.8814707703141152	0
Solyc07g005220.1	0.8814707703141152	0
Solyc02g072550.1	0.8816305918239976	0
Solyc10g049780.1	0.8816457792257697	0
Solyc08g062580.1	0.8816837221698617	0
Solyc01g060210.4	0.881744355051308	0
Solyc06g065300.5	0.8817594987124937	0
Solyc02g069550.1	0.88179733242766	0
Solyc09g064730.3	0.8818048948136478	0
Solyc03g150153.1	0.881812455748371	0
Solyc07g150144.1	0.881812455748371	0
Solyc02g088150.1	0.881842684983897	0
Solyc07g008620.1	0.881842684983897	0
Solyc12g099980.3	0.881842684983897	0
Solyc03g042560.3	0.8818502386692546	0
Solyc11g071650.3	0.8818502386692546	0
Solyc10g049750.3	0.8818502386692546	0
Solyc04g073940.4	0.8818653416949838	0
Solyc02g083690.2	0.8818728910362806	0
Solyc05g047710.3	0.8818728910362806	0
Solyc10g009270.3	0.8818728910362806	0
Solyc05g012020.2	0.8818804389304824	0
Solyc02g072470.4	0.8818804389304824	0
Solyc02g087140.3	0.8818804389304824	0
Solyc02g091665.1	0.8818804389304824	0
Solyc04g005140.2	0.8818804389304824	0
Solyc03g097440.3	0.8818804389304824	0
Solyc06g065530.5	0.8818804389304824	0
Solyc07g056110.3	0.8818804389304824	0
Solyc07g061910.1	0.8818804389304824	0
Solyc07g062280.3	0.8818804389304824	0
Solyc09g005710.3	0.8818804389304824	0
Solyc08g061890.4	0.8818804389304824	0
Solyc10g011650.3	0.8818804389304824	0
Solyc12g088040.2	0.8818804389304824	0
Solyc11g006730.1	0.8818804389304824	0
Solyc10g083690.3	0.8818804389304824	0
Solyc02g043860.3	0.8818879853780514	0
Solyc02g085170.4	0.8818879853780514	0
Solyc02g080660.3	0.8818879853780514	0
Solyc01g009250.3	0.8818879853780514	0
Solyc01g150152.1	0.8818879853780514	0
Solyc01g098140.4	0.8818879853780514	0
Solyc03g007170.3	0.8818879853780514	0
Solyc01g098500.3	0.8818879853780514	0
Solyc00g160380.1	0.8818879853780514	0
Solyc02g068360.4	0.8818879853780514	0
Solyc02g081890.5	0.8818879853780514	0
Solyc02g022850.1	0.8818879853780514	0
Solyc02g086630.3	0.8818879853780514	0
Solyc02g086840.3	0.8818879853780514	0
Solyc01g099710.4	0.8818879853780514	0
Solyc03g019670.3	0.8818879853780514	0
Solyc02g031750.3	0.8818879853780514	0
Solyc01g068340.3	0.8818879853780514	0
Solyc02g079050.3	0.8818879853780514	0
Solyc02g005305.1	0.8818879853780514	0
Solyc03g043700.3	0.8818879853780514	0
Solyc03g043750.3	0.8818879853780514	0
Solyc04g054140.4	0.8818879853780514	0
Solyc03g044420.2	0.8818879853780514	0
Solyc04g078860.4	0.8818879853780514	0
Solyc04g079410.3	0.8818879853780514	0
Solyc03g045120.1	0.8818879853780514	0
Solyc05g007890.5	0.8818879853780514	0
Solyc03g083370.3	0.8818879853780514	0
Solyc06g065620.2	0.8818879853780514	0
Solyc07g014700.4	0.8818879853780514	0
Solyc06g048430.4	0.8818879853780514	0
Solyc06g068700.4	0.8818879853780514	0
Solyc09g031900.4	0.8818879853780514	0
Solyc07g064260.2	0.8818879853780514	0
Solyc07g064630.4	0.8818879853780514	0
Solyc07g064710.3	0.8818879853780514	0
Solyc07g064810.3	0.8818879853780514	0
Solyc10g008670.3	0.8818879853780514	0
Solyc12g088140.2	0.8818879853780514	0
Solyc12g010900.1	0.8818879853780514	0
Solyc11g005940.3	0.8818879853780514	0
Solyc11g011300.2	0.8818879853780514	0
Solyc11g006980.1	0.8818879853780514	0
Solyc12g096280.2	0.8818879853780514	0
Solyc12g096920.1	0.8818879853780514	0
Solyc10g083610.2	0.8818879853780514	0
Solyc04g009710.2	0.8822576599218426	0
Solyc10g160090.1	0.8840629534111689	0
Solyc07g053080.5	0.8845302504290148	0
Solyc01g107700.4	0.8849353524400965	0
Solyc01g112290.4	0.8849353524400965	0
Solyc02g089280.3	0.8849353524400965	0
Solyc01g008810.3	0.8849353524400965	0
Solyc01g103140.3	0.8849353524400965	0
Solyc01g097570.2	0.8849353524400965	0
Solyc01g091070.3	0.8849353524400965	0
Solyc01g103380.5	0.8849353524400965	0
Solyc01g080700.4	0.8849353524400965	0
Solyc02g089680.4	0.8849353524400965	0
Solyc01g103480.3	0.8849353524400965	0
Solyc01g097870.3	0.8849353524400965	0
Solyc01g098020.2	0.8849353524400965	0
Solyc02g014840.3	0.8849353524400965	0
Solyc01g091640.3	0.8849353524400965	0
Solyc02g076710.3	0.8849353524400965	0
Solyc02g085730.3	0.8849353524400965	0
Solyc01g021640.3	0.8849353524400965	0
Solyc01g098380.4	0.8849353524400965	0
Solyc02g090350.4	0.8849353524400965	0
Solyc02g081370.2	0.8849353524400965	0
Solyc01g104350.3	0.8849353524400965	0
Solyc01g093960.3	0.8849353524400965	0
Solyc01g098620.2	0.8849353524400965	0
Solyc02g081520.4	0.8849353524400965	0
Solyc01g034020.3	0.8849353524400965	0
Solyc02g090620.3	0.8849353524400965	0
Solyc03g007520.3	0.8849353524400965	0
Solyc02g062170.3	0.8849353524400965	0
Solyc02g062250.3	0.8849353524400965	0
Solyc01g086650.3	0.8849353524400965	0
Solyc02g077220.3	0.8849353524400965	0
Solyc01g104710.3	0.8849353524400965	0
Solyc02g090800.1	0.8849353524400965	0
Solyc01g067360.3	0.8849353524400965	0
Solyc02g090860.3	0.8849353524400965	0
Solyc02g086370.4	0.8849353524400965	0
Solyc01g005290.4	0.8849353524400965	0
Solyc02g077410.3	0.8849353524400965	0
Solyc01g099350.3	0.8849353524400965	0
Solyc01g109570.4	0.8849353524400965	0
Solyc01g067820.3	0.8849353524400965	0
Solyc02g069130.3	0.8849353524400965	0
Solyc01g011000.3	0.8849353524400965	0
Solyc02g077720.4	0.8849353524400965	0
Solyc01g105230.4	0.8849353524400965	0
Solyc01g067900.3	0.8849353524400965	0
Solyc01g094810.3	0.8849353524400965	0
Solyc02g086910.5	0.8849353524400965	0
Solyc01g105320.4	0.8849353524400965	0
Solyc02g082420.3	0.8849353524400965	0
Solyc01g105360.3	0.8849353524400965	0
Solyc01g087400.4	0.8849353524400965	0
Solyc01g095140.5	0.8849353524400965	0
Solyc02g082635.1	0.8849353524400965	0
Solyc00g500076.1	0.8849353524400965	0
Solyc02g082770.3	0.8849353524400965	0
Solyc01g105710.3	0.8849353524400965	0
Solyc01g006140.4	0.8849353524400965	0
Solyc01g100140.4	0.8849353524400965	0
Solyc01g110370.4	0.8849353524400965	0
Solyc01g095700.3	0.8849353524400965	0
Solyc02g069920.4	0.8849353524400965	0
Solyc02g087620.3	0.8849353524400965	0
Solyc01g100480.3	0.8849353524400965	0
Solyc02g064945.1	0.8849353524400965	0
Solyc01g106100.2	0.8849353524400965	0
Solyc02g064980.1	0.8849353524400965	0
Solyc03g025400.3	0.8849353524400965	0
Solyc02g092270.3	0.8849353524400965	0
Solyc02g065080.4	0.8849353524400965	0
Solyc03g025450.4	0.8849353524400965	0
Solyc02g070290.3	0.8849353524400965	0
Solyc03g025540.3	0.8849353524400965	0
Solyc02g070310.3	0.8849353524400965	0
Solyc01g006710.4	0.8849353524400965	0
Solyc02g065290.1	0.8849353524400965	0
Solyc02g070460.3	0.8849353524400965	0
Solyc01g100940.3	0.8849353524400965	0
Solyc02g088090.1	0.8849353524400965	0
Solyc02g083590.3	0.8849353524400965	0
Solyc01g101110.3	0.8849353524400965	0
Solyc02g083710.3	0.8849353524400965	0
Solyc02g079330.3	0.8849353524400965	0
Solyc02g036380.3	0.8849353524400965	0
Solyc02g065730.2	0.8849353524400965	0
Solyc02g092760.3	0.8849353524400965	0
Solyc01g096630.3	0.8849353524400965	0
Solyc01g096650.4	0.8849353524400965	0
Solyc02g083930.1	0.8849353524400965	0
Solyc02g079500.4	0.8849353524400965	0
Solyc02g088630.4	0.8849353524400965	0
Solyc01g007910.3	0.8849353524400965	0
Solyc01g111800.4	0.8849353524400965	0
Solyc01g102700.4	0.8849353524400965	0
Solyc01g111860.5	0.8849353524400965	0
Solyc01g079810.4	0.8849353524400965	0
Solyc01g102840.3	0.8849353524400965	0
Solyc01g008100.3	0.8849353524400965	0
Solyc03g098660.3	0.8849353524400965	0
Solyc04g077170.3	0.8849353524400965	0
Solyc01g107590.3	0.8849353524400965	0
Solyc01g090550.3	0.8849353524400965	0
Solyc04g050480.5	0.8849353524400965	0
Solyc03g033450.5	0.8849353524400965	0
Solyc04g017680.3	0.8849353524400965	0
Solyc03g033600.3	0.8849353524400965	0
Solyc02g084660.3	0.8849353524400965	0
Solyc03g063290.3	0.8849353524400965	0
Solyc05g056570.3	0.8849353524400965	0
Solyc04g050920.3	0.8849353524400965	0
Solyc04g082010.1	0.8849353524400965	0
Solyc03g115470.3	0.8849353524400965	0
Solyc05g005190.3	0.8849353524400965	0
Solyc03g034000.3	0.8849353524400965	0
Solyc05g005230.3	0.8849353524400965	0
Solyc03g115740.2	0.8849353524400965	0
Solyc04g077850.3	0.8849353524400965	0
Solyc04g082420.3	0.8849353524400965	0
Solyc03g111630.4	0.8849353524400965	0
Solyc04g082450.3	0.8849353524400965	0
Solyc03g034440.2	0.8849353524400965	0
Solyc03g120360.1	0.8849353524400965	0
Solyc03g120510.1	0.8849353524400965	0
Solyc04g005120.3	0.8849353524400965	0
Solyc03g116370.3	0.8849353524400965	0
Solyc04g010100.2	0.8849353524400965	0
Solyc04g082790.5	0.8849353524400965	0
Solyc05g010680.2	0.8849353524400965	0
Solyc03g120780.3	0.8849353524400965	0
Solyc04g078540.5	0.8849353524400965	0
Solyc03g112100.3	0.8849353524400965	0
Solyc05g052940.3	0.8849353524400965	0
Solyc04g072050.5	0.8849353524400965	0
Solyc04g078680.5	0.8849353524400965	0
Solyc03g112240.1	0.8849353524400965	0
Solyc04g011390.1	0.8849353524400965	0
Solyc04g011400.3	0.8849353524400965	0
Solyc05g011970.3	0.8849353524400965	0
Solyc03g112310.1	0.8849353524400965	0
Solyc04g072290.3	0.8849353524400965	0
Solyc06g008580.3	0.8849353524400965	0
Solyc05g053140.3	0.8849353524400965	0
Solyc05g012090.4	0.8849353524400965	0
Solyc04g026100.1	0.8849353524400965	0
Solyc03g116810.4	0.8849353524400965	0
Solyc04g072390.3	0.8849353524400965	0
Solyc03g112390.3	0.8849353524400965	0
Solyc03g078360.1	0.8849353524400965	0
Solyc05g053220.3	0.8849353524400965	0
Solyc05g053470.3	0.8849353524400965	0
Solyc03g096050.3	0.8849353524400965	0
Solyc03g117060.4	0.8849353524400965	0
Solyc05g012500.3	0.8849353524400965	0
Solyc05g006660.4	0.8849353524400965	0
Solyc05g047520.4	0.8849353524400965	0
Solyc03g117345.1	0.8849353524400965	0
Solyc05g053820.3	0.8849353524400965	0
Solyc03g045150.1	0.8849353524400965	0
Solyc06g009370.5	0.8849353524400965	0
Solyc05g054130.5	0.8849353524400965	0
Solyc03g117560.3	0.8849353524400965	0
Solyc04g014410.5	0.8849353524400965	0
Solyc05g007150.4	0.8849353524400965	0
Solyc03g082500.4	0.8849353524400965	0
Solyc05g023800.3	0.8849353524400965	0
Solyc03g082690.3	0.8849353524400965	0
Solyc03g082710.4	0.8849353524400965	0
Solyc04g074820.3	0.8849353524400965	0
Solyc03g082820.3	0.8849353524400965	0
Solyc04g008230.3	0.8849353524400965	0
Solyc05g007590.5	0.8849353524400965	0
Solyc03g058190.3	0.8849353524400965	0
Solyc04g008410.3	0.8849353524400965	0
Solyc04g049620.2	0.8849353524400965	0
Solyc04g008460.4	0.8849353524400965	0
Solyc04g057980.3	0.8849353524400965	0
Solyc04g080450.1	0.8849353524400965	0
Solyc03g114175.1	0.8849353524400965	0
Solyc04g076400.3	0.8849353524400965	0
Solyc05g008310.5	0.8849353524400965	0
Solyc06g072070.2	0.8849353524400965	0
Solyc04g076460.4	0.8849353524400965	0
Solyc05g055400.5	0.8849353524400965	0
Solyc04g080900.3	0.8849353524400965	0
Solyc06g065670.4	0.8849353524400965	0
Solyc06g030470.4	0.8849353524400965	0
Solyc05g014320.3	0.8849353524400965	0
Solyc06g076750.3	0.8849353524400965	0
Solyc04g076780.5	0.8849353524400965	0
Solyc06g036290.3	0.8849353524400965	0
Solyc07g037960.1	0.8849353524400965	0
Solyc06g036430.3	0.8849353524400965	0
Solyc06g054490.3	0.8849353524400965	0
Solyc07g005330.3	0.8849353524400965	0
Solyc04g081360.3	0.8849353524400965	0
Solyc08g074620.3	0.8849353524400965	0
Solyc07g065820.3	0.8849353524400965	0
Solyc06g072690.3	0.8849353524400965	0
Solyc08g074682.1	0.8849353524400965	0
Solyc06g072800.4	0.8849353524400965	0
Solyc07g065960.1	0.8849353524400965	0
Solyc07g066100.3	0.8849353524400965	0
Solyc08g065210.1	0.8849353524400965	0
Solyc05g009420.1	0.8849353524400965	0
Solyc07g052240.3	0.8849353524400965	0
Solyc07g016150.4	0.8849353524400965	0
Solyc09g015120.4	0.8849353524400965	0
Solyc06g082700.1	0.8849353524400965	0
Solyc07g005960.3	0.8849353524400965	0
Solyc06g066780.3	0.8849353524400965	0
Solyc07g017220.3	0.8849353524400965	0
Solyc08g006487.1	0.8849353524400965	0
Solyc08g006520.1	0.8849353524400965	0
Solyc06g067880.3	0.8849353524400965	0
Solyc08g079860.3	0.8849353524400965	0
Solyc06g060760.3	0.8849353524400965	0
Solyc08g075410.3	0.8849353524400965	0
Solyc06g068090.3	0.8849353524400965	0
Solyc07g062130.3	0.8849353524400965	0
Solyc07g062190.5	0.8849353524400965	0
Solyc07g017770.3	0.8849353524400965	0
Solyc07g052840.1	0.8849353524400965	0
Solyc07g006580.3	0.8849353524400965	0
Solyc06g073800.3	0.8849353524400965	0
Solyc09g018020.3	0.8849353524400965	0
Solyc07g018180.3	0.8849353524400965	0
Solyc06g050360.3	0.8849353524400965	0
Solyc07g062530.3	0.8849353524400965	0
Solyc07g006855.2	0.8849353524400965	0
Solyc06g061250.3	0.8849353524400965	0
Solyc07g006950.3	0.8849353524400965	0
Solyc07g019440.3	0.8849353524400965	0
Solyc07g062700.3	0.8849353524400965	0
Solyc09g009550.5	0.8849353524400965	0
Solyc07g042750.4	0.8849353524400965	0
Solyc09g009660.3	0.8849353524400965	0
Solyc09g019980.3	0.8849353524400965	0
Solyc08g042140.3	0.8849353524400965	0
Solyc06g062765.1	0.8849353524400965	0
Solyc06g074490.1	0.8849353524400965	0
Solyc08g007520.4	0.8849353524400965	0
Solyc08g066890.4	0.8849353524400965	0
Solyc08g044410.1	0.8849353524400965	0
Solyc07g053720.3	0.8849353524400965	0
Solyc09g005260.4	0.8849353524400965	0
Solyc07g053800.3	0.8849353524400965	0
Solyc09g005320.3	0.8849353524400965	0
Solyc09g005350.3	0.8849353524400965	0
Solyc09g005390.3	0.8849353524400965	0
Solyc08g007910.5	0.8849353524400965	0
Solyc06g063260.4	0.8849353524400965	0
Solyc06g075090.4	0.8849353524400965	0
Solyc07g007980.3	0.8849353524400965	0
Solyc09g010330.4	0.8849353524400965	0
Solyc08g077110.4	0.8849353524400965	0
Solyc06g069640.3	0.8849353524400965	0
Solyc07g054280.1	0.8849353524400965	0
Solyc07g008200.3	0.8849353524400965	0
Solyc07g008320.3	0.8849353524400965	0
Solyc07g063860.4	0.8849353524400965	0
Solyc09g007070.1	0.8849353524400965	0
Solyc08g082130.3	0.8849353524400965	0
Solyc07g008560.3	0.8849353524400965	0
Solyc09g010810.3	0.8849353524400965	0
Solyc06g075850.1	0.8849353524400965	0
Solyc09g010930.5	0.8849353524400965	0
Solyc09g065130.4	0.8849353524400965	0
Solyc08g077690.3	0.8849353524400965	0
Solyc07g008710.3	0.8849353524400965	0
Solyc07g045520.4	0.8849353524400965	0
Solyc08g068400.4	0.8849353524400965	0
Solyc09g065540.3	0.8849353524400965	0
Solyc07g055270.1	0.8849353524400965	0
Solyc09g065610.2	0.8849353524400965	0
Solyc06g071600.3	0.8849353524400965	0
Solyc08g068840.3	0.8849353524400965	0
Solyc08g082920.3	0.8849353524400965	0
Solyc09g065760.4	0.8849353524400965	0
Solyc10g039280.2	0.8849353524400965	0
Solyc06g071810.1	0.8849353524400965	0
Solyc10g039380.2	0.8849353524400965	0
Solyc10g008320.1	0.8849353524400965	0
Solyc08g078300.4	0.8849353524400965	0
Solyc08g083150.1	0.8849353524400965	0
Solyc10g078520.2	0.8849353524400965	0
Solyc09g074400.3	0.8849353524400965	0
Solyc07g049210.3	0.8849353524400965	0
Solyc07g065180.3	0.8849353524400965	0
Solyc10g008650.3	0.8849353524400965	0
Solyc08g078660.3	0.8849353524400965	0
Solyc08g015960.3	0.8849353524400965	0
Solyc10g008790.3	0.8849353524400965	0
Solyc09g008350.3	0.8849353524400965	0
Solyc11g007740.2	0.8849353524400965	0
Solyc09g072610.3	0.8849353524400965	0
Solyc11g013500.1	0.8849353524400965	0
Solyc12g010320.2	0.8849353524400965	0
Solyc12g005040.2	0.8849353524400965	0
Solyc10g009330.3	0.8849353524400965	0
Solyc11g007960.2	0.8849353524400965	0
Solyc10g084930.2	0.8849353524400965	0
Solyc10g079440.2	0.8849353524400965	0
Solyc12g021340.3	0.8849353524400965	0
Solyc09g091980.3	0.8849353524400965	0
Solyc12g010800.2	0.8849353524400965	0
Solyc11g065940.2	0.8849353524400965	0
Solyc10g055410.2	0.8849353524400965	0
Solyc10g047140.2	0.8849353524400965	0
Solyc10g011870.3	0.8849353524400965	0
Solyc11g008450.2	0.8849353524400965	0
Solyc12g088440.2	0.8849353524400965	0
Solyc12g005750.1	0.8849353524400965	0
Solyc12g005760.2	0.8849353524400965	0
Solyc09g082115.1	0.8849353524400965	0
Solyc12g011280.2	0.8849353524400965	0
Solyc12g099640.1	0.8849353524400965	0
Solyc11g008700.2	0.8849353524400965	0
Solyc10g061970.2	0.8849353524400965	0
Solyc10g085720.2	0.8849353524400965	0
Solyc11g066390.2	0.8849353524400965	0
Solyc10g005890.3	0.8849353524400965	0
Solyc10g012410.3	0.8849353524400965	0
Solyc11g072950.3	0.8849353524400965	0
Solyc12g006007.1	0.8849353524400965	0
Solyc12g088840.1	0.8849353524400965	0
Solyc10g017580.3	0.8849353524400965	0
Solyc12g099930.2	0.8849353524400965	0
Solyc11g018770.4	0.8849353524400965	0
Solyc12g088910.4	0.8849353524400965	0
Solyc12g088930.1	0.8849353524400965	0
Solyc12g036170.2	0.8849353524400965	0
Solyc10g086190.3	0.8849353524400965	0
Solyc12g036330.1	0.8849353524400965	0
Solyc11g010470.2	0.8849353524400965	0
Solyc11g045220.2	0.8849353524400965	0
Solyc10g074785.1	0.8849353524400965	0
Solyc10g074790.2	0.8849353524400965	0
Solyc12g089385.1	0.8849353524400965	0
Solyc10g080920.2	0.8849353524400965	0
Solyc11g010850.2	0.8849353524400965	0
Solyc12g037980.2	0.8849353524400965	0
Solyc12g094590.2	0.8849353524400965	0
Solyc12g006880.2	0.8849353524400965	0
Solyc12g015630.2	0.8849353524400965	0
Solyc12g094690.1	0.8849353524400965	0
Solyc11g020870.3	0.8849353524400965	0
Solyc10g076290.2	0.8849353524400965	0
Solyc12g095750.2	0.8849353524400965	0
Solyc12g038400.2	0.8849353524400965	0
Solyc10g007050.3	0.8849353524400965	0
Solyc10g076350.2	0.8849353524400965	0
Solyc12g007160.2	0.8849353524400965	0
Solyc12g038630.2	0.8849353524400965	0
Solyc11g056320.2	0.8849353524400965	0
Solyc10g081575.1	0.8849353524400965	0
Solyc12g008350.3	0.8849353524400965	0
Solyc11g022390.2	0.8849353524400965	0
Solyc11g011620.3	0.8849353524400965	0
Solyc10g081875.1	0.8849353524400965	0
Solyc09g090030.2	0.8849353524400965	0
Solyc09g090060.3	0.8849353524400965	0
Solyc09g090070.1	0.8849353524400965	0
Solyc10g007600.3	0.8849353524400965	0
Solyc11g062100.1	0.8849353524400965	0
Solyc12g008730.3	0.8849353524400965	0
Solyc10g038130.3	0.8849353524400965	0
Solyc11g012020.2	0.8849353524400965	0
Solyc12g017960.1	0.8849353524400965	0
Solyc12g009310.2	0.8849353524400965	0
Solyc12g019300.2	0.8849353524400965	0
Solyc11g064850.2	0.8849353524400965	0
Solyc12g097070.3	0.8849353524400965	0
Solyc11g012480.3	0.8849353524400965	0
Solyc12g009590.2	0.8849353524400965	0
Solyc03g116580.4	0.8868119620207688	0
Solyc02g086215.1	0.886893224415823	0
Solyc03g051690.1	0.8869022427710385	0
Solyc05g053030.1	0.8876963381645402	0
Solyc00g210860.1	0.887716197405473	0
Solyc08g066650.3	0.887716197405473	0
Solyc08g076380.3	0.887716197405473	0
Solyc06g065120.1	0.887716197405473	0
Solyc12g077370.3	0.887716197405473	0
Solyc02g078930.3	0.8887238460062116	0
Solyc08g074950.2	0.8887581843262682	0
Solyc04g160440.1	0.8890262997306827	0
Solyc02g067430.3	0.8916767121085138	0
Solyc05g007110.2	0.8916925542751419	0
Solyc01g090080.3	0.8917083894932086	0
Solyc09g009930.2	0.891724217767792	0
Solyc09g059390.2	0.8917321293028627	0
Solyc06g062640.1	0.8917321293028627	0
Solyc07g160270.1	0.8930746521021805	0
Solyc11g044740.2	0.8930856232553106	0
Solyc03g082460.1	0.8930965910320734	0
Solyc04g160330.1	0.8939186069857546	0
Solyc07g017570.2	0.8939186069857546	0
Solyc01g087460.3	0.8939260472217725	0
Solyc01g090070.2	0.8939260472217725	0
Solyc08g079370.2	0.8939260472217725	0
Solyc12g162270.1	0.893940922998556	0
Solyc00g500148.1	0.8947641074551689	0
Solyc04g077260.3	0.8947858942300831	0
Solyc02g085880.3	0.8955471131969037	0
Solyc01g103877.1	0.8955684173734373	0
Solyc09g092763.1	0.8955755158693834	0
Solyc06g060950.1	0.8955826129180338	0
Solyc10g074620.3	0.8958829063510494	0
Solyc11g065365.1	0.8958987321153898	0
Solyc00g027120.2	0.8959461661448492	0
Solyc01g150169.1	0.8959461661448492	0
Solyc03g091030.1	0.8959461661448492	0
Solyc03g091035.1	0.8959461661448492	0
Solyc03g116220.1	0.8959461661448492	0
Solyc03g113310.1	0.8959461661448492	0
Solyc04g080150.3	0.8959461661448492	0
Solyc09g009173.1	0.8959461661448492	0
Solyc10g039390.1	0.8959461661448492	0
Solyc09g074820.4	0.8959461661448492	0
Solyc12g088980.2	0.8959461661448492	0
Solyc12g006960.2	0.8959461661448492	0
Solyc11g050880.2	0.8959461661448492	0
Solyc02g089530.3	0.8959619630850602	0
Solyc01g080970.3	0.8959619630850602	0
Solyc01g014150.1	0.8959619630850602	0
Solyc04g039760.3	0.8959619630850602	0
Solyc05g012745.1	0.8959619630850602	0
Solyc07g005250.1	0.8959619630850602	0
Solyc07g009567.1	0.8959619630850602	0
Solyc09g008710.1	0.8959619630850602	0
Solyc11g033281.1	0.8959619630850602	0
Solyc10g049213.1	0.8959619630850602	0
Solyc11g010870.2	0.8959619630850602	0
Solyc11g011377.1	0.8959619630850602	0
Solyc11g007260.1	0.8959619630850602	0
Solyc11g161640.1	0.8959619630850602	0
Solyc09g091090.2	0.8961945711809428	0
Solyc01g058220.3	0.8962154817262733	0
Solyc11g006675.1	0.8964717904828836	0
Solyc04g026210.4	0.8964817489186121	0
Solyc11g007825.1	0.8964817489186121	0
Solyc01g068430.3	0.8964917044812077	0
Solyc01g110070.3	0.8966723403353453	0
Solyc09g091410.2	0.8967478984516254	0
Solyc07g009230.3	0.896761618491059	0
Solyc06g053785.1	0.8971571357930139	0
Solyc08g066625.1	0.8971774701397547	0
Solyc12g056160.2	0.8974272727692472	0
Solyc01g107080.3	0.8975146100068625	0
Solyc09g161950.1	0.8975749437268533	0
Solyc12g005810.1	0.8975749437268533	0
Solyc02g036390.1	0.8977952591736602	0
Solyc01g089920.3	0.8980736153089047	0
Solyc08g006200.4	0.8980736153089047	0
Solyc01g058350.1	0.8981066016725651	0
Solyc03g079900.3	0.8981066016725651	0
Solyc06g034410.3	0.8981066016725651	0
Solyc12g049320.3	0.89825136214915	0
Solyc01g104810.2	0.8983758872932311	0
Solyc08g080480.3	0.8984020449042349	0
Solyc01g081090.2	0.8984477721618782	0
Solyc02g082040.3	0.8984608257563766	0
Solyc02g061800.2	0.8985129898426693	0
Solyc02g083950.3	0.8985325306585517	0
Solyc12g009780.1	0.8985780820361091	0
Solyc07g045510.4	0.8985910854517142	0
Solyc09g059220.1	0.8986040838671137	0
Solyc08g065810.1	0.8986235721218346	0
Solyc01g009530.1	0.8986300657101076	0
Solyc10g018760.1	0.89863655805073	0
Solyc01g080480.4	0.898643049144101	0
Solyc01g099620.3	0.898643049144101	0
Solyc02g079440.3	0.898643049144101	0
Solyc07g051880.1	0.898643049144101	0
Solyc11g007140.2	0.898643049144101	0
Solyc05g055220.1	0.8986495389906201	0
Solyc08g066020.3	0.8986495389906201	0
Solyc06g083500.5	0.8986495389906201	0
Solyc03g005200.3	0.8986560275906862	0
Solyc05g006210.3	0.8986560275906862	0
Solyc12g096180.1	0.8986560275906862	0
Solyc03g007360.3	0.8986625149446985	0
Solyc02g082630.2	0.8986625149446985	0
Solyc01g068630.3	0.8986625149446985	0
Solyc03g059270.4	0.8986625149446985	0
Solyc04g009240.2	0.8986625149446985	0
Solyc03g120450.4	0.8986625149446985	0
Solyc03g043860.2	0.8986625149446985	0
Solyc04g025880.4	0.8986625149446985	0
Solyc05g054890.4	0.8986625149446985	0
Solyc03g083130.3	0.8986625149446985	0
Solyc05g008080.3	0.8986625149446985	0
Solyc06g054120.2	0.8986625149446985	0
Solyc06g066050.3	0.8986625149446985	0
Solyc06g066160.3	0.8986625149446985	0
Solyc05g009090.3	0.8986625149446985	0
Solyc06g082460.1	0.8986625149446985	0
Solyc06g069600.3	0.8986625149446985	0
Solyc07g032180.3	0.8986625149446985	0
Solyc07g047960.3	0.8986625149446985	0
Solyc10g084680.1	0.8986625149446985	0
Solyc10g081790.1	0.8986625149446985	0
Solyc09g090230.2	0.8986625149446985	0
Solyc11g062300.3	0.8986625149446985	0
Solyc10g018560.2	0.8993088437505574	0
Solyc03g033920.1	0.8993546290242966	0
Solyc03g117880.1	0.8993546290242966	0
Solyc07g065580.3	0.8993546290242966	0
Solyc07g054890.1	0.8993546290242966	0
Solyc07g049380.1	0.9016184967518945	0
Solyc09g064640.1	0.9017549658841184	0
Solyc02g071760.4	0.901771984625138	0
Solyc12g019040.3	0.9017804906797242	0
Solyc09g007780.1	0.9017889945249706	0
Solyc12g009415.2	0.9017889945249706	0
Solyc05g160920.1	0.9021531088551846	0
Solyc08g015680.1	0.9021531088551846	0
Solyc06g053510.3	0.902205619810948	0
Solyc04g016070.2	0.903856044542487	0
Solyc12g056865.1	0.903856044542487	0
Solyc01g097850.1	0.903864020643742	0
Solyc06g007920.3	0.9038719947602535	0
Solyc04g039970.1	0.9038719947602535	0
Solyc01g107120.3	0.9055492486563159	0
Solyc01g067520.3	0.9055643710624156	0
Solyc08g081360.3	0.9056247881318118	0
Solyc01g105610.1	0.9056549532146777	0
Solyc06g005020.3	0.9056549532146777	0
Solyc09g160920.1	0.9056549532146777	0
Solyc10g083620.2	0.9056624899669964	0
Solyc02g080850.1	0.9071322305730751	0
Solyc00g160180.1	0.907143461495594	0
Solyc01g014160.1	0.907143461495594	0
Solyc03g161640.1	0.907143461495594	0
Solyc03g081345.1	0.907143461495594	0
Solyc11g065050.1	0.907143461495594	0
Solyc09g150138.2	0.907143461495594	0
Solyc01g088220.3	0.9071919323016046	0
Solyc06g082340.2	0.9084019897166228	0
Solyc12g040450.2	0.9085121622428847	0
Solyc04g077880.1	0.908525905874992	0
Solyc12g099790.3	0.9096520962348891	0
Solyc05g032620.1	0.9096917878396985	0
Solyc03g122210.2	0.9106097380168344	0
Solyc06g084340.1	0.9106545837664476	0
Solyc02g071365.2	0.9106801796248133	0
Solyc04g045520.3	0.9106801796248133	0
Solyc01g009540.1	0.9106865751529389	0
Solyc01g066790.1	0.9106865751529389	0
Solyc05g016250.3	0.9106865751529389	0
Solyc00g023710.1	0.9111076366613543	0
Solyc12g010460.2	0.9115437731956858	0
Solyc07g053900.2	0.9121889553953624	0
Solyc00g230080.1	0.912249667674329	0
Solyc12g039050.3	0.912249667674329	0
Solyc03g121790.2	0.9122557319785792	0
Solyc10g150144.1	0.9122678568161987	0
Solyc12g056995.2	0.9122739173504363	0
Solyc11g020260.3	0.9128737003881684	0
Solyc04g011840.1	0.9133856250050075	0
Solyc02g032090.1	0.9134205984069824	0
Solyc04g058050.1	0.9134438904860628	0
Solyc10g005300.3	0.913848482831615	0
Solyc05g015780.1	0.9138943615842128	0
Solyc09g008510.1	0.9138943615842128	0
Solyc09g161830.1	0.9142644292734285	0
Solyc10g045155.1	0.9142700854119314	0
Solyc01g080120.2	0.9144841926447191	0
Solyc03g121770.2	0.91455707241604	0
Solyc09g092060.3	0.9145626708374577	0
Solyc06g034040.1	0.9145682681585607	0
Solyc02g082990.5	0.9145794595012648	0
Solyc12g088330.1	0.9149904722246035	0
Solyc03g123580.5	0.9150180298344806	0
Solyc04g161850.1	0.9150290453768728	0
Solyc07g056080.1	0.9151773371838248	0
Solyc03g113840.3	0.915182814573062	0
Solyc01g096330.2	0.9153684167707619	0
Solyc01g110910.4	0.9153738572292437	0
Solyc09g090225.1	0.9153738572292437	0
Solyc03g026090.4	0.9153792966386627	0
Solyc06g051330.1	0.9153792966386627	0
Solyc12g027897.1	0.9153792966386627	0
Solyc12g006600.3	0.9153792966386627	0
Solyc02g094125.1	0.9153956085759133	0
Solyc09g150139.1	0.9154119110837251	0
Solyc03g094000.3	0.9154173431591348	0
Solyc05g053980.1	0.9154282041711794	0
Solyc03g160240.1	0.9154336331084858	0
Solyc11g065420.3	0.9154336331084858	0
Solyc11g020975.1	0.9154336331084858	0
Solyc03g112750.4	0.9154607621212791	0
Solyc08g060815.1	0.9154607621212791	0
Solyc12g042830.3	0.9154607621212791	0
Solyc02g080760.1	0.915466184791436	0
Solyc04g011910.3	0.915466184791436	0
Solyc06g062680.3	0.915466184791436	0
Solyc11g044520.1	0.915466184791436	0
Solyc00g500095.1	0.9154716064182401	0
Solyc01g097220.3	0.9154716064182401	0
Solyc06g051140.4	0.9154716064182401	0
Solyc09g005690.3	0.9154716064182401	0
Solyc10g081430.2	0.9154716064182401	0
Solyc02g050210.2	0.915477027002026	0
Solyc02g091990.3	0.915477027002026	0
Solyc04g072043.1	0.915477027002026	0
Solyc05g055600.4	0.915477027002026	0
Solyc08g005333.1	0.915477027002026	0
Solyc10g008470.3	0.915477027002026	0
Solyc09g072640.3	0.915477027002026	0
Solyc10g009170.2	0.915477027002026	0
Solyc10g084990.2	0.915477027002026	0
Solyc12g088700.1	0.915477027002026	0
Solyc03g006320.1	0.9154824465431283	0
Solyc02g080330.4	0.9154824465431283	0
Solyc01g065700.3	0.9154824465431283	0
Solyc01g097830.2	0.9154824465431283	0
Solyc02g094280.4	0.9154824465431283	0
Solyc02g085460.1	0.9154824465431283	0
Solyc02g090310.1	0.9154824465431283	0
Solyc01g091940.3	0.9154824465431283	0
Solyc01g005280.3	0.9154824465431283	0
Solyc03g119310.3	0.9154824465431283	0
Solyc03g098740.1	0.9154824465431283	0
Solyc03g119650.3	0.9154824465431283	0
Solyc05g039960.1	0.9154824465431283	0
Solyc03g115420.3	0.9154824465431283	0
Solyc04g009430.3	0.9154824465431283	0
Solyc03g044530.1	0.9154824465431283	0
Solyc04g079300.3	0.9154824465431283	0
Solyc05g012810.3	0.9154824465431283	0
Solyc03g082550.3	0.9154824465431283	0
Solyc03g051950.4	0.9154824465431283	0
Solyc04g058110.3	0.9154824465431283	0
Solyc05g055090.4	0.9154824465431283	0
Solyc05g055630.3	0.9154824465431283	0
Solyc06g065870.3	0.9154824465431283	0
Solyc07g065660.5	0.9154824465431283	0
Solyc07g065670.1	0.9154824465431283	0
Solyc06g072500.2	0.9154824465431283	0
Solyc09g008520.4	0.9154824465431283	0
Solyc07g017250.4	0.9154824465431283	0
Solyc06g068270.3	0.9154824465431283	0
Solyc07g018100.2	0.9154824465431283	0
Solyc07g007970.3	0.9154824465431283	0
Solyc08g081690.3	0.9154824465431283	0
Solyc08g077170.3	0.9154824465431283	0
Solyc07g048110.4	0.9154824465431283	0
Solyc07g049310.3	0.9154824465431283	0
Solyc11g008420.3	0.9154824465431283	0
Solyc10g012170.3	0.9154824465431283	0
Solyc10g080100.3	0.9154824465431283	0
Solyc10g006020.3	0.9154824465431283	0
Solyc10g074570.2	0.9154824465431283	0
Solyc11g005700.1	0.9154824465431283	0
Solyc09g098370.5	0.9154824465431283	0
Solyc12g007000.3	0.9154824465431283	0
Solyc12g017520.2	0.9154824465431283	0
Solyc01g068293.1	0.9156199939891989	0
Solyc05g010817.1	0.9156199939891989	0
Solyc11g007350.1	0.9156199939891989	0
Solyc06g017863.2	0.9156648965021188	0
Solyc07g052660.1	0.9156648965021188	0
Solyc07g044890.1	0.9156648965021188	0
Solyc09g014730.4	0.9156648965021188	0
Solyc12g088000.2	0.9156648965021188	0
Solyc02g081240.1	0.9156798480842405	0
Solyc00g244280.1	0.9156798480842405	0
Solyc02g063310.2	0.9156798480842405	0
Solyc01g079910.1	0.9156798480842405	0
Solyc03g044180.1	0.9156798480842405	0
Solyc03g095785.1	0.9156798480842405	0
Solyc06g082770.3	0.9156798480842405	0
Solyc09g037060.3	0.9156798480842405	0
Solyc09g037090.1	0.9156798480842405	0
Solyc07g054635.1	0.9156798480842405	0
Solyc06g160860.1	0.9156798480842405	0
Solyc11g042455.1	0.9156798480842405	0
Solyc12g027890.1	0.9156798480842405	0
Solyc10g061870.1	0.9156798480842405	0
Solyc12g044954.1	0.9156798480842405	0
Solyc12g006780.2	0.9156798480842405	0
Solyc11g021300.3	0.9156798480842405	0
Solyc12g062790.1	0.9156798480842405	0
Solyc05g005360.3	0.917093408734943	0
Solyc01g090680.3	0.9176698538653	0
Solyc02g067100.3	0.9176698538653	0
Solyc01g107820.2	0.9176698538653	0
Solyc02g093550.3	0.9176698538653	0
Solyc02g038806.1	0.9176698538653	0
Solyc01g103170.4	0.9176698538653	0
Solyc01g103180.4	0.9176698538653	0
Solyc02g067370.4	0.9176698538653	0
Solyc02g043810.4	0.9176698538653	0
Solyc02g071920.3	0.9176698538653	0
Solyc02g089630.3	0.9176698538653	0
Solyc02g085180.5	0.9176698538653	0
Solyc02g089650.3	0.9176698538653	0
Solyc02g080670.3	0.9176698538653	0
Solyc02g094160.1	0.9176698538653	0
Solyc01g103670.4	0.9176698538653	0
Solyc01g097970.5	0.9176698538653	0
Solyc00g160020.1	0.9176698538653	0
Solyc02g068070.4	0.9176698538653	0
Solyc01g081200.3	0.9176698538653	0
Solyc01g081250.3	0.9176698538653	0
Solyc02g068150.4	0.9176698538653	0
Solyc01g091910.4	0.9176698538653	0
Solyc01g098520.3	0.9176698538653	0
Solyc02g068270.4	0.9176698538653	0
Solyc02g090480.4	0.9176698538653	0
Solyc02g062020.3	0.9176698538653	0
Solyc01g098700.4	0.9176698538653	0
Solyc02g150132.1	0.9176698538653	0
Solyc02g081680.4	0.9176698538653	0
Solyc01g104550.3	0.9176698538653	0
Solyc02g150147.1	0.9176698538653	0
Solyc02g081850.4	0.9176698538653	0
Solyc02g086320.1	0.9176698538653	0
Solyc02g077310.4	0.9176698538653	0
Solyc02g090870.1	0.9176698538653	0
Solyc02g086380.1	0.9176698538653	0
Solyc03g007870.3	0.9176698538653	0
Solyc02g068930.5	0.9176698538653	0
Solyc02g077460.3	0.9176698538653	0
Solyc01g109420.3	0.9176698538653	0
Solyc01g067720.4	0.9176698538653	0
Solyc01g067800.3	0.9176698538653	0
Solyc02g091340.4	0.9176698538653	0
Solyc01g109710.3	0.9176698538653	0
Solyc02g030450.3	0.9176698538653	0
Solyc01g087410.4	0.9176698538653	0
Solyc01g011340.3	0.9176698538653	0
Solyc02g082490.4	0.9176698538653	0
Solyc00g500058.1	0.9176698538653	0
Solyc01g099850.3	0.9176698538653	0
Solyc01g095150.3	0.9176698538653	0
Solyc02g063380.1	0.9176698538653	0
Solyc01g005985.2	0.9176698538653	0
Solyc01g087720.4	0.9176698538653	0
Solyc02g063520.4	0.9176698538653	0
Solyc02g091880.4	0.9176698538653	0
Solyc02g091930.3	0.9176698538653	0
Solyc02g082840.3	0.9176698538653	0
Solyc02g078400.3	0.9176698538653	0
Solyc02g082860.3	0.9176698538653	0
Solyc01g110380.3	0.9176698538653	0
Solyc02g069910.2	0.9176698538653	0
Solyc02g092200.3	0.9176698538653	0
Solyc02g087710.3	0.9176698538653	0
Solyc02g070050.3	0.9176698538653	0
Solyc02g092240.3	0.9176698538653	0
Solyc03g005110.3	0.9176698538653	0
Solyc01g100770.3	0.9176698538653	0
Solyc03g025600.3	0.9176698538653	0
Solyc01g106380.2	0.9176698538653	0
Solyc02g033040.3	0.9176698538653	0
Solyc02g070520.3	0.9176698538653	0
Solyc02g070580.1	0.9176698538653	0
Solyc02g065550.4	0.9176698538653	0
Solyc01g101040.3	0.9176698538653	0
Solyc02g079220.5	0.9176698538653	0
Solyc03g005600.3	0.9176698538653	0
Solyc02g065680.3	0.9176698538653	0
Solyc01g096520.3	0.9176698538653	0
Solyc00g500190.1	0.9176698538653	0
Solyc02g070920.3	0.9176698538653	0
Solyc01g089880.4	0.9176698538653	0
Solyc01g106820.3	0.9176698538653	0
Solyc03g031690.3	0.9176698538653	0
Solyc02g092780.3	0.9176698538653	0
Solyc01g111560.3	0.9176698538653	0
Solyc00g500210.1	0.9176698538653	0
Solyc03g026170.4	0.9176698538653	0
Solyc02g083940.3	0.9176698538653	0
Solyc02g066950.5	0.9176698538653	0
Solyc02g093020.3	0.9176698538653	0
Solyc00g500245.1	0.9176698538653	0
Solyc03g098450.3	0.9176698538653	0
Solyc02g079750.4	0.9176698538653	0
Solyc02g093160.3	0.9176698538653	0
Solyc03g032160.3	0.9176698538653	0
Solyc03g062740.4	0.9176698538653	0
Solyc02g079920.3	0.9176698538653	0
Solyc02g080010.3	0.9176698538653	0
Solyc03g033340.3	0.9176698538653	0
Solyc02g093400.3	0.9176698538653	0
Solyc02g084430.3	0.9176698538653	0
Solyc03g115150.4	0.9176698538653	0
Solyc01g008330.5	0.9176698538653	0
Solyc01g090590.3	0.9176698538653	0
Solyc04g050490.4	0.9176698538653	0
Solyc01g112170.3	0.9176698538653	0
Solyc02g084560.4	0.9176698538653	0
Solyc02g084630.3	0.9176698538653	0
Solyc05g009570.3	0.9176698538653	0
Solyc03g063340.3	0.9176698538653	0
Solyc03g111180.3	0.9176698538653	0
Solyc05g005090.4	0.9176698538653	0
Solyc05g009690.3	0.9176698538653	0
Solyc05g052140.4	0.9176698538653	0
Solyc05g052160.4	0.9176698538653	0
Solyc03g093470.3	0.9176698538653	0
Solyc03g120090.1	0.9176698538653	0
Solyc04g051200.2	0.9176698538653	0
Solyc05g015650.3	0.9176698538653	0
Solyc04g082310.3	0.9176698538653	0
Solyc03g115860.3	0.9176698538653	0
Solyc04g078010.5	0.9176698538653	0
Solyc05g005570.3	0.9176698538653	0
Solyc04g078090.3	0.9176698538653	0
Solyc05g010320.4	0.9176698538653	0
Solyc04g009840.4	0.9176698538653	0
Solyc04g078190.4	0.9176698538653	0
Solyc05g005750.3	0.9176698538653	0
Solyc03g116200.3	0.9176698538653	0
Solyc04g005130.3	0.9176698538653	0
Solyc05g005800.5	0.9176698538653	0
Solyc03g120610.3	0.9176698538653	0
Solyc03g111970.4	0.9176698538653	0
Solyc04g051880.3	0.9176698538653	0
Solyc05g005910.4	0.9176698538653	0
Solyc03g120720.3	0.9176698538653	0
Solyc04g072030.1	0.9176698538653	0
Solyc04g025540.3	0.9176698538653	0
Solyc04g005480.1	0.9176698538653	0
Solyc03g120870.3	0.9176698538653	0
Solyc03g095500.3	0.9176698538653	0
Solyc04g011360.3	0.9176698538653	0
Solyc03g116670.4	0.9176698538653	0
Solyc03g116750.3	0.9176698538653	0
Solyc03g116760.3	0.9176698538653	0
Solyc04g011530.3	0.9176698538653	0
Solyc03g121090.4	0.9176698538653	0
Solyc03g121100.4	0.9176698538653	0
Solyc04g078920.3	0.9176698538653	0
Solyc04g054460.3	0.9176698538653	0
Solyc03g116890.3	0.9176698538653	0
Solyc05g053260.3	0.9176698538653	0
Solyc03g112520.3	0.9176698538653	0
Solyc06g008760.1	0.9176698538653	0
Solyc03g112550.3	0.9176698538653	0
Solyc03g121290.5	0.9176698538653	0
Solyc05g046310.3	0.9176698538653	0
Solyc03g044900.3	0.9176698538653	0
Solyc03g078800.2	0.9176698538653	0
Solyc03g121480.3	0.9176698538653	0
Solyc04g079310.4	0.9176698538653	0
Solyc05g053710.4	0.9176698538653	0
Solyc05g006760.4	0.9176698538653	0
Solyc05g053780.4	0.9176698538653	0
Solyc05g012710.4	0.9176698538653	0
Solyc05g053940.3	0.9176698538653	0
Solyc04g014250.3	0.9176698538653	0
Solyc04g074050.4	0.9176698538653	0
Solyc04g040210.5	0.9176698538653	0
Solyc03g046380.1	0.9176698538653	0
Solyc04g014400.4	0.9176698538653	0
Solyc04g014470.3	0.9176698538653	0
Solyc05g054310.4	0.9176698538653	0
Solyc03g113450.4	0.9176698538653	0
Solyc03g096960.4	0.9176698538653	0
Solyc03g097050.3	0.9176698538653	0
Solyc03g082660.3	0.9176698538653	0
Solyc03g082670.3	0.9176698538653	0
Solyc04g080010.5	0.9176698538653	0
Solyc04g014800.3	0.9176698538653	0
Solyc05g050320.4	0.9176698538653	0
Solyc04g056530.2	0.9176698538653	0
Solyc03g097170.3	0.9176698538653	0
Solyc05g050380.4	0.9176698538653	0
Solyc04g049130.4	0.9176698538653	0
Solyc03g053010.4	0.9176698538653	0
Solyc03g113790.4	0.9176698538653	0
Solyc04g080200.4	0.9176698538653	0
Solyc04g074900.3	0.9176698538653	0
Solyc06g005250.3	0.9176698538653	0
Solyc05g007710.3	0.9176698538653	0
Solyc05g007750.4	0.9176698538653	0
Solyc03g123650.3	0.9176698538653	0
Solyc03g083010.3	0.9176698538653	0
Solyc05g007895.1	0.9176698538653	0
Solyc03g118270.1	0.9176698538653	0
Solyc04g076070.1	0.9176698538653	0
Solyc04g049850.3	0.9176698538653	0
Solyc03g083170.3	0.9176698538653	0
Solyc05g050910.3	0.9176698538653	0
Solyc03g083300.3	0.9176698538653	0
Solyc06g005710.3	0.9176698538653	0
Solyc05g008140.4	0.9176698538653	0
Solyc03g083360.3	0.9176698538653	0
Solyc03g114330.3	0.9176698538653	0
Solyc06g053980.3	0.9176698538653	0
Solyc03g150107.2	0.9176698538653	0
Solyc03g114460.3	0.9176698538653	0
Solyc06g030540.4	0.9176698538653	0
Solyc05g014270.4	0.9176698538653	0
Solyc05g008600.3	0.9176698538653	0
Solyc06g076680.5	0.9176698538653	0
Solyc03g118970.3	0.9176698538653	0
Solyc05g008620.4	0.9176698538653	0
Solyc07g005120.3	0.9176698538653	0
Solyc05g008870.3	0.9176698538653	0
Solyc06g072460.1	0.9176698538653	0
Solyc05g008960.3	0.9176698538653	0
Solyc07g009490.3	0.9176698538653	0
Solyc05g009070.4	0.9176698538653	0
Solyc08g062780.2	0.9176698538653	0
Solyc06g082210.1	0.9176698538653	0
Solyc07g014650.3	0.9176698538653	0
Solyc08g021820.3	0.9176698538653	0
Solyc06g043070.4	0.9176698538653	0
Solyc08g074750.2	0.9176698538653	0
Solyc08g022070.3	0.9176698538653	0
Solyc08g006350.3	0.9176698538653	0
Solyc08g075070.3	0.9176698538653	0
Solyc09g008630.3	0.9176698538653	0
Solyc08g079690.5	0.9176698538653	0
Solyc08g075210.2	0.9176698538653	0
Solyc06g048700.1	0.9176698538653	0
Solyc07g006130.3	0.9176698538653	0
Solyc06g073410.3	0.9176698538653	0
Solyc08g079870.3	0.9176698538653	0
Solyc07g006370.1	0.9176698538653	0
Solyc06g049050.3	0.9176698538653	0
Solyc07g062210.4	0.9176698538653	0
Solyc08g075690.3	0.9176698538653	0
Solyc06g073740.3	0.9176698538653	0
Solyc09g016950.3	0.9176698538653	0
Solyc06g068360.3	0.9176698538653	0
Solyc07g018140.3	0.9176698538653	0
Solyc07g160110.1	0.9176698538653	0
Solyc06g073880.3	0.9176698538653	0
Solyc08g080510.4	0.9176698538653	0
Solyc06g050550.4	0.9176698538653	0
Solyc06g068605.1	0.9176698538653	0
Solyc07g062570.3	0.9176698538653	0
Solyc08g036660.5	0.9176698538653	0
Solyc06g068670.3	0.9176698538653	0
Solyc06g074240.3	0.9176698538653	0
Solyc07g042710.3	0.9176698538653	0
Solyc09g018720.3	0.9176698538653	0
Solyc09g061430.3	0.9176698538653	0
Solyc08g076230.1	0.9176698538653	0
Solyc06g074530.1	0.9176698538653	0
Solyc07g007350.1	0.9176698538653	0
Solyc07g063010.3	0.9176698538653	0
Solyc06g062940.5	0.9176698538653	0
Solyc06g069170.4	0.9176698538653	0
Solyc08g076610.4	0.9176698538653	0
Solyc06g084310.4	0.9176698538653	0
Solyc08g076740.4	0.9176698538653	0
Solyc07g043490.1	0.9176698538653	0
Solyc08g076790.3	0.9176698538653	0
Solyc08g007970.3	0.9176698538653	0
Solyc09g064370.4	0.9176698538653	0
Solyc09g010190.3	0.9176698538653	0
Solyc07g008010.5	0.9176698538653	0
Solyc06g064460.4	0.9176698538653	0
Solyc08g081730.5	0.9176698538653	0
Solyc07g054300.3	0.9176698538653	0
Solyc08g060860.3	0.9176698538653	0
Solyc09g005850.3	0.9176698538653	0
Solyc06g069760.3	0.9176698538653	0
Solyc09g005860.3	0.9176698538653	0
Solyc06g064820.3	0.9176698538653	0
Solyc06g075550.3	0.9176698538653	0
Solyc08g077430.3	0.9176698538653	0
Solyc06g053260.1	0.9176698538653	0
Solyc07g045180.4	0.9176698538653	0
Solyc08g067950.3	0.9176698538653	0
Solyc06g075650.3	0.9176698538653	0
Solyc06g065030.3	0.9176698538653	0
Solyc06g071010.4	0.9176698538653	0
Solyc08g082170.4	0.9176698538653	0
Solyc06g075780.3	0.9176698538653	0
Solyc09g007270.3	0.9176698538653	0
Solyc07g054940.2	0.9176698538653	0
Solyc09g065270.3	0.9176698538653	0
Solyc06g076040.3	0.9176698538653	0
Solyc06g076050.5	0.9176698538653	0
Solyc08g082470.1	0.9176698538653	0
Solyc06g065460.2	0.9176698538653	0
Solyc09g065360.4	0.9176698538653	0
Solyc09g072865.1	0.9176698538653	0
Solyc09g011160.4	0.9176698538653	0
Solyc07g032220.3	0.9176698538653	0
Solyc09g072970.3	0.9176698538653	0
Solyc09g055710.3	0.9176698538653	0
Solyc08g078040.4	0.9176698538653	0
Solyc08g005640.4	0.9176698538653	0
Solyc09g011410.4	0.9176698538653	0
Solyc09g011450.4	0.9176698538653	0
Solyc08g005677.2	0.9176698538653	0
Solyc08g005710.3	0.9176698538653	0
Solyc08g005720.5	0.9176698538653	0
Solyc07g055740.1	0.9176698538653	0
Solyc08g083110.4	0.9176698538653	0
Solyc09g090820.5	0.9176698538653	0
Solyc08g078430.5	0.9176698538653	0
Solyc08g015860.3	0.9176698538653	0
Solyc09g091170.4	0.9176698538653	0
Solyc11g007600.2	0.9176698538653	0
Solyc10g078930.2	0.9176698538653	0
Solyc10g008880.3	0.9176698538653	0
Solyc08g016170.3	0.9176698538653	0
Solyc08g078810.1	0.9176698538653	0
Solyc11g065090.2	0.9176698538653	0
Solyc09g075020.3	0.9176698538653	0
Solyc09g072753.1	0.9176698538653	0
Solyc09g014510.3	0.9176698538653	0
Solyc09g075155.1	0.9176698538653	0
Solyc09g014590.4	0.9176698538653	0
Solyc12g005030.3	0.9176698538653	0
Solyc09g075300.3	0.9176698538653	0
Solyc11g065640.2	0.9176698538653	0
Solyc09g075610.3	0.9176698538653	0
Solyc10g085160.2	0.9176698538653	0
Solyc12g005390.2	0.9176698538653	0
Solyc12g010720.1	0.9176698538653	0
Solyc12g010730.2	0.9176698538653	0
Solyc12g026430.3	0.9176698538653	0
Solyc10g079600.2	0.9176698538653	0
Solyc11g065840.3	0.9176698538653	0
Solyc10g011740.3	0.9176698538653	0
Solyc12g044290.2	0.9176698538653	0
Solyc12g044330.2	0.9176698538653	0
Solyc12g088200.3	0.9176698538653	0
Solyc09g075810.3	0.9176698538653	0
Solyc09g075820.3	0.9176698538653	0
Solyc11g072480.2	0.9176698538653	0
Solyc11g072600.3	0.9176698538653	0
Solyc10g055740.2	0.9176698538653	0
Solyc11g066270.3	0.9176698538653	0
Solyc10g085570.3	0.9176698538653	0
Solyc11g072820.3	0.9176698538653	0
Solyc11g044280.1	0.9176698538653	0
Solyc11g066430.3	0.9176698538653	0
Solyc12g005980.2	0.9176698538653	0
Solyc10g085870.1	0.9176698538653	0
Solyc10g080240.1	0.9176698538653	0
Solyc10g080330.2	0.9176698538653	0
Solyc10g006173.1	0.9176698538653	0
Solyc10g006270.5	0.9176698538653	0
Solyc10g080600.3	0.9176698538653	0
Solyc11g010270.2	0.9176698538653	0
Solyc12g100280.4	0.9176698538653	0
Solyc11g066910.3	0.9176698538653	0
Solyc11g066950.2	0.9176698538653	0
Solyc09g082780.3	0.9176698538653	0
Solyc10g018140.2	0.9176698538653	0
Solyc11g045270.4	0.9176698538653	0
Solyc12g006590.3	0.9176698538653	0
Solyc12g094390.1	0.9176698538653	0
Solyc10g074980.2	0.9176698538653	0
Solyc12g055800.3	0.9176698538653	0
Solyc10g086680.1	0.9176698538653	0
Solyc10g086700.3	0.9176698538653	0
Solyc09g098770.2	0.9176698538653	0
Solyc11g020820.2	0.9176698538653	0
Solyc11g006380.2	0.9176698538653	0
Solyc11g020877.1	0.9176698538653	0
Solyc11g006550.3	0.9176698538653	0
Solyc10g081580.3	0.9176698538653	0
Solyc11g011420.3	0.9176698538653	0
Solyc12g016210.2	0.9176698538653	0
Solyc11g006780.2	0.9176698538653	0
Solyc12g056580.2	0.9176698538653	0
Solyc12g056640.2	0.9176698538653	0
Solyc12g096250.2	0.9176698538653	0
Solyc11g011780.3	0.9176698538653	0
Solyc11g069080.3	0.9176698538653	0
Solyc09g090190.3	0.9176698538653	0
Solyc12g056790.2	0.9176698538653	0
Solyc12g096420.2	0.9176698538653	0
Solyc12g017570.2	0.9176698538653	0
Solyc11g012000.2	0.9176698538653	0
Solyc10g083120.3	0.9176698538653	0
Solyc12g009020.2	0.9176698538653	0
Solyc11g012110.2	0.9176698538653	0
Solyc11g012160.2	0.9176698538653	0
Solyc11g069410.2	0.9176698538653	0
Solyc11g069430.2	0.9176698538653	0
Solyc11g007410.3	0.9176698538653	0
Solyc10g052550.1	0.9176698538653	0
Solyc11g069550.1	0.9176698538653	0
Solyc10g083360.2	0.9176698538653	0
Solyc12g042090.1	0.9176698538653	0
Solyc12g009240.1	0.9176698538653	0
Solyc12g042395.1	0.9176698538653	0
Solyc10g083740.3	0.9176698538653	0
Solyc12g098370.2	0.9176698538653	0
Solyc03g119800.3	0.9193918358108539	0
Solyc05g050010.3	0.9193918358108539	0
Solyc12g027730.2	0.9212775173296922	0
Solyc02g026080.2	0.9213390251181727	0
Solyc02g068850.1	0.9213458504209925	0
Solyc05g025630.3	0.9218624054388007	0
Solyc10g162580.1	0.9218624054388007	0
Solyc02g091550.3	0.9256930653381146	0
Solyc12g033060.1	0.9265340356219258	0
Solyc05g160490.1	0.9265636767816067	0
Solyc02g069870.1	0.926573549198213	0
Solyc04g162640.1	0.926573549198213	0
Solyc02g014670.2	0.9265834176343055	0
Solyc01g109730.1	0.9265834176343055	0
Solyc05g053170.3	0.9265834176343055	0
Solyc03g150149.1	0.9265834176343055	0
Solyc08g016791.1	0.9265834176343055	0
Solyc08g063020.1	0.9265834176343055	0
Solyc06g083010.1	0.9265834176343055	0
Solyc09g015585.1	0.9265834176343055	0
Solyc07g150141.2	0.9265834176343055	0
Solyc07g042295.1	0.9265834176343055	0
Solyc10g008245.2	0.9265834176343055	0
Solyc11g051090.1	0.9265834176343055	0
Solyc10g161270.1	0.9267407734363492	0
Solyc12g010610.3	0.9267683292174017	0
Solyc06g060660.1	0.9276871124998517	0
Solyc07g160510.1	0.9276977168104675	0
Solyc03g083340.4	0.9291577515305312	0
Solyc03g098090.2	0.9291627372990556	0
Solyc11g044235.1	0.9291776882909831	0
Solyc03g063710.1	0.9297680734457135	0
Solyc04g039930.4	0.9302679719982897	0
Solyc03g093760.1	0.9306780560902652	0
Solyc01g105440.1	0.9306873984248982	0
Solyc09g005035.1	0.9307014048474596	0
Solyc06g067860.3	0.9310488290279857	0
Solyc02g005003.1	0.9310626175256271	0
Solyc12g150110.1	0.9313638870139843	0
Solyc07g066590.1	0.9315939999019008	0
Solyc02g033030.3	0.9316164356194294	0
Solyc03g118560.1	0.9317951301955397	0
Solyc08g066100.3	0.9319016768683763	0
Solyc01g108360.5	0.9319680155181156	0
Solyc11g018600.1	0.9319724312044908	0
Solyc07g025457.1	0.9319768460311655	0
Solyc10g009390.3	0.9319768460311655	0
Solyc01g057165.2	0.9321833782549803	0
Solyc08g077860.4	0.9322139777019814	0
Solyc11g005100.3	0.932248897831216	0
Solyc02g080060.1	0.9322881185419537	0
Solyc03g005670.3	0.9322924721954116	0
Solyc03g093980.2	0.9322924721954116	0
Solyc00g021630.1	0.9322968250092022	0
Solyc09g005095.1	0.9322968250092022	0
Solyc08g077190.1	0.9322968250092022	0
Solyc11g005830.2	0.9322968250092022	0
Solyc12g007290.1	0.9323055281188608	0
Solyc11g012420.2	0.9323098784152682	0
Solyc04g050010.2	0.9323142278730872	0
Solyc03g114650.3	0.9323142278730872	0
Solyc02g062380.3	0.9323229242740367	0
Solyc07g044800.2	0.9323229242740367	0
Solyc04g056570.3	0.9323272712177059	0
Solyc12g099360.2	0.9323272712177059	0
Solyc10g051090.3	0.9323272712177059	0
Solyc02g049108.1	0.9323316173238632	0
Solyc02g092525.1	0.9323316173238632	0
Solyc03g063390.1	0.9323316173238632	0
Solyc07g043150.1	0.9323316173238632	0
Solyc01g060395.1	0.9323359625927777	0
Solyc00g160510.1	0.9323359625927777	0
Solyc01g102850.3	0.9323359625927777	0
Solyc04g077110.3	0.9323359625927777	0
Solyc04g071770.3	0.9323359625927777	0
Solyc04g050170.4	0.9323359625927777	0
Solyc06g066820.4	0.9323359625927777	0
Solyc08g081840.3	0.9323359625927777	0
Solyc12g049270.3	0.9323359625927777	0
Solyc11g010990.3	0.9323359625927777	0
Solyc05g008880.1	0.9323403070247182	0
Solyc07g065940.1	0.9323403070247182	0
Solyc07g005870.3	0.9323403070247182	0
Solyc08g079640.3	0.9323403070247182	0
Solyc09g018690.4	0.9323403070247182	0
Solyc07g063250.3	0.9323403070247182	0
Solyc06g150136.1	0.9323403070247182	0
Solyc08g014290.1	0.9323403070247182	0
Solyc08g074280.4	0.9323403070247182	0
Solyc08g078680.4	0.9323403070247182	0
Solyc12g020110.2	0.9323403070247182	0
Solyc12g008600.2	0.9323403070247182	0
Solyc12g019100.2	0.9323403070247182	0
Solyc12g098520.2	0.9323403070247182	0
Solyc00g007225.2	0.9332701882107441	0
Solyc04g007050.4	0.9356615562740671	0
Solyc02g083010.1	0.9357278570566082	0
Solyc04g016560.2	0.9357344758673997	0
Solyc09g075110.1	0.9357344758673997	0
Solyc12g033130.2	0.9357344758673997	0
Solyc08g078200.2	0.937722840203174	0
Solyc02g090630.4	0.9377288616685291	0
Solyc00g160040.1	0.9377709630775878	0
Solyc00g160070.1	0.9377709630775878	0
Solyc03g006690.1	0.9377829763755856	0
Solyc01g056730.3	0.9377829763755856	0
Solyc06g009860.1	0.9377829763755856	0
Solyc08g045860.1	0.9377829763755856	0
Solyc09g160700.1	0.9394877150186146	0
Solyc09g064620.3	0.9394932389723603	0
Solyc04g071087.1	0.939504282343016	0
Solyc12g096910.1	0.939504282343016	0
Solyc05g007410.1	0.9395098017613058	0
Solyc05g051180.3	0.9395098017613058	0
Solyc04g081600.3	0.9395098017613058	0
Solyc10g161410.1	0.9395098017613058	0
Solyc01g096690.3	0.9409469522108637	0
Solyc08g013800.5	0.9409469522108637	0
Solyc03g113825.1	0.9409623499590097	0
Solyc09g011227.1	0.9409674798657651	0
Solyc02g086415.1	0.9409726084355091	0
Solyc04g054960.1	0.9409726084355091	0
Solyc01g056750.1	0.9409777356688225	0
Solyc08g067170.3	0.9421950229062797	0
Solyc10g049720.2	0.942223896469918	0
Solyc04g007440.1	0.9422335113805205	0
Solyc04g014380.3	0.9430980591473067	0
Solyc12g042370.3	0.9432672673337925	0
Solyc07g054390.1	0.9432763707734846	0
Solyc06g083320.1	0.9432991102141629	0
Solyc08g150109.1	0.9433127407588224	0
Solyc03g070410.3	0.9437182520308857	0
Solyc03g096630.1	0.9437182520308857	0
Solyc07g040663.2	0.9437182520308857	0
Solyc08g007940.4	0.9437182520308857	0
Solyc07g054640.1	0.9437182520308857	0
Solyc11g067000.3	0.9440955905207756	0
Solyc03g096305.1	0.9442171689915377	0
Solyc01g101220.3	0.9442344726730775	0
Solyc07g055350.5	0.9450217292449842	0
Solyc10g150148.1	0.9450300140834844	0
Solyc03g096100.2	0.9450424343216128	0
Solyc04g050360.2	0.9450465725304993	0
Solyc07g042850.2	0.9450465725304993	0
Solyc07g048000.3	0.9456529111071938	0
Solyc04g047780.1	0.9457048661980818	0
Solyc01g056760.3	0.9463362027514306	0
Solyc06g066830.4	0.9463362027514306	0
Solyc02g082737.1	0.9468564294617545	0
Solyc04g081630.2	0.9472925846487694	0
Solyc06g053387.1	0.9472925846487694	0
Solyc00g500108.1	0.9472998848355527	0
Solyc04g162410.1	0.9472998848355527	0
Solyc11g006090.4	0.9476574957985163	0
Solyc12g015700.3	0.9476646454283082	0
Solyc01g006080.2	0.9476682191447156	0
Solyc08g022060.2	0.9476789359029822	0
Solyc03g078535.2	0.947838016639665	0
Solyc02g091570.1	0.9478618863385401	0
Solyc01g014275.1	0.9478618863385401	0
Solyc01g095950.1	0.9478618863385401	0
Solyc05g047645.1	0.9478618863385401	0
Solyc09g015145.1	0.9478618863385401	0
Solyc08g076887.1	0.9478618863385401	0
Solyc11g005610.1	0.9478618863385401	0
Solyc11g050800.1	0.9478618863385401	0
Solyc01g106070.2	0.9478698356258346	0
Solyc05g015130.1	0.9478698356258346	0
Solyc04g150129.1	0.9478698356258346	0
Solyc04g150135.1	0.9478698356258346	0
Solyc05g050685.1	0.9478698356258346	0
Solyc05g026520.2	0.9478698356258346	0
Solyc06g036660.1	0.9478698356258346	0
Solyc09g009736.1	0.9478698356258346	0
Solyc08g045733.1	0.9478698356258346	0
Solyc08g008540.1	0.9478698356258346	0
Solyc07g026705.1	0.9478698356258346	0
Solyc07g055090.1	0.9478698356258346	0
Solyc10g044690.3	0.9478698356258346	0
Solyc12g010585.1	0.9478698356258346	0
Solyc11g017377.2	0.9478698356258346	0
Solyc10g050085.1	0.9478698356258346	0
Solyc10g076640.1	0.9478698356258346	0
Solyc07g055960.3	0.9479974083627306	0
Solyc04g081040.1	0.9480009143481696	0
Solyc10g079630.1	0.9482203719337259	0
Solyc03g161250.1	0.948268764062858	0
Solyc08g041760.2	0.9484882701403927	0
Solyc09g082440.1	0.9484984910479528	0
Solyc02g089920.1	0.948798970787038	0
Solyc01g097490.1	0.9488156960255416	0
Solyc02g072420.1	0.9488257233047253	0
Solyc04g072100.1	0.9488290644217504	0
Solyc11g066140.2	0.9488691068494279	0
Solyc01g010080.3	0.9489090554217073	0
Solyc10g085360.3	0.9489123802443584	0
Solyc09g010250.1	0.948945592809625	0
Solyc01g014220.3	0.948952227552998	0
Solyc08g080610.1	0.948952227552998	0
Solyc07g026720.3	0.948952227552998	0
Solyc00g500373.1	0.9489555439548416	0
Solyc11g068940.1	0.9490151288768226	0
Solyc08g044510.5	0.9490316432472194	0
Solyc04g050755.1	0.949048141580643	0
Solyc11g020170.1	0.949048141580643	0
Solyc06g074340.3	0.949077798250392	0
Solyc04g040120.1	0.9490975406181689	0
Solyc09g091940.2	0.9491041163064894	0
Solyc03g119485.1	0.9491074031951503	0
Solyc05g053350.3	0.9491106894470858	0
Solyc03g005660.5	0.9491139750625014	0
Solyc01g050010.3	0.9491172600416026	0
Solyc11g018700.3	0.9491172600416026	0
Solyc03g083120.3	0.949159906958622	0
Solyc06g006010.4	0.949159906958622	0
Solyc12g088180.1	0.949159906958622	0
Solyc11g071400.2	0.949159906958622	0
Solyc02g037500.1	0.9491631830508425	0
Solyc07g042510.3	0.9491631830508425	0
Solyc12g056040.1	0.9491631830508425	0
Solyc05g054795.2	0.9491664585098194	0
Solyc05g050700.1	0.9491664585098194	0
Solyc03g083380.5	0.9491860979769794	0
Solyc06g073070.2	0.9491926394093194	0
Solyc03g005580.2	0.949195909178271	0
Solyc06g074350.3	0.949195909178271	0
Solyc07g052040.3	0.9491991783160145	0
Solyc11g005840.2	0.949202446822753	0
Solyc09g007050.1	0.9492057146986895	0
Solyc08g078650.3	0.9492057146986895	0
Solyc11g013250.1	0.9492057146986895	0
Solyc00g500081.1	0.9492089819440268	0
Solyc11g016970.2	0.9492089819440268	0
Solyc02g082880.2	0.9492122485589677	0
Solyc03g005190.3	0.9492155145437149	0
Solyc05g024373.2	0.9492155145437149	0
Solyc09g008090.4	0.9492155145437149	0
Solyc08g068190.3	0.949218779898471	0
Solyc08g082380.1	0.949218779898471	0
Solyc11g072530.2	0.949218779898471	0
Solyc00g160190.1	0.9492220446234386	0
Solyc03g025460.3	0.9492220446234386	0
Solyc03g114540.2	0.9492220446234386	0
Solyc06g068160.3	0.9492220446234386	0
Solyc09g015870.4	0.9492220446234386	0
Solyc07g063880.4	0.9492220446234386	0
Solyc08g068540.4	0.9492220446234386	0
Solyc09g090620.1	0.9492220446234386	0
Solyc10g085380.2	0.9492220446234386	0
Solyc01g080150.3	0.94922530871882	0
Solyc00g160170.1	0.94922530871882	0
Solyc02g091620.4	0.94922530871882	0
Solyc03g115465.1	0.94922530871882	0
Solyc05g052650.3	0.94922530871882	0
Solyc03g094020.3	0.94922530871882	0
Solyc05g018050.1	0.94922530871882	0
Solyc04g007350.3	0.94922530871882	0
Solyc03g113170.3	0.94922530871882	0
Solyc03g083190.3	0.94922530871882	0
Solyc03g058500.1	0.94922530871882	0
Solyc04g076600.3	0.94922530871882	0
Solyc07g015800.1	0.94922530871882	0
Solyc12g038650.1	0.94922530871882	0
Solyc01g005320.2	0.9492285721848177	0
Solyc01g010700.3	0.9492285721848177	0
Solyc00g500157.1	0.9492285721848177	0
Solyc03g031840.4	0.9492285721848177	0
Solyc01g079580.3	0.9492285721848177	0
Solyc01g111820.2	0.9492285721848177	0
Solyc02g088955.1	0.9492285721848177	0
Solyc04g064820.3	0.9492285721848177	0
Solyc04g008980.3	0.9492285721848177	0
Solyc03g110930.3	0.9492285721848177	0
Solyc04g050550.3	0.9492285721848177	0
Solyc04g050790.3	0.9492285721848177	0
Solyc04g082220.3	0.9492285721848177	0
Solyc05g042010.1	0.9492285721848177	0
Solyc04g009910.3	0.9492285721848177	0
Solyc03g078710.3	0.9492285721848177	0
Solyc03g112995.1	0.9492285721848177	0
Solyc05g006930.3	0.9492285721848177	0
Solyc05g054510.2	0.9492285721848177	0
Solyc05g050740.3	0.9492285721848177	0
Solyc05g008250.2	0.9492285721848177	0
Solyc05g008820.4	0.9492285721848177	0
Solyc07g041200.3	0.9492285721848177	0
Solyc07g061950.4	0.9492285721848177	0
Solyc09g059460.4	0.9492285721848177	0
Solyc06g050220.5	0.9492285721848177	0
Solyc07g042490.1	0.9492285721848177	0
Solyc08g066670.3	0.9492285721848177	0
Solyc09g009620.1	0.9492285721848177	0
Solyc08g066790.4	0.9492285721848177	0
Solyc09g005290.1	0.9492285721848177	0
Solyc06g063090.4	0.9492285721848177	0
Solyc08g008080.1	0.9492285721848177	0
Solyc06g069565.2	0.9492285721848177	0
Solyc06g075580.4	0.9492285721848177	0
Solyc06g053550.3	0.9492285721848177	0
Solyc08g078010.3	0.9492285721848177	0
Solyc07g055560.4	0.9492285721848177	0
Solyc10g078430.2	0.9492285721848177	0
Solyc08g015620.3	0.9492285721848177	0
Solyc10g045380.2	0.9492285721848177	0
Solyc10g009550.3	0.9492285721848177	0
Solyc12g049470.3	0.9492285721848177	0
Solyc12g014110.2	0.9492285721848177	0
Solyc11g045310.3	0.9492285721848177	0
Solyc12g038670.2	0.9492285721848177	0
Solyc12g017470.2	0.9492285721848177	0
Solyc11g030550.3	0.9492285721848177	0
Solyc10g078380.2	0.9492285721848177	0
Solyc01g060080.4	0.9505552954319559	0
Solyc01g080040.3	0.9505552954319559	0
Solyc02g080120.3	0.9505552954319559	0
Solyc03g006220.5	0.9505552954319559	0
Solyc01g112260.4	0.9505552954319559	0
Solyc02g089210.4	0.9505552954319559	0
Solyc02g038750.3	0.9505552954319559	0
Solyc01g060280.4	0.9505552954319559	0
Solyc03g006400.3	0.9505552954319559	0
Solyc02g038813.1	0.9505552954319559	0
Solyc01g080410.3	0.9505552954319559	0
Solyc02g071890.3	0.9505552954319559	0
Solyc01g108080.4	0.9505552954319559	0
Solyc02g089620.3	0.9505552954319559	0
Solyc02g085240.4	0.9505552954319559	0
Solyc00g500319.1	0.9505552954319559	0
Solyc01g097810.3	0.9505552954319559	0
Solyc02g085250.4	0.9505552954319559	0
Solyc02g089720.3	0.9505552954319559	0
Solyc01g108230.3	0.9505552954319559	0
Solyc02g094140.4	0.9505552954319559	0
Solyc01g091360.5	0.9505552954319559	0
Solyc01g108300.3	0.9505552954319559	0
Solyc02g085400.3	0.9505552954319559	0
Solyc01g103700.3	0.9505552954319559	0
Solyc01g103790.3	0.9505552954319559	0
Solyc01g097990.4	0.9505552954319559	0
Solyc01g108440.3	0.9505552954319559	0
Solyc02g094390.3	0.9505552954319559	0
Solyc02g067910.1	0.9505552954319559	0
Solyc01g020520.4	0.9505552954319559	0
Solyc01g081160.4	0.9505552954319559	0
Solyc01g009590.3	0.9505552954319559	0
Solyc02g094640.4	0.9505552954319559	0
Solyc02g094740.1	0.9505552954319559	0
Solyc01g009720.2	0.9505552954319559	0
Solyc02g081360.4	0.9505552954319559	0
Solyc01g081380.5	0.9505552954319559	0
Solyc01g108890.3	0.9505552954319559	0
Solyc01g108920.4	0.9505552954319559	0
Solyc01g108930.3	0.9505552954319559	0
Solyc01g108940.3	0.9505552954319559	0
Solyc01g108960.1	0.9505552954319559	0
Solyc02g086140.2	0.9505552954319559	0
Solyc01g010150.3	0.9505552954319559	0
Solyc01g098800.5	0.9505552954319559	0
Solyc02g021440.4	0.9505552954319559	0
Solyc01g094210.2	0.9505552954319559	0
Solyc00g217960.2	0.9505552954319559	0
Solyc01g099100.4	0.9505552954319559	0
Solyc03g007970.2	0.9505552954319559	0
Solyc01g010580.3	0.9505552954319559	0
Solyc03g008010.3	0.9505552954319559	0
Solyc02g091030.4	0.9505552954319559	0
Solyc03g013030.3	0.9505552954319559	0
Solyc02g091100.3	0.9505552954319559	0
Solyc01g109460.3	0.9505552954319559	0
Solyc02g091110.3	0.9505552954319559	0
Solyc02g069057.1	0.9505552954319559	0
Solyc02g077590.1	0.9505552954319559	0
Solyc01g105120.4	0.9505552954319559	0
Solyc01g087120.3	0.9505552954319559	0
Solyc02g030225.1	0.9505552954319559	0
Solyc02g077740.3	0.9505552954319559	0
Solyc02g030480.4	0.9505552954319559	0
Solyc01g105410.4	0.9505552954319559	0
Solyc01g109890.3	0.9505552954319559	0
Solyc02g069450.3	0.9505552954319559	0
Solyc01g068260.4	0.9505552954319559	0
Solyc01g068280.3	0.9505552954319559	0
Solyc01g100100.4	0.9505552954319559	0
Solyc01g100170.3	0.9505552954319559	0
Solyc02g064630.4	0.9505552954319559	0
Solyc02g092000.3	0.9505552954319559	0
Solyc01g006230.3	0.9505552954319559	0
Solyc02g078490.3	0.9505552954319559	0
Solyc02g069820.3	0.9505552954319559	0
Solyc01g087870.5	0.9505552954319559	0
Solyc01g087970.3	0.9505552954319559	0
Solyc01g088000.4	0.9505552954319559	0
Solyc01g088010.1	0.9505552954319559	0
Solyc01g100430.3	0.9505552954319559	0
Solyc02g087650.5	0.9505552954319559	0
Solyc02g078750.3	0.9505552954319559	0
Solyc02g083120.3	0.9505552954319559	0
Solyc01g106110.2	0.9505552954319559	0
Solyc02g083130.4	0.9505552954319559	0
Solyc01g100640.4	0.9505552954319559	0
Solyc02g078820.3	0.9505552954319559	0
Solyc01g095990.3	0.9505552954319559	0
Solyc02g078900.3	0.9505552954319559	0
Solyc01g096070.3	0.9505552954319559	0
Solyc01g096090.5	0.9505552954319559	0
Solyc01g106340.3	0.9505552954319559	0
Solyc02g083400.3	0.9505552954319559	0
Solyc02g092450.3	0.9505552954319559	0
Solyc01g100930.3	0.9505552954319559	0
Solyc01g111060.4	0.9505552954319559	0
Solyc02g088040.1	0.9505552954319559	0
Solyc02g070650.2	0.9505552954319559	0
Solyc02g083540.3	0.9505552954319559	0
Solyc03g025800.3	0.9505552954319559	0
Solyc03g025980.3	0.9505552954319559	0
Solyc02g088260.3	0.9505552954319559	0
Solyc01g106750.2	0.9505552954319559	0
Solyc01g079320.5	0.9505552954319559	0
Solyc01g111510.3	0.9505552954319559	0
Solyc01g096620.4	0.9505552954319559	0
Solyc01g102290.3	0.9505552954319559	0
Solyc02g079490.3	0.9505552954319559	0
Solyc03g005960.3	0.9505552954319559	0
Solyc03g083880.4	0.9505552954319559	0
Solyc03g083970.3	0.9505552954319559	0
Solyc02g088905.1	0.9505552954319559	0
Solyc01g080010.2	0.9505552954319559	0
Solyc03g062790.3	0.9505552954319559	0
Solyc03g119600.1	0.9505552954319559	0
Solyc04g008950.5	0.9505552954319559	0
Solyc01g008470.3	0.9505552954319559	0
Solyc03g119820.1	0.9505552954319559	0
Solyc05g056490.4	0.9505552954319559	0
Solyc05g056530.5	0.9505552954319559	0
Solyc05g056580.3	0.9505552954319559	0
Solyc05g052050.1	0.9505552954319559	0
Solyc04g082090.3	0.9505552954319559	0
Solyc04g077740.1	0.9505552954319559	0
Solyc05g009880.3	0.9505552954319559	0
Solyc04g051244.1	0.9505552954319559	0
Solyc05g052310.3	0.9505552954319559	0
Solyc06g007620.3	0.9505552954319559	0
Solyc03g115810.3	0.9505552954319559	0
Solyc06g007800.5	0.9505552954319559	0
Solyc03g120350.3	0.9505552954319559	0
Solyc05g005590.4	0.9505552954319559	0
Solyc04g071730.3	0.9505552954319559	0
Solyc03g093970.3	0.9505552954319559	0
Solyc04g005060.3	0.9505552954319559	0
Solyc03g116270.3	0.9505552954319559	0
Solyc05g052800.3	0.9505552954319559	0
Solyc05g010670.3	0.9505552954319559	0
Solyc04g005350.3	0.9505552954319559	0
Solyc05g006010.4	0.9505552954319559	0
Solyc04g078550.3	0.9505552954319559	0
Solyc05g006020.3	0.9505552954319559	0
Solyc04g010285.2	0.9505552954319559	0
Solyc04g082980.2	0.9505552954319559	0
Solyc05g052960.4	0.9505552954319559	0
Solyc03g120860.2	0.9505552954319559	0
Solyc05g006120.3	0.9505552954319559	0
Solyc03g116820.4	0.9505552954319559	0
Solyc05g012160.3	0.9505552954319559	0
Solyc03g116880.3	0.9505552954319559	0
Solyc05g012210.4	0.9505552954319559	0
Solyc05g006410.3	0.9505552954319559	0
Solyc04g026380.5	0.9505552954319559	0
Solyc05g012460.5	0.9505552954319559	0
Solyc05g006700.5	0.9505552954319559	0
Solyc03g112920.1	0.9505552954319559	0
Solyc04g079400.3	0.9505552954319559	0
Solyc03g121600.4	0.9505552954319559	0
Solyc03g045110.3	0.9505552954319559	0
Solyc04g079430.4	0.9505552954319559	0
Solyc03g121640.3	0.9505552954319559	0
Solyc03g117430.3	0.9505552954319559	0
Solyc03g096660.2	0.9505552954319559	0
Solyc04g055160.3	0.9505552954319559	0
Solyc04g079720.5	0.9505552954319559	0
Solyc06g009510.1	0.9505552954319559	0
Solyc04g045480.3	0.9505552954319559	0
Solyc04g079730.1	0.9505552954319559	0
Solyc05g007120.4	0.9505552954319559	0
Solyc06g009710.5	0.9505552954319559	0
Solyc04g074380.4	0.9505552954319559	0
Solyc03g097110.4	0.9505552954319559	0
Solyc03g117950.3	0.9505552954319559	0
Solyc05g007510.4	0.9505552954319559	0
Solyc04g015190.3	0.9505552954319559	0
Solyc04g074963.1	0.9505552954319559	0
Solyc05g013660.4	0.9505552954319559	0
Solyc05g054940.3	0.9505552954319559	0
Solyc04g076020.3	0.9505552954319559	0
Solyc05g054990.3	0.9505552954319559	0
Solyc04g008540.3	0.9505552954319559	0
Solyc05g050820.3	0.9505552954319559	0
Solyc05g055020.4	0.9505552954319559	0
Solyc04g076060.3	0.9505552954319559	0
Solyc04g008570.4	0.9505552954319559	0
Solyc04g015520.3	0.9505552954319559	0
Solyc04g049890.4	0.9505552954319559	0
Solyc06g005570.4	0.9505552954319559	0
Solyc06g005610.1	0.9505552954319559	0
Solyc03g123900.3	0.9505552954319559	0
Solyc04g058170.1	0.9505552954319559	0
Solyc03g123950.4	0.9505552954319559	0
Solyc03g098000.3	0.9505552954319559	0
Solyc04g063210.3	0.9505552954319559	0
Solyc05g055240.3	0.9505552954319559	0
Solyc04g015850.4	0.9505552954319559	0
Solyc05g008270.3	0.9505552954319559	0
Solyc06g053970.4	0.9505552954319559	0
Solyc05g051280.3	0.9505552954319559	0
Solyc04g080820.2	0.9505552954319559	0
Solyc05g026130.3	0.9505552954319559	0
Solyc06g076460.4	0.9505552954319559	0
Solyc05g008520.3	0.9505552954319559	0
Solyc03g118890.5	0.9505552954319559	0
Solyc05g014240.4	0.9505552954319559	0
Solyc06g007130.5	0.9505552954319559	0
Solyc06g007200.4	0.9505552954319559	0
Solyc04g016390.2	0.9505552954319559	0
Solyc03g150151.1	0.9505552954319559	0
Solyc04g081250.1	0.9505552954319559	0
Solyc06g072430.3	0.9505552954319559	0
Solyc06g066060.3	0.9505552954319559	0
Solyc06g054550.3	0.9505552954319559	0
Solyc05g008940.3	0.9505552954319559	0
Solyc07g056240.3	0.9505552954319559	0
Solyc04g081330.5	0.9505552954319559	0
Solyc06g059710.3	0.9505552954319559	0
Solyc07g005430.3	0.9505552954319559	0
Solyc07g056390.4	0.9505552954319559	0
Solyc04g081510.4	0.9505552954319559	0
Solyc07g056440.3	0.9505552954319559	0
Solyc08g021960.3	0.9505552954319559	0
Solyc06g066460.3	0.9505552954319559	0
Solyc06g060130.4	0.9505552954319559	0
Solyc07g056550.3	0.9505552954319559	0
Solyc09g008370.1	0.9505552954319559	0
Solyc07g066080.3	0.9505552954319559	0
Solyc09g014940.3	0.9505552954319559	0
Solyc06g060360.3	0.9505552954319559	0
Solyc07g061800.5	0.9505552954319559	0
Solyc07g005940.4	0.9505552954319559	0
Solyc06g082710.5	0.9505552954319559	0
Solyc06g073260.3	0.9505552954319559	0
Solyc07g016215.1	0.9505552954319559	0
Solyc07g052440.3	0.9505552954319559	0
Solyc06g073450.4	0.9505552954319559	0
Solyc08g065800.1	0.9505552954319559	0
Solyc07g041750.3	0.9505552954319559	0
Solyc08g080040.4	0.9505552954319559	0
Solyc07g052670.3	0.9505552954319559	0
Solyc08g006820.5	0.9505552954319559	0
Solyc09g015670.3	0.9505552954319559	0
Solyc08g075750.5	0.9505552954319559	0
Solyc07g150147.2	0.9505552954319559	0
Solyc06g061070.3	0.9505552954319559	0
Solyc07g006650.4	0.9505552954319559	0
Solyc08g080380.4	0.9505552954319559	0
Solyc06g073830.1	0.9505552954319559	0
Solyc08g080410.3	0.9505552954319559	0
Solyc08g007060.4	0.9505552954319559	0
Solyc08g066320.4	0.9505552954319559	0
Solyc09g018250.2	0.9505552954319559	0
Solyc08g007130.5	0.9505552954319559	0
Solyc06g062310.3	0.9505552954319559	0
Solyc06g068710.3	0.9505552954319559	0
Solyc07g053240.3	0.9505552954319559	0
Solyc08g076100.4	0.9505552954319559	0
Solyc07g053260.3	0.9505552954319559	0
Solyc09g018750.3	0.9505552954319559	0
Solyc06g050900.3	0.9505552954319559	0
Solyc08g042030.3	0.9505552954319559	0
Solyc09g018950.3	0.9505552954319559	0
Solyc07g007310.3	0.9505552954319559	0
Solyc06g062800.5	0.9505552954319559	0
Solyc08g076360.5	0.9505552954319559	0
Solyc06g084020.4	0.9505552954319559	0
Solyc07g007370.3	0.9505552954319559	0
Solyc06g084030.3	0.9505552954319559	0
Solyc08g076440.4	0.9505552954319559	0
Solyc07g043130.3	0.9505552954319559	0
Solyc06g051230.4	0.9505552954319559	0
Solyc09g005180.4	0.9505552954319559	0
Solyc08g076530.3	0.9505552954319559	0
Solyc08g007680.1	0.9505552954319559	0
Solyc06g084220.1	0.9505552954319559	0
Solyc07g043360.1	0.9505552954319559	0
Solyc09g062970.1	0.9505552954319559	0
Solyc08g007820.1	0.9505552954319559	0
Solyc07g053920.3	0.9505552954319559	0
Solyc07g043560.4	0.9505552954319559	0
Solyc06g069350.3	0.9505552954319559	0
Solyc09g031610.5	0.9505552954319559	0
Solyc09g010130.4	0.9505552954319559	0
Solyc06g063340.3	0.9505552954319559	0
Solyc08g008045.1	0.9505552954319559	0
Solyc07g021700.3	0.9505552954319559	0
Solyc06g063410.4	0.9505552954319559	0
Solyc06g069570.3	0.9505552954319559	0
Solyc09g010380.3	0.9505552954319559	0
Solyc07g054320.3	0.9505552954319559	0
Solyc08g008320.3	0.9505552954319559	0
Solyc08g008340.4	0.9505552954319559	0
Solyc06g150128.1	0.9505552954319559	0
Solyc07g054430.3	0.9505552954319559	0
Solyc07g045100.1	0.9505552954319559	0
Solyc07g045150.3	0.9505552954319559	0
Solyc08g082060.3	0.9505552954319559	0
Solyc06g075610.1	0.9505552954319559	0
Solyc07g026670.5	0.9505552954319559	0
Solyc07g054740.3	0.9505552954319559	0
Solyc08g082190.3	0.9505552954319559	0
Solyc08g068090.3	0.9505552954319559	0
Solyc09g007160.4	0.9505552954319559	0
Solyc08g013720.5	0.9505552954319559	0
Solyc07g045330.3	0.9505552954319559	0
Solyc07g054830.4	0.9505552954319559	0
Solyc09g007260.4	0.9505552954319559	0
Solyc09g065190.3	0.9505552954319559	0
Solyc09g011030.3	0.9505552954319559	0
Solyc08g082440.3	0.9505552954319559	0
Solyc08g005335.1	0.9505552954319559	0
Solyc09g055590.3	0.9505552954319559	0
Solyc09g011240.3	0.9505552954319559	0
Solyc08g068580.5	0.9505552954319559	0
Solyc07g055210.3	0.9505552954319559	0
Solyc06g071460.3	0.9505552954319559	0
Solyc09g055890.4	0.9505552954319559	0
Solyc09g007750.4	0.9505552954319559	0
Solyc09g065830.4	0.9505552954319559	0
Solyc08g082980.2	0.9505552954319559	0
Solyc09g065880.4	0.9505552954319559	0
Solyc09g090710.3	0.9505552954319559	0
Solyc08g014600.4	0.9505552954319559	0
Solyc08g083060.3	0.9505552954319559	0
Solyc09g056450.4	0.9505552954319559	0
Solyc10g044520.3	0.9505552954319559	0
Solyc08g083200.4	0.9505552954319559	0
Solyc08g083330.2	0.9505552954319559	0
Solyc09g008210.1	0.9505552954319559	0
Solyc09g008270.3	0.9505552954319559	0
Solyc10g008770.3	0.9505552954319559	0
Solyc10g045190.3	0.9505552954319559	0
Solyc09g014350.3	0.9505552954319559	0
Solyc10g084610.3	0.9505552954319559	0
Solyc11g007860.1	0.9505552954319559	0
Solyc09g091510.3	0.9505552954319559	0
Solyc09g014525.1	0.9505552954319559	0
Solyc11g071860.2	0.9505552954319559	0
Solyc11g071890.3	0.9505552954319559	0
Solyc08g079040.1	0.9505552954319559	0
Solyc11g039910.2	0.9505552954319559	0
Solyc10g054820.2	0.9505552954319559	0
Solyc10g079290.2	0.9505552954319559	0
Solyc12g010520.3	0.9505552954319559	0
Solyc12g087820.1	0.9505552954319559	0
Solyc10g085000.2	0.9505552954319559	0
Solyc09g075470.2	0.9505552954319559	0
Solyc12g021180.2	0.9505552954319559	0
Solyc11g072120.2	0.9505552954319559	0
Solyc09g075530.3	0.9505552954319559	0
Solyc09g091900.4	0.9505552954319559	0
Solyc09g091970.5	0.9505552954319559	0
Solyc12g010890.2	0.9505552954319559	0
Solyc09g092090.4	0.9505552954319559	0
Solyc10g055420.2	0.9505552954319559	0
Solyc11g072410.2	0.9505552954319559	0
Solyc11g072500.2	0.9505552954319559	0
Solyc11g017130.2	0.9505552954319559	0
Solyc10g085420.3	0.9505552954319559	0
Solyc12g099400.2	0.9505552954319559	0
Solyc12g011090.3	0.9505552954319559	0
Solyc11g005000.2	0.9505552954319559	0
Solyc12g044740.2	0.9505552954319559	0
Solyc11g066340.2	0.9505552954319559	0
Solyc11g005140.1	0.9505552954319559	0
Solyc09g092560.4	0.9505552954319559	0
Solyc12g006060.2	0.9505552954319559	0
Solyc09g097820.3	0.9505552954319559	0
Solyc09g097860.4	0.9505552954319559	0
Solyc09g082630.3	0.9505552954319559	0
Solyc11g010170.2	0.9505552954319559	0
Solyc12g036250.2	0.9505552954319559	0
Solyc12g089180.2	0.9505552954319559	0
Solyc11g045040.2	0.9505552954319559	0
Solyc11g010380.2	0.9505552954319559	0
Solyc12g049530.2	0.9505552954319559	0
Solyc10g080690.2	0.9505552954319559	0
Solyc10g049620.2	0.9505552954319559	0
Solyc12g006650.2	0.9505552954319559	0
Solyc10g018260.1	0.9505552954319559	0
Solyc12g006670.3	0.9505552954319559	0
Solyc10g006650.3	0.9505552954319559	0
Solyc10g006660.3	0.9505552954319559	0
Solyc12g055820.3	0.9505552954319559	0
Solyc09g083060.4	0.9505552954319559	0
Solyc10g049790.1	0.9505552954319559	0
Solyc12g006805.2	0.9505552954319559	0
Solyc12g006840.2	0.9505552954319559	0
Solyc10g006850.4	0.9505552954319559	0
Solyc10g006860.5	0.9505552954319559	0
Solyc09g083290.3	0.9505552954319559	0
Solyc09g083340.3	0.9505552954319559	0
Solyc09g083370.3	0.9505552954319559	0
Solyc11g006420.2	0.9505552954319559	0
Solyc12g015800.2	0.9505552954319559	0
Solyc11g011370.2	0.9505552954319559	0
Solyc12g007230.2	0.9505552954319559	0
Solyc10g150146.1	0.9505552954319559	0
Solyc10g076510.2	0.9505552954319559	0
Solyc10g007310.1	0.9505552954319559	0
Solyc12g038920.2	0.9505552954319559	0
Solyc11g022380.3	0.9505552954319559	0
Solyc11g006830.2	0.9505552954319559	0
Solyc11g068980.2	0.9505552954319559	0
Solyc09g090040.3	0.9505552954319559	0
Solyc12g008770.2	0.9505552954319559	0
Solyc12g056770.3	0.9505552954319559	0
Solyc12g017530.1	0.9505552954319559	0
Solyc12g056910.2	0.9505552954319559	0
Solyc12g040640.2	0.9505552954319559	0
Solyc12g096540.2	0.9505552954319559	0
Solyc09g090370.3	0.9505552954319559	0
Solyc11g012070.3	0.9505552954319559	0
Solyc12g096690.2	0.9505552954319559	0
Solyc12g009150.2	0.9505552954319559	0
Solyc12g096820.1	0.9505552954319559	0
Solyc11g032100.2	0.9505552954319559	0
Solyc12g097010.1	0.9505552954319559	0
Solyc10g083710.2	0.9505552954319559	0
Solyc11g012520.1	0.9505552954319559	0
Solyc12g042720.3	0.9505552954319559	0
Solyc12g010040.2	0.9505552954319559	0
Solyc11g071330.3	0.9505552954319559	0
Solyc12g098710.2	0.9505552954319559	0
Solyc03g005650.1	0.9509841506793965	0
Solyc09g008913.1	0.9509841506793965	0
Solyc08g062503.2	0.9509973583329513	0
Solyc06g036555.1	0.9510105553155875	0
Solyc11g073236.1	0.9510105553155875	0
Solyc08g160790.1	0.9571261134253779	0
Solyc12g099950.3	0.9595740963454932	0
Solyc07g064450.5	0.9596074118465981	0
Solyc10g080395.2	0.9596111084867226	0
Solyc07g007320.4	0.9596295764755403	0
Solyc07g045120.2	0.9596295764755403	0
Solyc07g007070.1	0.9596480191538168	0
Solyc04g052985.1	0.9614606586122735	0
Solyc07g053460.5	0.9614606586122735	0
Solyc06g066200.2	0.9621756356689004	0
Solyc07g065300.3	0.9626959676650089	0
Solyc12g019150.1	0.9628061432557666	0
Solyc05g050790.3	0.9633455063425316	0
Solyc07g054930.3	0.9638010164067979	0
Solyc05g046160.1	0.963808996877954	0
Solyc04g014995.1	0.963808996877954	0
Solyc04g057910.5	0.963808996877954	0
Solyc08g074650.4	0.9645413845555681	0
Solyc12g036710.3	0.9645488854066464	0
Solyc06g068530.1	0.9645513846327274	0
Solyc04g051160.1	0.9648060077953724	0
Solyc08g014360.2	0.9648255554849122	0
Solyc12g044956.1	0.964840194895518	0
Solyc12g056480.2	0.9648475077497011	0
Solyc05g052360.2	0.964849944353954	0
Solyc10g081550.2	0.9650504330226587	0
Solyc05g046340.2	0.9650934616100189	0
Solyc05g007700.1	0.9651030019545317	0
Solyc05g051730.1	0.9651030019545317	0
Solyc03g114700.2	0.9653062458178635	0
Solyc04g050770.2	0.9654898508404669	0
Solyc10g051240.1	0.965501373553709	0
Solyc01g079270.1	0.9657722526959566	0
Solyc01g105110.1	0.9657767509204297	0
Solyc10g018510.2	0.9658171552947821	0
Solyc07g052380.3	0.9658484821720265	0
Solyc02g090450.3	0.9658529504129817	0
Solyc05g150121.1	0.9658752653402931	0
Solyc01g150145.2	0.9658953114150263	0
Solyc09g150152.1	0.9659530244522703	0
Solyc10g017970.1	0.9659552383372455	0
Solyc09g150104.1	0.9659552383372455	0
Solyc11g071580.2	0.9659994255421922	0
Solyc10g086490.2	0.9660368496957357	0
Solyc08g077820.4	0.9660434411388809	0
Solyc01g066625.2	0.9660544183543166	0
Solyc00g500342.1	0.9660588062606056	0
Solyc07g063210.4	0.9660609995757534	0
Solyc04g007240.1	0.966093848362017	0
Solyc06g064840.4	0.9661069611957329	0
Solyc01g095550.2	0.9661113287606371	0
Solyc03g116940.3	0.9661135119100138	0
Solyc08g077370.4	0.9661178769432962	0
Solyc03g020000.3	0.9661222402901892	0
Solyc02g087670.3	0.9661266019517782	0
Solyc06g007380.1	0.9661266019517782	0
Solyc08g016500.3	0.966130961929148	0
Solyc01g028800.3	0.9661331412865893	0
Solyc09g091910.2	0.9661331412865893	0
Solyc10g079710.3	0.9661331412865893	0
Solyc02g062320.3	0.9661353202233822	0
Solyc01g099500.1	0.9661353202233822	0
Solyc02g079860.1	0.9661353202233822	0
Solyc04g010210.1	0.9661353202233822	0
Solyc02g091160.4	0.9661374987396618	0
Solyc03g025700.2	0.9661374987396618	0
Solyc01g089990.3	0.9661374987396618	0
Solyc04g005710.3	0.9661374987396618	0
Solyc07g063420.3	0.9661374987396618	0
Solyc08g082330.3	0.9661374987396618	0
Solyc06g076090.3	0.9661374987396618	0
Solyc06g071700.1	0.9661374987396618	0
Solyc10g083950.1	0.9661374987396618	0
Solyc09g082400.2	0.9661374987396618	0
Solyc12g036530.1	0.9661374987396618	0
Solyc10g006810.4	0.9661374987396618	0
Solyc11g030730.2	0.9661374987396618	0
Solyc02g080880.4	0.9661396768355635	0
Solyc01g104230.4	0.9661396768355635	0
Solyc03g007290.4	0.9661396768355635	0
Solyc01g104340.2	0.9661396768355635	0
Solyc02g021260.3	0.9661396768355635	0
Solyc01g098980.5	0.9661396768355635	0
Solyc02g086530.4	0.9661396768355635	0
Solyc02g091080.2	0.9661396768355635	0
Solyc01g109830.3	0.9661396768355635	0
Solyc03g025125.1	0.9661396768355635	0
Solyc01g088590.6	0.9661396768355635	0
Solyc03g026100.1	0.9661396768355635	0
Solyc01g090400.4	0.9661396768355635	0
Solyc03g043880.3	0.9661396768355635	0
Solyc04g025670.5	0.9661396768355635	0
Solyc03g117680.4	0.9661396768355635	0
Solyc04g074670.4	0.9661396768355635	0
Solyc04g015460.4	0.9661396768355635	0
Solyc07g160460.1	0.9661396768355635	0
Solyc06g074320.3	0.9661396768355635	0
Solyc08g066630.2	0.9661396768355635	0
Solyc06g051190.3	0.9661396768355635	0
Solyc08g067550.1	0.9661396768355635	0
Solyc07g045353.1	0.9661396768355635	0
Solyc08g077825.1	0.9661396768355635	0
Solyc07g049150.2	0.9661396768355635	0
Solyc09g057710.5	0.9661396768355635	0
Solyc09g090990.2	0.9661396768355635	0
Solyc08g016160.3	0.9661396768355635	0
Solyc11g008050.1	0.9661396768355635	0
Solyc10g079390.1	0.9661396768355635	0
Solyc12g005290.2	0.9661396768355635	0
Solyc12g005350.2	0.9661396768355635	0
Solyc11g008390.2	0.9661396768355635	0
Solyc11g007100.1	0.9661396768355635	0
Solyc12g009990.2	0.9661396768355635	0
Solyc02g064900.3	0.971841596143636	0
Solyc10g083850.3	0.971841596143636	0
Solyc01g008860.1	0.9718466049013663	0
Solyc02g091193.1	0.9718466049013663	0
Solyc02g069190.5	0.9718466049013663	0
Solyc02g033000.2	0.9718466049013663	0
Solyc05g023846.1	0.9718466049013663	0
Solyc08g021790.1	0.9718466049013663	0
Solyc06g051370.1	0.9718466049013663	0
Solyc09g031810.3	0.9718466049013663	0
Solyc08g150119.1	0.9718466049013663	0
Solyc08g016437.1	0.9718466049013663	0
Solyc11g019965.1	0.9718466049013663	0
Solyc11g010520.1	0.9718466049013663	0
Solyc11g063620.2	0.9718466049013663	0
Solyc01g056900.1	0.9739170101267872	0
Solyc01g057137.1	0.9739170101267872	0
Solyc03g078200.3	0.9739170101267872	0
Solyc04g005760.1	0.9739170101267872	0
Solyc08g028940.1	0.9739170101267872	0
Solyc02g087530.2	0.9754838075722203	0
Solyc05g055750.3	0.9754838075722203	0
Solyc05g041340.2	0.9754904180858147	0
Solyc07g052500.1	0.9754904180858147	0
Solyc00g160120.1	0.9754937213379862	0
Solyc02g070080.5	0.9754937213379862	0
Solyc04g054895.1	0.9754937213379862	0
Solyc06g050200.3	0.9754937213379862	0
Solyc09g009177.1	0.9754937213379862	0
Solyc08g062140.1	0.9754937213379862	0
Solyc10g160530.1	0.9754937213379862	0
Solyc00g500011.1	0.975497023254941	0
Solyc02g031960.3	0.975497023254941	0
Solyc03g031770.3	0.975497023254941	0
Solyc02g084087.1	0.975497023254941	0
Solyc03g032075.1	0.975497023254941	0
Solyc03g095420.3	0.975497023254941	0
Solyc09g062960.2	0.975497023254941	0
Solyc07g022880.3	0.975497023254941	0
Solyc07g064210.2	0.975497023254941	0
Solyc12g036445.1	0.975497023254941	0
Solyc11g021050.1	0.975497023254941	0
Solyc12g040648.1	0.975497023254941	0
Solyc03g033910.1	0.9785553126188935	0
Solyc12g035420.3	0.9785553126188935	0
Solyc06g050910.1	0.9785575252742245	0
Solyc06g051240.1	0.9785575252742245	0
Solyc07g008790.4	0.9792342392814983	0
Solyc05g055660.3	0.9792402648435278	0
Solyc00g022090.1	0.9792422721988875	0
Solyc08g041690.1	0.9792422721988875	0
Solyc07g064000.1	0.979815708872373	0
Solyc12g044170.1	0.9798175538996238	0
Solyc10g087035.1	0.9798175538996238	0
Solyc06g075745.1	0.9798193984210104	0
Solyc09g066360.1	0.9798193984210104	0
Solyc11g072700.3	0.9802962148868735	0
Solyc01g005140.3	0.9803065064586757	0
Solyc03g042500.1	0.9803082201533073	0
Solyc09g065080.2	0.9803082201533073	0
Solyc07g008810.1	0.9803082201533073	0
Solyc12g162530.1	0.9803082201533073	0
Solyc07g160890.1	0.9803099334006484	0
Solyc07g052820.1	0.9807279187729563	0
Solyc08g066300.3	0.9807279187729563	0
Solyc01g058060.1	0.9810885752517075	0
Solyc11g063630.1	0.9810885752517075	0
Solyc10g084780.3	0.9810900927992364	0
Solyc11g071900.1	0.9810900927992364	0
Solyc07g056130.1	0.9813922363197762	0
Solyc10g054380.3	0.9813936819385052	0
Solyc05g162490.1	0.9813951272203603	0
Solyc03g160810.1	0.981660998856879	0
Solyc08g161560.1	0.981667915145911	0
Solyc09g150100.1	0.981667915145911	0
Solyc01g011470.1	0.9816692974649373	0
Solyc07g016113.1	0.9816692974649373	0
Solyc11g071310.1	0.9818958483901288	0
Solyc01g008880.3	0.9818971797898357	0
Solyc09g150137.2	0.9820755585830258	0
Solyc12g096630.2	0.9820974871428828	0
Solyc02g078370.1	0.9821000616857112	0
Solyc03g118950.3	0.9821013485406724	0
Solyc10g049530.3	0.9822562924760834	0
Solyc06g073590.3	0.9823926002676431	0
Solyc09g008203.1	0.9824109453479408	0
Solyc01g110430.3	0.9824182673412912	0
Solyc06g036200.2	0.98241948678474	0
Solyc04g010140.1	0.9824219249106216	0
Solyc08g150114.1	0.9825449399813646	0
Solyc08g063055.1	0.9826560495672207	0
Solyc02g036440.3	0.9827339619723799	0
Solyc02g062750.4	0.982738580309473	0
Solyc01g102430.2	0.9827431949425954	0
Solyc03g116860.3	0.9827431949425954	0
Solyc05g024190.3	0.9827466534896835	0
Solyc02g061900.1	0.9828165293423171	0
Solyc02g070930.1	0.9828210817575629	0
Solyc12g017290.1	0.9828210817575629	0
Solyc07g044910.1	0.9828222192961409	0
Solyc11g012560.3	0.9828222192961409	0
Solyc06g161110.1	0.9828788096956769	0
Solyc09g061330.3	0.982879935805764	0
Solyc05g023825.1	0.982883312803278	0
Solyc01g005770.3	0.9829348444617382	0
Solyc05g025680.3	0.982960436367462	0
Solyc04g011735.1	0.9829715274274763	0
Solyc12g088540.4	0.9829781716768854	0
Solyc04g072045.1	0.9829980578572889	0
Solyc12g017550.1	0.9829991606025034	0
Solyc11g069560.2	0.9830101762661854	0
Solyc08g069020.1	0.9830156760743147	0
Solyc07g018040.1	0.9830277568759789	0
Solyc04g015610.3	0.9830321435075693	0
Solyc10g024420.3	0.9830376220169714	0
Solyc04g026300.1	0.983044189228771	0
Solyc01g109275.1	0.9830452830226594	0
Solyc01g014140.3	0.9830452830226594	0
Solyc01g163040.1	0.9830452830226594	0
Solyc03g005850.2	0.9830507488187202	0
Solyc00g142170.2	0.9830529336575061	0
Solyc03g113820.3	0.9830529336575061	0
Solyc02g093670.3	0.9830540257601061	0
Solyc04g049005.2	0.9830540257601061	0
Solyc03g112250.1	0.9830583920601405	0
Solyc07g053493.1	0.9830583920601405	0
Solyc12g043095.1	0.9830605739448893	0
Solyc01g104800.2	0.9830616645711844	0
Solyc00g500037.1	0.9830616645711844	0
Solyc05g007640.3	0.9830616645711844	0
Solyc07g064180.4	0.9830616645711844	0
Solyc08g083520.2	0.9830616645711844	0
Solyc06g072900.4	0.9830627549868503	0
Solyc04g078370.3	0.9830638451919547	0
Solyc03g117150.3	0.9830638451919547	0
Solyc10g162780.1	0.9830638451919547	0
Solyc12g162460.1	0.9830638451919547	0
Solyc01g091400.3	0.9830649351865655	0
Solyc00g500043.1	0.9830649351865655	0
Solyc01g005800.3	0.9830649351865655	0
Solyc03g026140.5	0.9830649351865655	0
Solyc02g084600.4	0.9830649351865655	0
Solyc07g041000.4	0.9830649351865655	0
Solyc09g009580.4	0.9830649351865655	0
Solyc08g005120.3	0.9830649351865655	0
Solyc08g013970.3	0.9830649351865655	0
Solyc11g007750.4	0.9830649351865655	0
Solyc12g088490.1	0.9830649351865655	0
Solyc11g160270.1	0.9830649351865655	0
Solyc12g095810.2	0.9830649351865655	0
Solyc11g011580.2	0.9830649351865655	0
Solyc11g027840.2	0.9830649351865655	0
Solyc02g084890.3	0.9830660249707502	0
Solyc02g067580.3	0.9830660249707502	0
Solyc02g072500.3	0.9830660249707502	0
Solyc01g081460.3	0.9830660249707502	0
Solyc01g067160.4	0.9830660249707502	0
Solyc01g098940.3	0.9830660249707502	0
Solyc02g091870.3	0.9830660249707502	0
Solyc01g105770.2	0.9830660249707502	0
Solyc01g095500.3	0.9830660249707502	0
Solyc01g106055.1	0.9830660249707502	0
Solyc05g015880.3	0.9830660249707502	0
Solyc03g120690.3	0.9830660249707502	0
Solyc04g078900.3	0.9830660249707502	0
Solyc05g006920.4	0.9830660249707502	0
Solyc03g082630.3	0.9830660249707502	0
Solyc04g080140.4	0.9830660249707502	0
Solyc04g074860.4	0.9830660249707502	0
Solyc05g051050.3	0.9830660249707502	0
Solyc05g008220.5	0.9830660249707502	0
Solyc06g007180.3	0.9830660249707502	0
Solyc06g065820.3	0.9830660249707502	0
Solyc07g040740.3	0.9830660249707502	0
Solyc06g034320.1	0.9830660249707502	0
Solyc07g006190.3	0.9830660249707502	0
Solyc08g006840.3	0.9830660249707502	0
Solyc07g063450.4	0.9830660249707502	0
Solyc09g010230.2	0.9830660249707502	0
Solyc08g008350.3	0.9830660249707502	0
Solyc06g053400.3	0.9830660249707502	0
Solyc08g082290.4	0.9830660249707502	0
Solyc09g065140.1	0.9830660249707502	0
Solyc06g076060.1	0.9830660249707502	0
Solyc06g071280.4	0.9830660249707502	0
Solyc09g008030.1	0.9830660249707502	0
Solyc10g008480.3	0.9830660249707502	0
Solyc11g071600.2	0.9830660249707502	0
Solyc11g072130.2	0.9830660249707502	0
Solyc12g027760.1	0.9830660249707502	0
Solyc11g017140.3	0.9830660249707502	0
Solyc10g047370.2	0.9830660249707502	0
Solyc09g082730.5	0.9830660249707502	0
Solyc12g089230.2	0.9830660249707502	0
Solyc11g045140.1	0.9830660249707502	0
Solyc10g081770.3	0.9830660249707502	0
Solyc10g078330.2	0.9830660249707502	0
Solyc01g080020.2	0.983502345219613	0
Solyc02g071510.3	0.983502345219613	0
Solyc01g102970.3	0.983502345219613	0
Solyc01g103000.3	0.983502345219613	0
Solyc02g067120.4	0.983502345219613	0
Solyc02g038803.2	0.983502345219613	0
Solyc03g006450.3	0.983502345219613	0
Solyc01g103120.3	0.983502345219613	0
Solyc01g103200.5	0.983502345219613	0
Solyc01g108020.3	0.983502345219613	0
Solyc01g097760.3	0.983502345219613	0
Solyc02g085220.4	0.983502345219613	0
Solyc02g072150.3	0.983502345219613	0
Solyc02g094100.5	0.983502345219613	0
Solyc01g009220.3	0.983502345219613	0
Solyc01g103570.3	0.983502345219613	0
Solyc01g103630.5	0.983502345219613	0
Solyc02g085350.4	0.983502345219613	0
Solyc02g094190.3	0.983502345219613	0
Solyc01g103660.4	0.983502345219613	0
Solyc02g072310.3	0.983502345219613	0
Solyc02g080890.3	0.983502345219613	0
Solyc01g150159.1	0.983502345219613	0
Solyc02g080970.4	0.983502345219613	0
Solyc02g085560.3	0.983502345219613	0
Solyc01g091550.3	0.983502345219613	0
Solyc02g067970.5	0.983502345219613	0
Solyc01g009610.3	0.983502345219613	0
Solyc02g076760.3	0.983502345219613	0
Solyc02g090200.3	0.983502345219613	0
Solyc03g007140.3	0.983502345219613	0
Solyc01g066770.4	0.983502345219613	0
Solyc02g090440.3	0.983502345219613	0
Solyc01g092950.3	0.983502345219613	0
Solyc01g104370.4	0.983502345219613	0
Solyc02g150120.1	0.983502345219613	0
Solyc01g094010.3	0.983502345219613	0
Solyc02g068400.3	0.983502345219613	0
Solyc02g081640.4	0.983502345219613	0
Solyc02g077050.3	0.983502345219613	0
Solyc01g010215.1	0.983502345219613	0
Solyc03g007690.1	0.983502345219613	0
Solyc02g090720.3	0.983502345219613	0
Solyc01g098820.3	0.983502345219613	0
Solyc02g086480.1	0.983502345219613	0
Solyc02g022930.3	0.983502345219613	0
Solyc02g077470.4	0.983502345219613	0
Solyc01g104950.5	0.983502345219613	0
Solyc02g160290.1	0.983502345219613	0
Solyc01g010710.5	0.983502345219613	0
Solyc01g094520.3	0.983502345219613	0
Solyc02g024070.3	0.983502345219613	0
Solyc01g010760.3	0.983502345219613	0
Solyc01g067700.3	0.983502345219613	0
Solyc01g109520.3	0.983502345219613	0
Solyc01g094570.3	0.983502345219613	0
Solyc00g500022.1	0.983502345219613	0
Solyc02g077620.1	0.983502345219613	0
Solyc02g082260.3	0.983502345219613	0
Solyc01g105240.3	0.983502345219613	0
Solyc01g005570.4	0.983502345219613	0
Solyc02g062950.3	0.983502345219613	0
Solyc02g091320.4	0.983502345219613	0
Solyc02g086870.4	0.983502345219613	0
Solyc02g069260.3	0.983502345219613	0
Solyc01g068080.4	0.983502345219613	0
Solyc01g099860.3	0.983502345219613	0
Solyc01g099870.4	0.983502345219613	0
Solyc02g082660.3	0.983502345219613	0
Solyc00g500078.1	0.983502345219613	0
Solyc02g082740.1	0.983502345219613	0
Solyc01g105680.4	0.983502345219613	0
Solyc02g087300.1	0.983502345219613	0
Solyc01g110110.3	0.983502345219613	0
Solyc01g095460.3	0.983502345219613	0
Solyc01g095490.3	0.983502345219613	0
Solyc01g110280.3	0.983502345219613	0
Solyc01g006210.4	0.983502345219613	0
Solyc02g087420.3	0.983502345219613	0
Solyc02g082930.3	0.983502345219613	0
Solyc02g092050.3	0.983502345219613	0
Solyc01g087910.5	0.983502345219613	0
Solyc01g105980.3	0.983502345219613	0
Solyc02g064960.3	0.983502345219613	0
Solyc02g070040.1	0.983502345219613	0
Solyc01g110660.4	0.983502345219613	0
Solyc01g100650.3	0.983502345219613	0
Solyc03g005160.5	0.983502345219613	0
Solyc02g032910.3	0.983502345219613	0
Solyc01g100810.3	0.983502345219613	0
Solyc01g006720.4	0.983502345219613	0
Solyc01g106370.3	0.983502345219613	0
Solyc03g005270.3	0.983502345219613	0
Solyc01g006930.3	0.983502345219613	0
Solyc01g101100.4	0.983502345219613	0
Solyc02g070855.2	0.983502345219613	0
Solyc01g059880.3	0.983502345219613	0
Solyc02g092670.1	0.983502345219613	0
Solyc03g031600.3	0.983502345219613	0
Solyc01g007250.5	0.983502345219613	0
Solyc01g096660.3	0.983502345219613	0
Solyc02g071020.4	0.983502345219613	0
Solyc03g031730.3	0.983502345219613	0
Solyc01g102400.3	0.983502345219613	0
Solyc02g071100.3	0.983502345219613	0
Solyc03g031860.3	0.983502345219613	0
Solyc01g007870.3	0.983502345219613	0
Solyc01g079670.2	0.983502345219613	0
Solyc01g079710.3	0.983502345219613	0
Solyc01g090290.4	0.983502345219613	0
Solyc01g090300.2	0.983502345219613	0
Solyc01g008010.3	0.983502345219613	0
Solyc01g111930.4	0.983502345219613	0
Solyc04g008820.4	0.983502345219613	0
Solyc01g107390.4	0.983502345219613	0
Solyc04g008890.3	0.983502345219613	0
Solyc03g119670.3	0.983502345219613	0
Solyc02g089065.1	0.983502345219613	0
Solyc04g009050.4	0.983502345219613	0
Solyc03g110940.3	0.983502345219613	0
Solyc03g093300.3	0.983502345219613	0
Solyc03g119940.3	0.983502345219613	0
Solyc05g052020.3	0.983502345219613	0
Solyc04g077570.1	0.983502345219613	0
Solyc03g120020.4	0.983502345219613	0
Solyc05g009790.1	0.983502345219613	0
Solyc06g007510.3	0.983502345219613	0
Solyc03g093540.1	0.983502345219613	0
Solyc05g015750.3	0.983502345219613	0
Solyc03g034430.1	0.983502345219613	0
Solyc04g071580.3	0.983502345219613	0
Solyc04g077980.1	0.983502345219613	0
Solyc05g005580.3	0.983502345219613	0
Solyc04g071750.4	0.983502345219613	0
Solyc04g025120.2	0.983502345219613	0
Solyc05g005760.4	0.983502345219613	0
Solyc05g016180.3	0.983502345219613	0
Solyc06g008170.3	0.983502345219613	0
Solyc03g120730.3	0.983502345219613	0
Solyc06g008190.1	0.983502345219613	0
Solyc05g010700.1	0.983502345219613	0
Solyc03g044140.3	0.983502345219613	0
Solyc03g116560.1	0.983502345219613	0
Solyc03g120930.1	0.983502345219613	0
Solyc03g120970.3	0.983502345219613	0
Solyc04g011510.5	0.983502345219613	0
Solyc05g053330.3	0.983502345219613	0
Solyc04g026360.3	0.983502345219613	0
Solyc03g112640.3	0.983502345219613	0
Solyc03g044820.4	0.983502345219613	0
Solyc03g078830.1	0.983502345219613	0
Solyc05g018417.1	0.983502345219613	0
Solyc03g079930.3	0.983502345219613	0
Solyc05g018570.3	0.983502345219613	0
Solyc03g080090.4	0.983502345219613	0
Solyc05g053850.3	0.983502345219613	0
Solyc05g006850.4	0.983502345219613	0
Solyc05g018760.3	0.983502345219613	0
Solyc05g012780.4	0.983502345219613	0
Solyc05g048830.3	0.983502345219613	0
Solyc05g007000.4	0.983502345219613	0
Solyc04g074100.3	0.983502345219613	0
Solyc04g014390.3	0.983502345219613	0
Solyc03g046470.3	0.983502345219613	0
Solyc04g014610.4	0.983502345219613	0
Solyc03g121990.4	0.983502345219613	0
Solyc05g013160.4	0.983502345219613	0
Solyc04g074430.3	0.983502345219613	0
Solyc04g074450.1	0.983502345219613	0
Solyc03g113590.3	0.983502345219613	0
Solyc04g007970.3	0.983502345219613	0
Solyc04g080000.1	0.983502345219613	0
Solyc05g054570.3	0.983502345219613	0
Solyc04g014820.4	0.983502345219613	0
Solyc05g050340.4	0.983502345219613	0
Solyc05g007490.3	0.983502345219613	0
Solyc03g122340.3	0.983502345219613	0
Solyc05g054690.3	0.983502345219613	0
Solyc04g014990.3	0.983502345219613	0
Solyc04g049180.3	0.983502345219613	0
Solyc04g008210.2	0.983502345219613	0
Solyc06g005160.4	0.983502345219613	0
Solyc04g080190.3	0.983502345219613	0
Solyc03g097360.3	0.983502345219613	0
Solyc05g054750.3	0.983502345219613	0
Solyc05g007660.3	0.983502345219613	0
Solyc05g007670.4	0.983502345219613	0
Solyc03g082890.4	0.983502345219613	0
Solyc04g074960.5	0.983502345219613	0
Solyc04g015180.3	0.983502345219613	0
Solyc04g008370.4	0.983502345219613	0
Solyc06g011280.3	0.983502345219613	0
Solyc05g024235.1	0.983502345219613	0
Solyc06g011370.4	0.983502345219613	0
Solyc03g123740.4	0.983502345219613	0
Solyc05g024430.3	0.983502345219613	0
Solyc05g008020.4	0.983502345219613	0
Solyc03g114160.1	0.983502345219613	0
Solyc05g008090.3	0.983502345219613	0
Solyc04g058160.2	0.983502345219613	0
Solyc03g083310.4	0.983502345219613	0
Solyc04g076290.3	0.983502345219613	0
Solyc03g118550.3	0.983502345219613	0
Solyc06g005810.3	0.983502345219613	0
Solyc03g058920.3	0.983502345219613	0
Solyc06g016770.3	0.983502345219613	0
Solyc03g058930.4	0.983502345219613	0
Solyc03g114340.3	0.983502345219613	0
Solyc03g114370.5	0.983502345219613	0
Solyc03g098170.3	0.983502345219613	0
Solyc05g014100.3	0.983502345219613	0
Solyc05g008510.3	0.983502345219613	0
Solyc03g114520.3	0.983502345219613	0
Solyc06g065700.3	0.983502345219613	0
Solyc05g026310.4	0.983502345219613	0
Solyc05g051490.3	0.983502345219613	0
Solyc04g016200.1	0.983502345219613	0
Solyc05g051510.5	0.983502345219613	0
Solyc03g150136.1	0.983502345219613	0
Solyc06g054370.2	0.983502345219613	0
Solyc06g036260.3	0.983502345219613	0
Solyc05g051710.4	0.983502345219613	0
Solyc07g009330.5	0.983502345219613	0
Solyc07g039200.4	0.983502345219613	0
Solyc05g055850.3	0.983502345219613	0
Solyc05g055960.1	0.983502345219613	0
Solyc06g059860.3	0.983502345219613	0
Solyc08g006060.3	0.983502345219613	0
Solyc06g059970.4	0.983502345219613	0
Solyc08g079470.3	0.983502345219613	0
Solyc07g016170.4	0.983502345219613	0
Solyc06g066730.3	0.983502345219613	0
Solyc09g008620.3	0.983502345219613	0
Solyc07g041235.1	0.983502345219613	0
Solyc06g060610.2	0.983502345219613	0
Solyc06g060640.1	0.983502345219613	0
Solyc08g079820.3	0.983502345219613	0
Solyc09g008780.4	0.983502345219613	0
Solyc09g015490.3	0.983502345219613	0
Solyc08g075520.4	0.983502345219613	0
Solyc07g062170.3	0.983502345219613	0
Solyc07g052700.3	0.983502345219613	0
Solyc08g080170.3	0.983502345219613	0
Solyc08g066050.3	0.983502345219613	0
Solyc08g080200.4	0.983502345219613	0
Solyc06g083230.3	0.983502345219613	0
Solyc07g017990.3	0.983502345219613	0
Solyc09g009260.3	0.983502345219613	0
Solyc08g007040.3	0.983502345219613	0
Solyc09g009280.1	0.983502345219613	0
Solyc06g073910.4	0.983502345219613	0
Solyc08g080500.3	0.983502345219613	0
Solyc07g006790.3	0.983502345219613	0
Solyc08g075930.5	0.983502345219613	0
Solyc06g074030.1	0.983502345219613	0
Solyc07g042560.4	0.983502345219613	0
Solyc07g007040.4	0.983502345219613	0
Solyc08g007270.4	0.983502345219613	0
Solyc06g068790.4	0.983502345219613	0
Solyc07g019530.3	0.983502345219613	0
Solyc09g061410.1	0.983502345219613	0
Solyc08g066660.1	0.983502345219613	0
Solyc06g068880.3	0.983502345219613	0
Solyc06g050930.3	0.983502345219613	0
Solyc06g062690.5	0.983502345219613	0
Solyc06g068970.3	0.983502345219613	0
Solyc08g007490.3	0.983502345219613	0
Solyc07g020860.3	0.983502345219613	0
Solyc08g066850.3	0.983502345219613	0
Solyc07g053540.1	0.983502345219613	0
Solyc07g053580.3	0.983502345219613	0
Solyc07g053650.4	0.983502345219613	0
Solyc09g005250.3	0.983502345219613	0
Solyc06g084230.3	0.983502345219613	0
Solyc07g053760.4	0.983502345219613	0
Solyc06g074800.1	0.983502345219613	0
Solyc06g084450.4	0.983502345219613	0
Solyc08g048250.4	0.983502345219613	0
Solyc06g069400.4	0.983502345219613	0
Solyc07g021550.3	0.983502345219613	0
Solyc06g051750.3	0.983502345219613	0
Solyc08g067390.4	0.983502345219613	0
Solyc08g076960.1	0.983502345219613	0
Solyc06g051820.5	0.983502345219613	0
Solyc09g010320.3	0.983502345219613	0
Solyc07g008150.3	0.983502345219613	0
Solyc08g077240.3	0.983502345219613	0
Solyc08g067630.3	0.983502345219613	0
Solyc07g063770.3	0.983502345219613	0
Solyc07g008350.3	0.983502345219613	0
Solyc06g053160.3	0.983502345219613	0
Solyc08g008460.2	0.983502345219613	0
Solyc07g063940.2	0.983502345219613	0
Solyc09g042710.3	0.983502345219613	0
Solyc09g006005.1	0.983502345219613	0
Solyc08g008530.1	0.983502345219613	0
Solyc07g054810.1	0.983502345219613	0
Solyc08g082320.3	0.983502345219613	0
Solyc08g082400.1	0.983502345219613	0
Solyc07g064490.5	0.983502345219613	0
Solyc08g082620.3	0.983502345219613	0
Solyc07g032230.3	0.983502345219613	0
Solyc09g065475.1	0.983502345219613	0
Solyc06g076300.3	0.983502345219613	0
Solyc07g032380.4	0.983502345219613	0
Solyc08g077920.3	0.983502345219613	0
Solyc08g077930.3	0.983502345219613	0
Solyc07g055230.4	0.983502345219613	0
Solyc09g007660.1	0.983502345219613	0
Solyc08g068790.3	0.983502345219613	0
Solyc09g011380.3	0.983502345219613	0
Solyc09g007760.5	0.983502345219613	0
Solyc09g007770.3	0.983502345219613	0
Solyc09g090580.3	0.983502345219613	0
Solyc10g008190.3	0.983502345219613	0
Solyc08g014470.4	0.983502345219613	0
Solyc09g090680.3	0.983502345219613	0
Solyc09g074270.3	0.983502345219613	0
Solyc09g074300.1	0.983502345219613	0
Solyc10g039430.3	0.983502345219613	0
Solyc06g071930.1	0.983502345219613	0
Solyc09g057607.1	0.983502345219613	0
Solyc10g078560.3	0.983502345219613	0
Solyc07g055870.4	0.983502345219613	0
Solyc10g008500.5	0.983502345219613	0
Solyc09g091010.3	0.983502345219613	0
Solyc09g074850.4	0.983502345219613	0
Solyc10g078960.2	0.983502345219613	0
Solyc08g016190.5	0.983502345219613	0
Solyc07g065460.1	0.983502345219613	0
Solyc10g084620.4	0.983502345219613	0
Solyc09g072800.3	0.983502345219613	0
Solyc11g013450.2	0.983502345219613	0
Solyc09g091660.3	0.983502345219613	0
Solyc10g045600.2	0.983502345219613	0
Solyc10g054780.2	0.983502345219613	0
Solyc09g091700.4	0.983502345219613	0
Solyc11g007990.2	0.983502345219613	0
Solyc11g013760.2	0.983502345219613	0
Solyc11g065760.2	0.983502345219613	0
Solyc10g085140.2	0.983502345219613	0
Solyc10g085150.2	0.983502345219613	0
Solyc12g005450.1	0.983502345219613	0
Solyc11g008280.3	0.983502345219613	0
Solyc11g042430.2	0.983502345219613	0
Solyc12g005480.2	0.983502345219613	0
Solyc12g044300.2	0.983502345219613	0
Solyc12g088170.2	0.983502345219613	0
Solyc12g044310.2	0.983502345219613	0
Solyc12g027800.1	0.983502345219613	0
Solyc10g079740.2	0.983502345219613	0
Solyc11g042630.3	0.983502345219613	0
Solyc11g017070.2	0.983502345219613	0
Solyc12g011000.2	0.983502345219613	0
Solyc10g055620.2	0.983502345219613	0
Solyc12g011030.3	0.983502345219613	0
Solyc10g055670.2	0.983502345219613	0
Solyc10g012060.3	0.983502345219613	0
Solyc10g012080.4	0.983502345219613	0
Solyc11g017330.1	0.983502345219613	0
Solyc11g072690.2	0.983502345219613	0
Solyc10g005730.3	0.983502345219613	0
Solyc12g044800.3	0.983502345219613	0
Solyc11g044230.3	0.983502345219613	0
Solyc12g005910.2	0.983502345219613	0
Solyc12g011400.4	0.983502345219613	0
Solyc11g072980.1	0.983502345219613	0
Solyc10g062220.2	0.983502345219613	0
Solyc11g072990.1	0.983502345219613	0
Solyc12g006020.1	0.983502345219613	0
Solyc10g047960.3	0.983502345219613	0
Solyc11g008990.2	0.983502345219613	0
Solyc12g100050.2	0.983502345219613	0
Solyc10g006200.4	0.983502345219613	0
Solyc12g089100.2	0.983502345219613	0
Solyc09g082690.3	0.983502345219613	0
Solyc09g098030.4	0.983502345219613	0
Solyc10g086250.2	0.983502345219613	0
Solyc12g006440.3	0.983502345219613	0
Solyc10g086340.1	0.983502345219613	0
Solyc10g006530.4	0.983502345219613	0
Solyc09g098280.3	0.983502345219613	0
Solyc10g074880.3	0.983502345219613	0
Solyc09g082960.1	0.983502345219613	0
Solyc12g094430.1	0.983502345219613	0
Solyc11g010730.4	0.983502345219613	0
Solyc12g094510.2	0.983502345219613	0
Solyc10g081100.3	0.983502345219613	0
Solyc09g083135.1	0.983502345219613	0
Solyc11g010920.3	0.983502345219613	0
Solyc09g083210.3	0.983502345219613	0
Solyc12g014500.3	0.983502345219613	0
Solyc10g081210.3	0.983502345219613	0
Solyc10g081220.3	0.983502345219613	0
Solyc11g006300.2	0.983502345219613	0
Solyc12g056110.2	0.983502345219613	0
Solyc11g006370.2	0.983502345219613	0
Solyc11g068490.1	0.983502345219613	0
Solyc09g083400.3	0.983502345219613	0
Solyc10g018850.2	0.983502345219613	0
Solyc10g018870.2	0.983502345219613	0
Solyc10g081440.2	0.983502345219613	0
Solyc11g051160.2	0.983502345219613	0
Solyc11g011220.2	0.983502345219613	0
Solyc11g006490.2	0.983502345219613	0
Solyc12g008340.2	0.983502345219613	0
Solyc09g089880.3	0.983502345219613	0
Solyc10g050890.2	0.983502345219613	0
Solyc12g096270.2	0.983502345219613	0
Solyc11g006990.2	0.983502345219613	0
Solyc12g040460.2	0.983502345219613	0
Solyc12g008840.2	0.983502345219613	0
Solyc10g007740.3	0.983502345219613	0
Solyc10g077110.1	0.983502345219613	0
Solyc12g096520.3	0.983502345219613	0
Solyc10g083110.3	0.983502345219613	0
Solyc12g056990.1	0.983502345219613	0
Solyc10g007830.1	0.983502345219613	0
Solyc11g007320.2	0.983502345219613	0
Solyc12g017850.2	0.983502345219613	0
Solyc10g008010.4	0.983502345219613	0
Solyc11g012320.3	0.983502345219613	0
Solyc11g012440.1	0.983502345219613	0
Solyc12g162400.1	0.983502345219613	0
Solyc12g098225.1	0.983502345219613	0
Solyc11g012640.1	0.983502345219613	0
Solyc12g019740.2	0.983502345219613	0
Solyc11g012720.2	0.983502345219613	0
Solyc12g098440.2	0.983502345219613	0
Solyc11g012830.3	0.983502345219613	0
Solyc11g012900.3	0.983502345219613	0
Solyc01g008477.1	1	0
Solyc00g500247.1	1	0
Solyc01g016960.1	1	0
Solyc01g016980.1	1	0
Solyc01g017020.1	1	0
Solyc01g017030.1	1	0
Solyc01g017040.1	1	0
Solyc00g005280.1	1	0
Solyc03g006170.4	1	0
Solyc02g066990.3	1.0	0
Solyc00g006560.2	1	0
Solyc00g500255.1	1.0	0
Solyc02g005550.1	1	0
Solyc00g006890.2	1	0
Solyc01g017070.1	1	0
Solyc02g005560.1	1	0
Solyc01g017080.2	1	0
Solyc02g005570.1	1	0
Solyc02g005580.1	1	0
Solyc01g017085.2	1.0	0
Solyc00g007340.1	1	0
Solyc02g005600.1	1	0
Solyc00g007450.1	1	0
Solyc01g017100.2	1	0
Solyc00g007920.1	1	0
Solyc01g060187.1	1	0
Solyc01g008580.1	1	0
Solyc01g017110.3	1	0
Solyc00g007930.1	1	0
Solyc00g007940.1	1	0
Solyc01g008590.1	1	0
Solyc01g017120.1	1	0
Solyc00g500265.1	1	0
Solyc01g017130.1	1	0
Solyc00g500266.1	1	0
Solyc01g017140.1	1	0
Solyc01g060220.1	1	0
Solyc00g011670.1	1	0
Solyc02g010600.2	1	0
Solyc01g017145.2	1	0
Solyc02g010630.2	1	0
Solyc01g017150.1	1	0
Solyc02g038720.2	1	0
Solyc01g017160.2	1	0
Solyc01g017180.3	1	0
Solyc02g011700.1	1	0
Solyc01g017210.1	1	0
Solyc02g011710.1	1	0
Solyc02g011720.1	1	0
Solyc02g011730.1	1	0
Solyc02g011740.1	1	0
Solyc02g011750.1	1	0
Solyc01g017230.2	1	0
Solyc02g011760.1	1	0
Solyc02g011770.1	1	0
Solyc01g017240.1	1	0
Solyc01g060284.2	1	0
Solyc02g011790.3	1	0
Solyc02g011800.1	1	0
Solyc02g011810.3	1	0
Solyc01g017260.1	1	0
Solyc01g060300.3	1	0
Solyc02g011820.3	1	0
Solyc01g060310.3	1	0
Solyc01g017280.1	1	0
Solyc02g011830.1	1	0
Solyc01g060312.2	1	0
Solyc01g017290.1	1	0
Solyc02g011845.1	1	0
Solyc01g060340.1	1	0
Solyc02g011850.3	1	0
Solyc01g097440.3	1.0	0
Solyc01g060350.1	1	0
Solyc02g011860.1	1	0
Solyc01g113620.3	1.0	0
Solyc01g060355.2	1	0
Solyc02g011890.1	1	0
Solyc01g060370.2	1	0
Solyc01g017320.1	1	0
Solyc01g150000.3	1	0
Solyc02g011900.1	1	0
Solyc00g016590.1	1	0
Solyc01g150003.2	1	0
Solyc02g011920.2	1	0
Solyc02g011930.2	1	0
Solyc01g017370.2	1	0
Solyc02g011940.3	1	0
Solyc01g017380.1	1	0
Solyc02g011950.1	1	0
Solyc01g060430.1	1	0
Solyc01g017390.1	1	0
Solyc02g011960.1	1	0
Solyc01g017410.3	1	0
Solyc02g038808.1	1	0
Solyc00g500288.1	1	0
Solyc02g011970.1	1	0
Solyc01g017430.1	1	0
Solyc01g150104.1	1	0
Solyc02g089380.1	1	0
Solyc01g080363.2	1	0
Solyc01g017450.1	1	0
Solyc01g017460.3	1	0
Solyc01g017470.3	1	0
Solyc01g017480.1	1	0
Solyc01g107968.2	1	0
Solyc01g080390.2	1	0
Solyc01g150108.1	1	0
Solyc01g017520.1	1	0
Solyc01g150109.2	1	0
Solyc02g012025.2	1	0
Solyc01g017530.1	1	0
Solyc02g080440.3	1.0	0
Solyc01g150113.1	1	0
Solyc00g021660.1	1.0	0
Solyc02g085005.1	1.0	0
Solyc01g080440.2	1	0
Solyc01g150121.2	1	0
Solyc01g150122.1	1	0
Solyc01g017620.1	1	0
Solyc01g065585.1	1	0
Solyc01g065610.1	1	0
Solyc01g150123.2	1	0
Solyc01g017640.3	1	0
Solyc01g065620.1	1	0
Solyc02g014140.1	1	0
Solyc01g065630.1	1	0
Solyc01g017670.2	1	0
Solyc01g065640.3	1	0
Solyc02g043817.1	1	0
Solyc01g017690.1	1	0
Solyc01g150125.2	1	0
Solyc01g097630.3	1.0	0
Solyc01g017700.1	1	0
Solyc01g065647.1	1	0
Solyc01g108060.2	1.0	0
Solyc01g065650.1	1	0
Solyc01g065660.1	1	0
Solyc02g085070.1	1.0	0
Solyc02g043880.1	1	0
Solyc01g065670.1	1	0
Solyc00g024170.2	1	0
Solyc02g043885.2	1	0
Solyc02g043900.1	1	0
Solyc00g500305.1	1	0
Solyc02g085100.3	1.0	0
Solyc02g014250.3	1.0	0
Solyc02g014280.2	1	0
Solyc01g017820.3	1	0
Solyc02g043960.1	1	0
Solyc02g080620.3	1.0	0
Solyc02g043963.2	1	0
Solyc01g080630.1	1	0
Solyc02g043970.1	1	0
Solyc01g017960.1	1	0
Solyc02g043980.1	1	0
Solyc02g043990.1	1	0
Solyc01g097750.1	1	0
Solyc02g089640.3	1.0	0
Solyc01g065810.2	1	0
Solyc02g014400.1	1	0
Solyc00g042640.2	1	0
Solyc01g091190.3	1.0	0
Solyc01g065860.2	1	0
Solyc02g014410.1	1	0
Solyc01g018015.1	1	0
Solyc02g014420.2	1	0
Solyc01g091220.3	1.0	0
Solyc01g065903.1	1	0
Solyc01g065907.1	1	0
Solyc01g065910.1	1	0
Solyc02g014440.1	1	0
Solyc01g009140.1	1	0
Solyc01g018040.1	1	0
Solyc01g065970.1	1	0
Solyc02g049080.1	1	0
Solyc01g018070.3	1	0
Solyc01g018100.1	1	0
Solyc02g080730.3	1	0
Solyc00g058480.3	1	0
Solyc00g059505.2	1	0
Solyc01g020100.3	1	0
Solyc02g085270.1	1	0
Solyc03g006718.1	1	0
Solyc02g072230.3	1.0	0
Solyc02g050195.1	1	0
Solyc01g066090.3	1	0
Solyc00g084760.2	1	0
Solyc02g067650.3	1.0	0
Solyc01g080785.1	1	0
Solyc02g014540.3	1	0
Solyc01g066115.1	1	0
Solyc01g066120.4	1	0
Solyc00g094540.1	1.0	0
Solyc01g066130.1	1	0
Solyc00g107050.2	1	0
Solyc02g014570.1	1	0
Solyc02g080840.1	1	0
Solyc02g014580.1	1	0
Solyc01g150155.1	1	0
Solyc02g014590.1	1	0
Solyc02g094230.1	1.0	0
Solyc02g014610.1	1	0
Solyc02g014620.1	1	0
Solyc02g072370.1	1	0
Solyc01g009305.1	1	0
Solyc01g066210.1	1	0
Solyc02g050300.1	1	0
Solyc02g014630.1	1	0
Solyc02g072400.1	1.0	0
Solyc01g108380.2	1	0
Solyc01g091410.3	1	0
Solyc02g014660.1	1	0
Solyc01g150161.1	1	0
Solyc01g066293.1	1	0
Solyc00g135260.3	1	0
Solyc01g103810.1	1	0
Solyc01g066297.1	1	0
Solyc01g103820.1	1	0
Solyc02g067810.1	1.0	0
Solyc01g009350.2	1.0	0
Solyc01g020300.4	1	0
Solyc01g108420.2	1.0	0
Solyc01g080980.2	1	0
Solyc00g144470.2	1	0
Solyc02g055510.2	1	0
Solyc01g066350.1	1	0
Solyc01g103870.1	1.0	0
Solyc02g055520.2	1	0
Solyc01g066380.4	1	0
Solyc01g066410.1	1	0
Solyc00g160010.1	1	0
Solyc03g006907.1	1	0
Solyc02g067890.3	1.0	0
Solyc02g055560.1	1	0
Solyc01g020360.1	1.0	0
Solyc00g500353.1	1.0	0
Solyc01g020370.2	1	0
Solyc01g066490.2	1.0	0
Solyc02g060560.1	1	0
Solyc01g020401.2	1	0
Solyc02g081083.1	1	0
Solyc01g020408.2	1	0
Solyc02g060570.1	1	0
Solyc02g081087.1	1	0
Solyc02g014790.1	1	0
Solyc02g060580.3	1	0
Solyc01g020450.1	1	0
Solyc02g085660.1	1.0	0
Solyc02g014820.1	1	0
Solyc01g091600.4	1.0	0
Solyc02g060590.2	1	0
Solyc02g060595.1	1	0
Solyc01g009490.1	1	0
Solyc02g060600.1	1	0
Solyc01g020470.3	1	0
Solyc00g160090.1	1	0
Solyc02g061600.1	1	0
Solyc02g068020.1	1	0
Solyc01g081125.1	1	0
Solyc01g020510.1	1	0
Solyc02g061630.1	1	0
Solyc01g160030.1	1	0
Solyc02g061640.2	1	0
Solyc02g014871.1	1	0
Solyc01g160040.1	1	0
Solyc01g020521.1	1	0
Solyc02g061650.3	1.0	0
Solyc01g009550.1	1	0
Solyc01g020522.1	1	0
Solyc02g061660.1	1	0
Solyc01g020524.1	1	0
Solyc02g094585.1	1	0
Solyc00g160150.1	1	0
Solyc02g014874.1	1	0
Solyc00g160160.1	1	0
Solyc02g076700.1	1.0	0
Solyc01g160060.1	1	0
Solyc01g108590.1	1	0
Solyc02g014876.1	1	0
Solyc01g020575.1	1	0
Solyc02g061680.3	1	0
Solyc02g014878.1	1	0
Solyc02g020870.1	1	0
Solyc01g021610.1	1	0
Solyc02g061700.1	1	0
Solyc00g160200.1	1	0
Solyc01g021620.3	1	0
Solyc02g061710.3	1	0
Solyc01g066650.3	1	0
Solyc02g061720.3	1	0
Solyc01g160090.1	1	0
Solyc00g160210.1	1	0
Solyc01g160100.1	1	0
Solyc01g021680.1	1	0
Solyc02g061740.4	1	0
Solyc01g021690.1	1	0
Solyc01g160120.1	1	0
Solyc02g061750.1	1	0
Solyc01g160130.1	1	0
Solyc01g021700.3	1	0
Solyc01g160150.1	1	0
Solyc01g160160.1	1	0
Solyc00g160240.1	1.0	0
Solyc01g081260.2	1.0	0
Solyc01g160170.1	1	0
Solyc01g098360.1	1	0
Solyc01g160180.1	1	0
Solyc01g066750.1	1	0
Solyc00g160270.1	1	0
Solyc00g500372.1	1	0
Solyc02g150102.1	1	0
Solyc01g160220.1	1	0
Solyc01g066800.1	1	0
Solyc01g022780.1	1	0
Solyc01g160260.1	1	0
Solyc00g500380.1	1	0
Solyc00g160310.1	1	0
Solyc01g160280.1	1	0
Solyc01g160290.1	1	0
Solyc00g160330.1	1	0
Solyc01g081350.1	1	0
Solyc01g108760.1	1	0
Solyc03g007270.3	1.0	0
Solyc01g081360.1	1	0
Solyc00g160340.1	1.0	0
Solyc01g108770.1	1.0	0
Solyc02g021105.1	1	0
Solyc00g500387.1	1	0
Solyc00g160360.1	1	0
Solyc00g500388.1	1	0
Solyc01g009790.1	1	0
Solyc01g009795.1	1	0
Solyc02g061890.1	1	0
Solyc01g009800.2	1	0
Solyc00g500393.1	1	0
Solyc01g160390.1	1	0
Solyc02g021180.1	1	0
Solyc01g028890.2	1	0
Solyc02g021190.1	1	0
Solyc00g500396.1	1	0
Solyc01g009830.3	1.0	0
Solyc01g028910.3	1	0
Solyc01g009840.3	1.0	0
Solyc01g160420.1	1	0
Solyc02g150123.1	1.0	0
Solyc00g500398.1	1	0
Solyc01g160430.1	1	0
Solyc01g009850.5	1.0	0
Solyc00g500399.1	1	0
Solyc01g066950.1	1	0
Solyc01g160440.1	1	0
Solyc00g160430.1	1	0
Solyc00g500400.1	1	0
Solyc02g085970.1	1	0
Solyc01g028960.1	1	0
Solyc01g160450.1	1	0
Solyc01g028980.1	1	0
Solyc01g033990.1	1	0
Solyc01g108880.4	1.0	0
Solyc00g160450.1	1	0
Solyc02g085980.1	1	0
Solyc01g034010.2	1	0
Solyc00g160460.1	1	0
Solyc02g085990.1	1	0
Solyc00g500403.1	1	0
Solyc00g160470.1	1	0
Solyc02g086000.2	1	0
Solyc02g081540.2	1.0	0
Solyc01g160480.1	1	0
Solyc00g500404.1	1	0
Solyc01g160490.1	1	0
Solyc02g062040.3	1.0	0
Solyc01g034040.2	1	0
Solyc01g104440.1	1	0
Solyc01g160500.1	1	0
Solyc00g160490.1	1	0
Solyc01g160510.1	1	0
Solyc02g086020.2	1	0
Solyc01g009940.1	1	0
Solyc02g090610.1	1	0
Solyc01g160530.1	1	0
Solyc02g062080.1	1	0
Solyc00g160520.1	1	0
Solyc01g160540.1	1	0
Solyc01g034140.1	1	0
Solyc01g160570.1	1	0
Solyc01g004000.1	1	0
Solyc01g160590.1	1	0
Solyc02g090643.1	1	0
Solyc01g034190.1	1	0
Solyc02g021365.1	1	0
Solyc01g034213.1	1	0
Solyc02g021366.2	1	0
Solyc03g007570.3	1.0	0
Solyc02g150137.1	1	0
Solyc01g034217.1	1	0
Solyc01g081580.3	1	0
Solyc00g160590.1	1	0
Solyc02g021390.1	1	0
Solyc01g038230.1	1	0
Solyc00g160600.1	1	0
Solyc01g160670.1	1	0
Solyc01g067190.1	1	0
Solyc01g010170.2	1	0
Solyc01g160680.1	1	0
Solyc02g086160.4	1.0	0
Solyc00g160620.1	1	0
Solyc01g160690.1	1	0
Solyc00g160630.1	1	0
Solyc01g160700.1	1	0
Solyc00g160640.1	1	0
Solyc01g160710.1	1	0
Solyc01g160720.1	1	0
Solyc01g160730.1	1	0
Solyc01g160740.1	1	0
Solyc01g109070.2	1.0	0
Solyc01g160760.1	1	0
Solyc01g010260.3	1	0
Solyc02g021450.2	1	0
Solyc01g160770.1	1	0
Solyc01g038238.1	1	0
Solyc01g160780.1	1	0
Solyc01g160790.1	1	0
Solyc01g160810.1	1	0
Solyc00g160720.1	1	0
Solyc01g160820.1	1	0
Solyc00g160740.1	1	0
Solyc01g044300.3	1	0
Solyc02g021520.1	1	0
Solyc01g160850.1	1	0
Solyc00g160760.1	1	0
Solyc03g007760.3	1.0	0
Solyc01g160870.1	1	0
Solyc01g160880.1	1	0
Solyc01g160890.1	1	0
Solyc01g160900.1	1	0
Solyc02g081870.4	1.0	0
Solyc01g160910.1	1	0
Solyc01g067340.3	1.0	0
Solyc01g109190.1	1	0
Solyc01g160930.1	1	0
Solyc00g172410.3	1	0
Solyc02g160020.1	1.0	0
Solyc01g160940.1	1	0
Solyc02g160030.1	1	0
Solyc01g044500.1	1	0
Solyc01g044523.1	1	0
Solyc01g160960.1	1	0
Solyc01g044550.3	1	0
Solyc01g160970.1	1	0
Solyc01g160980.1	1	0
Solyc01g160990.1	1	0
Solyc01g005180.1	1	0
Solyc01g044554.2	1	0
Solyc01g161000.1	1	0
Solyc02g160060.1	1	0
Solyc00g198360.1	1	0
Solyc01g067420.4	1	0
Solyc02g160070.1	1	0
Solyc01g161020.1	1	0
Solyc01g161030.1	1	0
Solyc02g160080.1	1	0
Solyc01g094320.3	1.0	0
Solyc01g047580.1	1	0
Solyc01g067445.1	1	0
Solyc02g160090.1	1	0
Solyc01g161050.1	1	0
Solyc01g161070.1	1	0
Solyc01g086770.1	1	0
Solyc02g021800.1	1	0
Solyc02g068810.1	1	0
Solyc01g161090.1	1	0
Solyc02g021810.1	1	0
Solyc01g161100.1	1	0
Solyc02g022810.3	1	0
Solyc01g161110.1	1	0
Solyc01g161120.1	1	0
Solyc01g049720.1	1	0
Solyc01g161130.1	1	0
Solyc01g161140.1	1	0
Solyc01g104830.2	1	0
Solyc01g049740.1	1	0
Solyc02g082010.3	1.0	0
Solyc01g049750.1	1	0
Solyc02g160140.1	1	0
Solyc01g161160.1	1	0
Solyc01g049760.1	1	0
Solyc02g068880.2	1.0	0
Solyc01g049765.2	1	0
Solyc01g161180.1	1	0
Solyc01g049790.1	1	0
Solyc01g161190.1	1	0
Solyc00g266110.1	1	0
Solyc01g161200.1	1	0
Solyc01g161210.1	1	0
Solyc01g161220.1	1	0
Solyc01g161230.1	1	0
Solyc01g161240.1	1	0
Solyc00g308530.1	1	0
Solyc01g086840.3	1.0	0
Solyc01g161260.1	1	0
Solyc01g161270.1	1	0
Solyc01g161280.1	1	0
Solyc00g322630.1	1	0
Solyc02g160230.1	1	0
Solyc01g086880.3	1	0
Solyc02g160240.1	1	0
Solyc03g013020.1	1	0
Solyc01g161300.1	1	0
Solyc02g062610.3	1.0	0
Solyc01g104980.4	1.0	0
Solyc01g049950.1	1	0
Solyc02g069000.1	1	0
Solyc01g161310.1	1	0
Solyc01g067630.3	1.0	0
Solyc00g500004.1	1	0
Solyc01g161320.1	1	0
Solyc00g500005.1	1	0
Solyc03g013040.1	1	0
Solyc01g161330.1	1	0
Solyc03g013050.1	1	0
Solyc01g010690.1	1	0
Solyc01g161340.1	1	0
Solyc03g013070.1	1	0
Solyc01g086940.2	1.0	0
Solyc02g024040.1	1	0
Solyc02g160300.1	1	0
Solyc03g013080.1	1	0
Solyc02g160310.1	1	0
Solyc03g013090.1	1	0
Solyc01g161360.1	1	0
Solyc00g500010.1	1	0
Solyc02g160320.1	1	0
Solyc01g050050.1	1	0
Solyc01g005420.2	1.0	0
Solyc03g013100.1	1	0
Solyc01g161370.1	1	0
Solyc02g160330.1	1	0
Solyc03g013130.1	1	0
Solyc01g161380.1	1	0
Solyc01g055160.1	1	0
Solyc01g055200.1	1	0
Solyc00g500014.1	1	0
Solyc03g013140.1	1	0
Solyc01g161390.1	1	0
Solyc02g160350.1	1	0
Solyc01g094550.3	1.0	0
Solyc03g013150.1	1	0
Solyc02g026085.2	1	0
Solyc02g082170.3	1.0	0
Solyc00g500017.1	1	0
Solyc01g161410.1	1	0
Solyc01g056250.2	1	0
Solyc02g091140.3	1.0	0
Solyc03g013180.1	1	0
Solyc01g099320.4	1	0
Solyc01g161420.1	1	0
Solyc02g091150.3	1	0
Solyc03g013220.1	1	0
Solyc01g161430.1	1	0
Solyc01g056280.4	1	0
Solyc02g160380.1	1	0
Solyc01g010840.1	1	0
Solyc03g013230.1	1	0
Solyc01g056285.1	1.0	0
Solyc02g030090.1	1	0
Solyc01g161440.1	1	0
Solyc02g160390.1	1	0
Solyc01g161450.1	1	0
Solyc02g160410.1	1	0
Solyc01g161460.1	1	0
Solyc02g160420.1	1	0
Solyc01g109580.5	1.0	0
Solyc01g161480.1	1	0
Solyc02g160430.1	1	0
Solyc03g013260.3	1	0
Solyc01g161490.1	1	0
Solyc01g161500.1	1	0
Solyc02g160440.1	1	0
Solyc01g161510.1	1	0
Solyc02g160450.1	1	0
Solyc01g161520.1	1	0
Solyc01g161540.1	1	0
Solyc02g030190.1	1	0
Solyc02g062840.1	1	0
Solyc01g161560.1	1	0
Solyc02g160480.1	1	0
Solyc02g160490.1	1	0
Solyc03g013310.3	1	0
Solyc02g030240.1	1	0
Solyc02g160500.1	1	0
Solyc01g161590.1	1	0
Solyc00g500033.1	1.0	0
Solyc02g160510.1	1	0
Solyc01g161600.1	1	0
Solyc02g030247.1	1	0
Solyc01g161610.1	1	0
Solyc03g013330.1	1	0
Solyc01g056460.1	1	0
Solyc01g161620.1	1	0
Solyc02g160530.1	1	0
Solyc01g161630.1	1	0
Solyc02g160540.1	1	0
Solyc01g161640.1	1	0
Solyc02g160550.1	1	0
Solyc02g160560.1	1	0
Solyc03g013370.1	1	0
Solyc02g030317.1	1	0
Solyc02g030330.1	1	0
Solyc01g011070.1	1	0
Solyc02g160570.1	1	0
Solyc02g062957.2	1	0
Solyc01g161660.1	1	0
Solyc03g013380.1	1	0
Solyc02g030340.1	1	0
Solyc02g160580.1	1	0
Solyc02g160590.1	1	0
Solyc01g067960.1	1	0
Solyc02g160600.1	1	0
Solyc02g160610.1	1	0
Solyc01g011115.1	1	0
Solyc03g013450.3	1	0
Solyc01g161690.1	1	0
Solyc01g011117.1	1	0
Solyc02g160620.1	1	0
Solyc03g013455.2	1	0
Solyc01g011150.2	1	0
Solyc01g161700.1	1	0
Solyc01g067990.1	1	0
Solyc02g030420.1	1	0
Solyc02g160630.1	1	0
Solyc02g077800.2	1	0
Solyc02g030430.1	1	0
Solyc03g013460.1	1	0
Solyc01g161710.1	1	0
Solyc02g063030.4	1.0	0
Solyc02g077810.1	1	0
Solyc03g013470.1	1	0
Solyc01g161720.1	1	0
Solyc03g013480.1	1	0
Solyc01g161730.1	1	0
Solyc02g160650.1	1	0
Solyc02g030461.2	1	0
Solyc01g161740.1	1	0
Solyc01g161750.1	1	0
Solyc01g056640.1	1	0
Solyc03g013500.1	1	0
Solyc02g082390.1	1	0
Solyc01g056650.1	1	0
Solyc01g011260.1	1	0
Solyc03g013510.1	1	0
Solyc02g160680.1	1	0
Solyc03g013610.1	1	0
Solyc01g161770.1	1	0
Solyc02g063110.1	1	0
Solyc02g086990.4	1.0	0
Solyc03g013620.1	1.0	0
Solyc02g069250.5	1.0	0
Solyc01g011300.1	1	0
Solyc02g160700.1	1	0
Solyc01g161790.1	1	0
Solyc02g160710.1	1	0
Solyc02g160730.1	1	0
Solyc02g160750.1	1	0
Solyc02g030527.1	1	0
Solyc02g160760.1	1	0
Solyc01g011390.2	1	0
Solyc02g069320.1	1.0	0
Solyc02g030550.1	1	0
Solyc02g160780.1	1	0
Solyc01g011400.2	1	0
Solyc02g030560.1	1	0
Solyc01g161850.1	1	0
Solyc02g030565.1	1	0
Solyc02g030580.1	1	0
Solyc02g030590.1	1	0
Solyc02g069360.1	1	0
Solyc01g161870.1	1	0
Solyc01g011417.1	1	0
Solyc02g030600.3	1	0
Solyc01g161880.1	1	0
Solyc01g161890.1	1	0
Solyc01g161900.1	1	0
Solyc02g160830.1	1	0
Solyc01g161910.1	1	0
Solyc02g160840.1	1	0
Solyc02g087090.4	1.0	0
Solyc02g030625.2	1	0
Solyc01g011435.1	1	0
Solyc02g160850.1	1	0
Solyc01g056840.1	1	0
Solyc02g160860.1	1	0
Solyc01g161930.1	1	0
Solyc02g160870.1	1	0
Solyc01g161950.1	1	0
Solyc02g160890.1	1	0
Solyc01g161960.1	1	0
Solyc02g030650.1	1	0
Solyc01g011480.1	1	0
Solyc02g030660.3	1	0
Solyc02g160910.1	1	0
Solyc01g161980.1	1	0
Solyc02g160920.1	1	0
Solyc02g069420.5	1.0	0
Solyc01g011500.1	1	0
Solyc01g162000.1	1	0
Solyc02g078040.3	1.0	0
Solyc02g160940.1	1	0
Solyc01g011520.2	1	0
Solyc02g160960.1	1	0
Solyc01g162020.1	1	0
Solyc01g011540.1	1	0
Solyc01g162030.1	1	0
Solyc01g012540.1	1	0
Solyc01g056950.1	1	0
Solyc01g012550.1	1	0
Solyc01g162040.1	1	0
Solyc01g012560.1	1	0
Solyc01g056960.1	1	0
Solyc02g031755.1	1	0
Solyc01g162050.1	1	0
Solyc01g162060.1	1	0
Solyc02g063340.1	1	0
Solyc01g012610.1	1	0
Solyc01g012650.1	1	0
Solyc01g012670.3	1	0
Solyc02g031800.1	1	0
Solyc02g082670.3	1.0	0
Solyc01g012680.1	1	0
Solyc01g162080.1	1	0
Solyc02g031810.1	1	0
Solyc02g161050.1	1	0
Solyc02g161060.1	1	0
Solyc01g012720.1	1	0
Solyc01g012730.1	1	0
Solyc01g057010.1	1	0
Solyc01g012740.1	1	0
Solyc01g105590.2	1	0
Solyc01g162110.1	1	0
Solyc02g161090.1	1	0
Solyc01g013760.1	1	0
Solyc01g162120.1	1	0
Solyc01g013780.1	1	0
Solyc01g013790.1	1	0
Solyc01g013810.1	1	0
Solyc01g013820.1	1	0
Solyc02g087250.4	1.0	0
Solyc01g013840.1	1	0
Solyc01g057110.1	1	0
Solyc01g013850.1	1	0
Solyc02g161130.1	1	0
Solyc02g031920.4	1.0	0
Solyc01g057117.1	1	0
Solyc01g013860.1	1	0
Solyc01g013870.1	1	0
Solyc01g110060.3	1.0	0
Solyc01g057130.1	1	0
Solyc01g013880.1	1	0
Solyc01g105660.4	1.0	0
Solyc01g095360.2	1.0	0
Solyc02g161170.1	1	0
Solyc01g057140.1	1	0
Solyc01g162170.1	1	0
Solyc02g161190.1	1	0
Solyc02g031950.3	1.0	0
Solyc01g162180.1	1	0
Solyc01g057160.1	1	0
Solyc01g162190.1	1	0
Solyc01g057180.2	1	0
Solyc01g162200.1	1	0
Solyc01g013910.1	1	0
Solyc02g161230.1	1	0
Solyc01g057190.1	1	0
Solyc01g013920.1	1	0
Solyc01g013930.1	1	0
Solyc01g162230.1	1	0
Solyc02g082780.1	1	0
Solyc01g013970.1	1	0
Solyc01g162250.1	1	0
Solyc01g013975.1	1	0
Solyc02g032010.1	1	0
Solyc01g013980.1	1	0
Solyc01g162270.1	1	0
Solyc02g069700.1	1.0	0
Solyc01g162280.1	1	0
Solyc01g013985.1	1	0
Solyc01g162290.1	1	0
Solyc01g013990.1	1	0
Solyc02g161300.1	1.0	0
Solyc01g013995.2	1	0
Solyc02g032040.1	1	0
Solyc01g014000.1	1	0
Solyc01g162330.1	1	0
Solyc01g014020.1	1	0
Solyc01g162340.1	1	0
Solyc01g014060.3	1	0
Solyc01g014065.2	1	0
Solyc01g162360.1	1	0
Solyc01g162370.1	1	0
Solyc01g014090.1	1	0
Solyc02g032130.1	1	0
Solyc01g162380.1	1	0
Solyc01g162390.1	1	0
Solyc02g082870.5	1.0	0
Solyc02g078430.3	1	0
Solyc01g087830.1	1.0	0
Solyc01g014130.3	1	0
Solyc01g162400.1	1	0
Solyc02g032150.1	1	0
Solyc01g162410.1	1	0
Solyc02g032155.2	1	0
Solyc02g032160.1	1	0
Solyc01g057390.2	1.0	0
Solyc01g014170.1	1	0
Solyc02g032173.2	1	0
Solyc01g162430.1	1	0
Solyc02g161380.1	1	0
Solyc02g032180.3	1	0
Solyc02g161390.1	1	0
Solyc01g162440.1	1	0
Solyc02g161400.1	1	0
Solyc01g057410.1	1	0
Solyc02g032185.1	1	0
Solyc01g162450.1	1	0
Solyc01g014240.1	1	0
Solyc02g161410.1	1	0
Solyc01g057420.1	1	0
Solyc02g032190.1	1	0
Solyc01g014260.1	1	0
Solyc01g162460.1	1	0
Solyc02g032200.4	1.0	0
Solyc02g161430.1	1	0
Solyc01g006270.2	1	0
Solyc01g162480.1	1	0
Solyc02g032220.1	1	0
Solyc01g068490.5	1.0	0
Solyc02g032230.1	1	0
Solyc01g162490.1	1	0
Solyc01g057470.1	1	0
Solyc01g162500.1	1	0
Solyc02g161450.1	1	0
Solyc01g006310.3	1.0	0
Solyc02g032250.1	1	0
Solyc02g032260.1	1	0
Solyc01g057525.2	1	0
Solyc01g057530.1	1	0
Solyc02g032290.1	1	0
Solyc02g087520.3	1.0	0
Solyc01g014350.1	1	0
Solyc01g057585.1	1	0
Solyc02g064780.1	1	0
Solyc02g032310.1	1	0
Solyc03g025190.4	1.0	0
Solyc02g161490.1	1	0
Solyc02g032320.1	1	0
Solyc01g057610.1	1	0
Solyc02g161500.1	1	0
Solyc01g014360.1	1	0
Solyc02g032350.1	1	0
Solyc02g161510.1	1	0
Solyc02g161520.1	1	0
Solyc01g057670.1	1	0
Solyc01g057675.1	1	0
Solyc02g161530.1	1.0	0
Solyc01g162570.1	1	0
Solyc01g014370.2	1	0
Solyc01g057690.3	1	0
Solyc01g162580.1	1	0
Solyc02g064840.1	1	0
Solyc01g162590.1	1	0
Solyc01g057703.1	1	0
Solyc01g057705.1	1	0
Solyc02g064850.2	1	0
Solyc02g161550.1	1.0	0
Solyc01g014410.1	1	0
Solyc01g057710.2	1	0
Solyc01g014420.1	1	0
Solyc02g161560.1	1	0
Solyc02g032530.3	1	0
Solyc01g014430.1	1	0
Solyc01g014450.1	1	0
Solyc02g161570.1	1	0
Solyc02g064870.1	1	0
Solyc02g064880.1	1	0
Solyc02g032553.2	1	0
Solyc02g064890.1	1	0
Solyc02g032555.2	1	0
Solyc01g095820.2	1	0
Solyc02g032560.3	1.0	0
Solyc02g078680.1	1	0
Solyc01g095840.2	1	0
Solyc02g064920.1	1	0
Solyc01g095850.1	1	0
Solyc02g032585.2	1	0
Solyc01g162640.1	1	0
Solyc01g014534.2	1	0
Solyc01g014540.3	1	0
Solyc01g162650.1	1	0
Solyc01g014550.3	1	0
Solyc02g161610.1	1.0	0
Solyc01g014561.2	1	0
Solyc01g014562.2	1	0
Solyc01g095880.1	1	0
Solyc02g161630.1	1	0
Solyc02g032620.1	1	0
Solyc02g032630.2	1	0
Solyc03g004003.1	1	0
Solyc01g014623.2	1	0
Solyc00g500126.1	1.0	0
Solyc01g057890.2	1	0
Solyc01g014640.1	1	0
Solyc01g162700.1	1	0
Solyc01g014647.2	1	0
Solyc02g032670.1	1	0
Solyc01g014650.1	1	0
Solyc01g057903.1	1	0
Solyc02g032680.2	1	0
Solyc01g014655.2	1	0
Solyc01g057907.2	1	0
Solyc02g032685.2	1	0
Solyc02g078770.1	1	0
Solyc01g014680.1	1	0
Solyc01g095905.1	1	0
Solyc02g070055.2	1	0
Solyc01g057920.1	1	0
Solyc02g032695.2	1	0
Solyc01g014690.2	1	0
Solyc01g057940.1	1	0
Solyc02g032710.2	1	0
Solyc01g162740.1	1	0
Solyc02g032720.3	1	0
Solyc01g057990.1	1	0
Solyc02g032740.1	1	0
Solyc02g032760.1	1	0
Solyc02g032770.1	1	0
Solyc01g088240.5	1.0	0
Solyc02g070140.1	1	0
Solyc01g014760.1	1	0
Solyc02g032810.1	1	0
Solyc01g014800.1	1	0
Solyc01g162800.1	1	0
Solyc01g058070.1	1	0
Solyc01g162810.1	1	0
Solyc01g058120.1	1	0
Solyc02g032845.1	1	0
Solyc01g058130.1	1	0
Solyc01g162840.1	1	0
Solyc02g065114.1	1	0
Solyc01g162860.1	1	0
Solyc01g162880.1	1	0
Solyc02g065140.1	1	0
Solyc01g014910.2	1	0
Solyc01g162900.1	1.0	0
Solyc01g006640.1	1	0
Solyc02g065160.2	1.0	0
Solyc01g162910.1	1	0
Solyc01g014940.2	1	0
Solyc01g162930.1	1	0
Solyc01g073930.3	1.0	0
Solyc01g162940.1	1	0
Solyc01g162950.1	1	0
Solyc01g162960.1	1	0
Solyc01g014970.1	1	0
Solyc01g058240.1	1	0
Solyc02g083320.3	1.0	0
Solyc01g162980.1	1	0
Solyc01g162990.1	1	0
Solyc02g087890.4	1.0	0
Solyc01g163000.1	1	0
Solyc01g163010.1	1	0
Solyc01g163020.1	1	0
Solyc01g058327.2	1	0
Solyc01g163070.1	1	0
Solyc01g163080.1	1	0
Solyc01g163090.1	1	0
Solyc01g163100.1	1	0
Solyc01g163110.1	1	0
Solyc01g015060.1	1	0
Solyc01g006750.2	1	0
Solyc01g163120.1	1	0
Solyc01g058385.1	1	0
Solyc01g015080.3	1	0
Solyc01g163130.1	1	0
Solyc02g032990.1	1	0
Solyc01g015130.1	1	0
Solyc01g015180.1	1	0
Solyc01g015200.1	1	0
Solyc02g033010.2	1	0
Solyc01g015210.1	1	0
Solyc02g033020.1	1	0
Solyc01g015250.1	1	0
Solyc01g015280.1	1	0
Solyc01g163160.1	1	0
Solyc01g015290.1	1	0
Solyc01g163170.1	1	0
Solyc01g015297.1	1	0
Solyc01g016300.1	1	0
Solyc01g016350.1	1	0
Solyc02g033080.2	1	0
Solyc01g058530.4	1.0	0
Solyc01g163200.1	1	0
Solyc02g033100.3	1	0
Solyc02g088020.1	1	0
Solyc00g500159.1	1	0
Solyc02g033115.2	1	0
Solyc02g065470.1	1.0	0
Solyc02g033120.4	1	0
Solyc00g500162.1	1	0
Solyc02g036130.3	1	0
Solyc01g163230.1	1	0
Solyc01g088635.1	1	0
Solyc02g083520.3	1.0	0
Solyc02g036140.1	1	0
Solyc01g016450.1	1	0
Solyc01g079100.3	1.0	0
Solyc02g036160.1	1	0
Solyc00g500165.1	1	0
Solyc03g005370.1	1	0
Solyc02g036170.3	1	0
Solyc01g016530.1	1	0
Solyc02g083550.2	1.0	0
Solyc01g016580.1	1	0
Solyc02g005000.1	1	0
Solyc01g016590.1	1	0
Solyc02g036190.1	1	0
Solyc01g016600.2	1	0
Solyc01g058680.3	1	0
Solyc01g058690.1	1	0
Solyc02g036200.1	1	0
Solyc01g058700.1	1	0
Solyc01g016640.3	1	0
Solyc01g016660.1	1	0
Solyc02g005100.2	1	0
Solyc03g005440.3	1.0	0
Solyc01g016680.3	1	0
Solyc00g500174.1	1	0
Solyc01g058740.2	1	0
Solyc01g016690.1	1	0
Solyc01g059740.1	1	0
Solyc02g083600.4	1.0	0
Solyc01g059760.4	1.0	0
Solyc01g016760.1	1	0
Solyc01g016770.1	1	0
Solyc01g111290.1	1	0
Solyc00g500178.1	1	0
Solyc01g016780.1	1	0
Solyc02g079230.3	1.0	0
Solyc01g016790.1	1	0
Solyc01g016800.2	1	0
Solyc01g059810.1	1	0
Solyc01g016830.1	1	0
Solyc01g059820.1	1	0
Solyc01g016840.1	1	0
Solyc02g005300.1	1	0
Solyc01g006997.2	1	0
Solyc01g016870.1	1	0
Solyc01g016880.1	1	0
Solyc01g059850.3	1	0
Solyc01g016890.1	1	0
Solyc01g016900.1	1	0
Solyc01g016910.1	1	0
Solyc01g016920.2	1	0
Solyc01g016930.1	1	0
Solyc02g005330.1	1	0
Solyc01g106700.3	1.0	0
Solyc01g059886.2	1	0
Solyc02g036310.4	1.0	0
Solyc01g059888.2	1	0
Solyc02g088230.3	1.0	0
Solyc02g092690.1	1	0
Solyc02g005395.2	1	0
Solyc02g005400.3	1	0
Solyc02g005410.4	1	0
Solyc03g005720.3	1.0	0
Solyc02g079350.3	1.0	0
Solyc02g005440.2	1	0
Solyc02g065753.1	1	0
Solyc01g106850.1	1	0
Solyc02g005500.1	1	0
Solyc01g007240.3	1	0
Solyc02g036480.1	1.0	0
Solyc02g088360.1	1.0	0
Solyc01g060047.2	1	0
Solyc03g059020.3	1.0	0
Solyc01g111590.5	1.0	0
Solyc01g102420.1	1.0	0
Solyc02g066840.3	1	0
Solyc00g500215.1	1	0
Solyc02g066850.1	1	0
Solyc02g066860.3	1	0
Solyc02g066905.2	1	0
Solyc03g059203.1	1	0
Solyc01g090140.3	1	0
Solyc02g092960.1	1.0	0
Solyc00g500229.1	1	0
Solyc00g500230.1	1	0
Solyc01g107060.2	1	0
Solyc00g500232.1	1	0
Solyc00g500233.1	1	0
Solyc03g059290.1	1	0
Solyc03g059300.1	1	0
Solyc01g102630.4	1.0	0
Solyc02g084085.1	1	0
Solyc02g079670.1	1	0
Solyc03g059370.1	1	0
Solyc03g098360.2	1	0
Solyc02g084110.1	1	0
Solyc01g107130.4	1.0	0
Solyc03g031930.1	1	0
Solyc03g026373.1	1	0
Solyc03g059395.1	1	0
Solyc03g026375.1	1	0
Solyc03g026400.3	1	0
Solyc03g031960.2	1	0
Solyc03g026412.1	1	0
Solyc03g026413.2	1	0
Solyc02g084200.3	1.0	0
Solyc03g026415.2	1	0
Solyc03g060520.1	1	0
Solyc03g061580.1	1	0
Solyc03g098520.1	1	0
Solyc03g026418.1	1	0
Solyc03g031410.1	1	0
Solyc01g107230.2	1	0
Solyc03g061630.1	1	0
Solyc03g119340.3	1.0	0
Solyc03g083900.4	1.0	0
Solyc03g160170.1	1	0
Solyc03g160180.1	1	0
Solyc03g160190.1	1	0
Solyc02g093190.3	1.0	0
Solyc03g160200.1	1	0
Solyc02g088810.1	1	0
Solyc03g083930.1	1	0
Solyc03g031500.1	1	0
Solyc01g079950.4	1.0	0
Solyc03g083991.1	1	0
Solyc02g079900.1	1	0
Solyc03g062750.1	1	0
Solyc03g031550.1	1	0
Solyc03g160290.1	1	0
Solyc03g032243.2	1	0
Solyc04g050205.2	1	0
Solyc03g160310.1	1	0
Solyc04g050210.1	1	0
Solyc03g062800.1	1	0
Solyc03g062810.1	1	0
Solyc03g160330.1	1	0
Solyc04g050260.1	1	0
Solyc03g160350.1	1	0
Solyc03g160360.1	1	0
Solyc04g050320.1	1	0
Solyc04g050330.3	1	0
Solyc03g160390.1	1	0
Solyc04g050340.3	1	0
Solyc03g160400.1	1	0
Solyc03g160420.1	1	0
Solyc01g107530.1	1	0
Solyc01g090520.3	1	0
Solyc03g033380.3	1.0	0
Solyc03g115160.3	1.0	0
Solyc03g098770.1	1	0
Solyc01g090527.1	1	0
Solyc03g093050.1	1	0
Solyc01g107570.1	1	0
Solyc03g093055.1	1	0
Solyc04g050430.1	1	0
Solyc03g033430.1	1	0
Solyc03g063020.1	1	0
Solyc03g160500.1	1	0
Solyc04g162540.1	1	0
Solyc04g016595.1	1	0
Solyc04g162550.1	1	0
Solyc03g160510.1	1	0
Solyc04g017590.1	1	0
Solyc04g162560.1	1	0
Solyc03g119723.1	1.0	0
Solyc04g162580.1	1	0
Solyc03g110840.3	1	0
Solyc04g162590.1	1	0
Solyc03g033470.3	1.0	0
Solyc04g050495.2	1	0
Solyc04g162610.1	1	0
Solyc03g160540.1	1	0
Solyc03g063070.1	1	0
Solyc03g160550.1	1	0
Solyc03g160560.1	1	0
Solyc03g160570.1	1	0
Solyc03g160580.1	1	0
Solyc01g008425.1	1	0
Solyc03g160590.1	1	0
Solyc03g160600.1	1	0
Solyc03g160610.1	1	0
Solyc05g032640.1	1	0
Solyc03g115270.3	1	0
Solyc03g160620.1	1	0
Solyc03g160630.1	1	0
Solyc04g064954.1	1	0
Solyc03g160640.1	1	0
Solyc03g160650.1	1	0
Solyc03g160660.1	1	0
Solyc03g160670.1	1	0
Solyc03g160680.1	1	0
Solyc03g160690.1	1	0
Solyc03g115300.2	1	0
Solyc03g033570.1	1	0
Solyc05g015090.1	1	0
Solyc03g160700.1	1	0
Solyc05g009515.2	1	0
Solyc03g160710.1	1	0
Solyc05g015093.2	1	0
Solyc03g160720.1	1	0
Solyc03g063166.2	1	0
Solyc03g160740.1	1	0
Solyc04g162690.1	1	0
Solyc05g051825.1	1	0
Solyc03g160750.1	1	0
Solyc04g050623.1	1	0
Solyc03g160760.1	1	0
Solyc05g032730.1	1	0
Solyc03g160770.1	1	0
Solyc05g032740.1	1	0
Solyc03g160780.1	1	0
Solyc04g050670.1	1	0
Solyc04g162710.1	1	0
Solyc03g160790.1	1	0
Solyc03g160800.1	1	0
Solyc04g017770.1	1	0
Solyc04g162720.1	1	0
Solyc04g017780.3	1	0
Solyc04g017790.1	1	0
Solyc04g017800.1	1	0
Solyc03g063250.1	1	0
Solyc04g017830.3	1	0
Solyc03g160830.1	1	0
Solyc04g017840.1	1	0
Solyc05g032840.1	1	0
Solyc03g160840.1	1	0
Solyc03g160850.1	1	0
Solyc04g017860.1	1	0
Solyc05g015260.1	1	0
Solyc03g160860.1	1	0
Solyc05g015270.1	1	0
Solyc04g017870.1	1	0
Solyc03g160870.1	1	0
Solyc03g033695.2	1	0
Solyc05g015280.3	1	0
Solyc03g033700.1	1	0
Solyc03g063300.1	1	0
Solyc03g063310.1	1	0
Solyc03g160890.1	1	0
Solyc04g017880.1	1	0
Solyc03g160900.1	1	0
Solyc05g051940.3	1	0
Solyc03g160910.1	1	0
Solyc04g050822.1	1	0
Solyc04g017890.3	1	0
Solyc04g050824.1	1	0
Solyc05g039970.1	1	0
Solyc04g017900.1	1	0
Solyc05g040000.1	1	0
Solyc03g160930.1	1	0
Solyc04g017910.1	1	0
Solyc05g040010.3	1	0
Solyc05g040020.2	1	0
Solyc03g160950.1	1	0
Solyc04g017920.1	1	0
Solyc03g160960.1	1	0
Solyc05g040030.1	1	0
Solyc04g017925.2	1	0
Solyc03g160970.1	1	0
Solyc03g063353.1	1	0
Solyc03g160980.1	1	0
Solyc04g017930.1	1	0
Solyc04g050890.1	1	0
Solyc03g160990.1	1	0
Solyc03g161000.1	1	0
Solyc04g017940.4	1	0
Solyc04g017945.2	1	0
Solyc03g161020.1	1	0
Solyc03g161030.1	1	0
Solyc04g017950.1	1	0
Solyc04g009310.5	1.0	0
Solyc05g150101.1	1	0
Solyc04g017960.3	1	0
Solyc03g161050.1	1	0
Solyc03g161060.1	1	0
Solyc04g017980.2	1	0
Solyc04g077530.1	1	0
Solyc03g161070.1	1	0
Solyc05g015430.1	1	0
Solyc04g018000.3	1	0
Solyc03g161080.1	1	0
Solyc04g071200.3	1	0
Solyc03g161090.1	1	0
Solyc04g018005.1	1	0
Solyc04g071210.1	1	0
Solyc05g041100.4	1	0
Solyc04g050970.3	1	0
Solyc03g033880.1	1	0
Solyc04g071220.1	1	0
Solyc04g077540.4	1.0	0
Solyc04g018010.1	1	0
Solyc04g050980.1	1	0
Solyc03g033890.1	1	0
Solyc04g071230.3	1	0
Solyc04g077550.1	1	0
Solyc03g161110.1	1	0
Solyc04g018030.1	1	0
Solyc05g150107.1	1	0
Solyc03g093390.4	1.0	0
Solyc05g041113.1	1	0
Solyc05g150108.2	1	0
Solyc04g018040.1	1	0
Solyc04g071250.1	1	0
Solyc04g018050.1	1	0
Solyc03g161130.1	1	0
Solyc04g071265.2	1	0
Solyc05g015477.1	1	0
Solyc04g051040.1	1	0
Solyc05g150113.1	1	0
Solyc03g161140.1	1	0
Solyc03g033940.1	1	0
Solyc03g161150.1	1	0
Solyc04g051070.1	1	0
Solyc03g063490.1	1	0
Solyc03g161160.1	1	0
Solyc03g161170.1	1	0
Solyc05g041160.3	1	0
Solyc03g161180.1	1	0
Solyc03g161190.1	1	0
Solyc05g041170.3	1	0
Solyc03g063520.1	1	0
Solyc04g051090.2	1	0
Solyc04g071295.1	1	0
Solyc03g063530.1	1	0
Solyc06g007420.1	1	0
Solyc03g161210.1	1	0
Solyc05g041210.1	1	0
Solyc03g161220.1	1	0
Solyc03g161230.1	1	0
Solyc03g063563.2	1	0
Solyc03g161240.1	1	0
Solyc03g063567.2	1	0
Solyc05g041230.1	1	0
Solyc04g018160.1	1	0
Solyc03g161260.1	1	0
Solyc04g077700.1	1	0
Solyc03g111340.4	1.0	0
Solyc03g161270.1	1	0
Solyc04g077710.3	1	0
Solyc05g015534.1	1	0
Solyc05g041260.1	1	0
Solyc03g034060.4	1.0	0
Solyc05g041270.1	1	0
Solyc04g018197.2	1	0
Solyc05g041280.1	1	0
Solyc03g161300.1	1	0
Solyc05g150125.2	1	0
Solyc05g041300.3	1	0
Solyc03g161310.1	1	0
Solyc04g018210.1	1	0
Solyc05g041310.1	1	0
Solyc03g161320.1	1	0
Solyc04g018250.1	1	0
Solyc03g161330.1	1	0
Solyc04g051187.1	1.0	0
Solyc05g041320.2	1	0
Solyc03g161340.1	1	0
Solyc05g015550.2	1	0
Solyc06g007497.1	1	0
Solyc03g161360.1	1	0
Solyc04g051210.2	1	0
Solyc04g018300.1	1	0
Solyc05g041350.1	1	0
Solyc04g071370.1	1	0
Solyc05g041370.1	1	0
Solyc03g161380.1	1	0
Solyc05g015570.1	1	0
Solyc04g071390.2	1	0
Solyc03g161390.1	1	0
Solyc03g161400.1	1	0
Solyc05g015590.1	1	0
Solyc03g161420.1	1	0
Solyc03g161430.1	1	0
Solyc04g051242.1	1	0
Solyc05g015600.1	1	0
Solyc04g024380.1	1	0
Solyc04g051270.2	1	0
Solyc04g051275.2	1	0
Solyc04g024410.2	1	0
Solyc05g041510.1	1	0
Solyc03g161460.1	1.0	0
Solyc05g041520.1	1	0
Solyc03g161470.1	1	0
Solyc05g005400.2	1	0
Solyc03g093613.2	1	0
Solyc05g005410.1	1	0
Solyc03g093617.1	1	0
Solyc03g063780.1	1	0
Solyc05g005420.3	1	0
Solyc04g024450.1	1	0
Solyc05g150140.1	1	0
Solyc03g063850.1	1	0
Solyc05g005430.2	1	0
Solyc04g051320.1	1	0
Solyc03g063860.1	1	0
Solyc04g051330.1	1	0
Solyc05g041590.4	1.0	0
Solyc05g150142.1	1	0
Solyc05g041610.3	1	0
Solyc03g161530.1	1	0
Solyc03g034260.1	1	0
Solyc05g041620.3	1	0
Solyc03g161540.1	1	0
Solyc05g041625.1	1	0
Solyc05g015690.1	1	0
Solyc05g041640.3	1	0
Solyc04g051397.2	1	0
Solyc05g015700.1	1.0	0
Solyc05g041650.1	1	0
Solyc04g024550.1	1	0
Solyc05g041660.1	1	0
Solyc03g064020.3	1.0	0
Solyc03g161570.1	1	0
Solyc05g041670.3	1	0
Solyc03g161580.1	1	0
Solyc04g024580.3	1	0
Solyc03g064043.2	1	0
Solyc03g034336.2	1	0
Solyc05g041690.3	1	0
Solyc03g065060.1	1	0
Solyc03g093720.3	1	0
Solyc03g065150.1	1	0
Solyc03g093730.1	1	0
Solyc03g115820.3	1.0	0
Solyc05g015730.1	1.0	0
Solyc03g161600.1	1	0
Solyc04g024600.1	1	0
Solyc05g041710.3	1	0
Solyc03g161610.1	1	0
Solyc05g041720.2	1	0
Solyc05g041730.1	1	0
Solyc05g160010.1	1	0
Solyc05g160020.1	1	0
Solyc05g015770.1	1	0
Solyc05g041760.1	1	0
Solyc04g024690.1	1	0
Solyc05g160040.1	1	0
Solyc05g015795.2	1	0
Solyc04g009680.2	1	0
Solyc03g115910.3	1.0	0
Solyc03g161660.1	1	0
Solyc04g024720.1	1	0
Solyc05g160060.1	1	0
Solyc05g015810.3	1	0
Solyc03g093810.1	1	0
Solyc03g065310.1	1	0
Solyc04g009690.2	1.0	0
Solyc03g065330.1	1	0
Solyc03g161680.1	1	0
Solyc04g024740.1	1	0
Solyc05g041940.1	1	0
Solyc04g024750.1	1	0
Solyc05g041950.1	1	0
Solyc03g161700.1	1	0
Solyc03g065350.3	1	0
Solyc05g015825.1	1	0
Solyc05g041960.1	1	0
Solyc03g115970.2	1.0	0
Solyc05g041970.1	1	0
Solyc03g065353.1	1	0
Solyc03g065357.1	1	0
Solyc03g161730.1	1	0
Solyc05g010203.2	1	0
Solyc05g160110.1	1	0
Solyc03g161740.1	1	0
Solyc03g115990.3	1.0	0
Solyc05g042020.1	1	0
Solyc03g043577.2	1	0
Solyc03g043580.3	1	0
Solyc03g070400.3	1	0
Solyc05g160130.1	1	0
Solyc04g024920.1	1	0
Solyc05g015870.1	1	0
Solyc03g070420.1	1	0
Solyc03g161770.1	1	0
Solyc05g160150.1	1	0
Solyc03g161780.1	1	0
Solyc03g161790.1	1	0
Solyc03g070450.1	1	0
Solyc03g070460.1	1	0
Solyc04g024970.1	1	0
Solyc05g160170.1	1	0
Solyc04g024980.3	1	0
Solyc04g004005.1	1	0
Solyc04g024990.3	1	0
Solyc05g160180.1	1	0
Solyc04g025000.2	1	0
Solyc05g042100.1	1	0
Solyc05g160190.1	1	0
Solyc03g070480.1	1	0
Solyc05g042110.1	1	0
Solyc04g025030.1	1	0
Solyc03g071480.1	1	0
Solyc03g116090.2	1	0
Solyc04g025050.1	1	0
Solyc03g071490.1	1	0
Solyc04g025060.1	1	0
Solyc04g025070.1	1	0
Solyc03g071500.1	1	0
Solyc04g078180.1	1	0
Solyc05g160220.1	1	0
Solyc04g025080.1	1	0
Solyc03g071530.1	1	0
Solyc04g025090.1	1	0
Solyc05g160230.1	1	0
Solyc03g071540.1	1	0
Solyc05g016010.2	1	0
Solyc03g094010.3	1.0	0
Solyc05g160240.1	1	0
Solyc04g025110.1	1	0
Solyc04g025117.2	1	0
Solyc05g016037.2	1	0
Solyc05g042181.2	1	0
Solyc03g111870.3	1.0	0
Solyc04g025125.1	1	0
Solyc05g010440.2	1.0	0
Solyc05g016070.2	1	0
Solyc03g071610.1	1	0
Solyc05g043210.3	1	0
Solyc04g071850.1	1	0
Solyc05g016160.1	1	0
Solyc05g043220.2	1	0
Solyc04g051768.2	1.0	0
Solyc05g043230.1	1	0
Solyc03g043790.1	1	0
Solyc05g160290.1	1	0
Solyc03g043795.2	1	0
Solyc05g160300.1	1	0
Solyc04g078300.4	1.0	0
Solyc05g160310.1	1	0
Solyc05g043247.1	1	0
Solyc05g160320.1	1	0
Solyc05g160330.1	1	0
Solyc05g160340.1	1	0
Solyc05g160350.1	1	0
Solyc05g043280.2	1	0
Solyc05g010512.1	1	0
Solyc05g160360.1	1	0
Solyc05g043300.1	1	0
Solyc03g094130.1	1	0
Solyc04g078350.1	1	0
Solyc03g094140.1	1	0
Solyc05g016290.1	1	0
Solyc03g094150.1	1	0
Solyc04g078360.1	1.0	0
Solyc03g094155.1	1	0
Solyc05g016300.1	1	0
Solyc04g025283.1	1	0
Solyc05g160410.1	1	0
Solyc05g016305.2	1	0
Solyc05g160420.1	1	0
Solyc05g010560.1	1	0
Solyc05g160430.1	1	0
Solyc05g160440.1	1	0
Solyc05g160450.1	1	0
Solyc03g071760.1	1	0
Solyc05g160460.1	1	0
Solyc05g016340.1	1	0
Solyc05g160470.1	1.0	0
Solyc04g025410.1	1	0
Solyc05g160480.1	1	0
Solyc05g016370.2	1.0	0
Solyc05g160500.1	1	0
Solyc05g160510.1	1	0
Solyc03g071810.1	1	0
Solyc04g071980.3	1.0	0
Solyc05g160520.1	1	0
Solyc03g071820.2	1	0
Solyc05g160540.1	1	0
Solyc03g071830.1	1	0
Solyc03g043990.1	1	0
Solyc04g010130.1	1	0
Solyc05g016430.1	1	0
Solyc05g160550.1	1	0
Solyc03g071840.3	1	0
Solyc05g160560.1	1	0
Solyc05g160570.1	1	0
Solyc04g010150.1	1	0
Solyc05g160580.1	1	0
Solyc04g010160.1	1	0
Solyc05g160590.1	1	0
Solyc04g025490.1	1	0
Solyc03g071855.1	1	0
Solyc05g044510.2	1	0
Solyc04g025500.3	1	0
Solyc05g160600.1	1	0
Solyc05g010720.4	1.0	0
Solyc05g160610.1	1	0
Solyc05g005960.3	1.0	0
Solyc05g010725.1	1.0	0
Solyc03g077880.1	1	0
Solyc03g077890.2	1	0
Solyc05g016490.1	1	0
Solyc05g160630.1	1	0
Solyc03g077900.1	1	0
Solyc06g008240.3	1.0	0
Solyc05g016500.1	1	0
Solyc04g005400.1	1	0
Solyc05g160640.1	1	0
Solyc05g016510.1	1	0
Solyc03g095270.1	1	0
Solyc05g044550.1	1	0
Solyc05g160650.1	1	0
Solyc05g160660.1	1	0
Solyc05g160670.1	1	0
Solyc04g053050.4	1	0
Solyc04g025580.3	1	0
Solyc05g044570.2	1	0
Solyc04g025590.1	1	0
Solyc05g016540.1	1	0
Solyc05g160690.1	1	0
Solyc04g053085.2	1	0
Solyc05g016550.3	1	0
Solyc04g025640.1	1	0
Solyc04g053090.2	1	0
Solyc05g016560.1	1	0
Solyc03g077990.1	1	0
Solyc04g053091.1	1	0
Solyc05g016570.1	1	0
Solyc05g160720.1	1	0
Solyc04g053094.2	1	0
Solyc05g016580.3	1	0
Solyc05g160730.1	1	0
Solyc04g053100.4	1	0
Solyc05g016600.1	1	0
Solyc05g006060.1	1	0
Solyc05g160750.1	1	0
Solyc05g016610.1	1	0
Solyc05g160760.1	1	0
Solyc05g160770.1	1	0
Solyc04g025690.1	1	0
Solyc03g095425.1	1	0
Solyc04g025710.3	1	0
Solyc04g053104.1	1	0
Solyc05g016620.3	1.0	0
Solyc03g095440.1	1	0
Solyc04g053106.2	1	0
Solyc05g016622.2	1	0
Solyc05g160790.1	1	0
Solyc05g016670.1	1	0
Solyc04g025740.2	1	0
Solyc05g160800.1	1	0
Solyc04g053108.1	1	0
Solyc04g150100.1	1	0
Solyc03g044233.2	1	0
Solyc05g160810.1	1	0
Solyc04g011330.1	1	0
Solyc03g044235.1	1	0
Solyc05g160820.1	1	0
Solyc04g053120.3	1.0	0
Solyc03g044237.1	1	0
Solyc03g095515.1	1	0
Solyc05g011840.3	1	0
Solyc03g095520.1	1	0
Solyc03g112230.4	1.0	0
Solyc04g011337.1	1	0
Solyc05g053020.3	1.0	0
Solyc03g095530.1	1	0
Solyc05g160840.1	1	0
Solyc03g095533.1	1	0
Solyc05g045690.1	1	0
Solyc03g116625.1	1	0
Solyc03g120900.3	1.0	0
Solyc04g054143.1	1	0
Solyc04g025790.1	1	0
Solyc05g160850.1	1	0
Solyc05g160860.1	1	0
Solyc04g054153.1	1	0
Solyc04g025840.3	1	0
Solyc05g017730.1	1	0
Solyc05g160870.1	1	0
Solyc05g045710.3	1	0
Solyc04g150106.1	1	0
Solyc05g045720.1	1	0
Solyc06g008410.1	1	0
Solyc05g160890.1	1	0
Solyc04g150107.1	1	0
Solyc03g044280.3	1	0
Solyc05g045760.1	1	0
Solyc05g011910.3	1	0
Solyc05g160910.1	1	0
Solyc05g045770.1	1	0
Solyc04g025910.1	1	0
Solyc03g078130.1	1	0
Solyc05g160930.1	1	0
Solyc03g095660.3	1.0	0
Solyc03g078140.1	1	0
Solyc05g160940.1	1	0
Solyc05g045780.1	1	0
Solyc05g017770.1	1	0
Solyc05g160950.1	1	0
Solyc03g116690.3	1.0	0
Solyc05g045800.1	1	0
Solyc05g017780.1	1	0
Solyc05g160960.1	1	0
Solyc05g006190.2	1	0
Solyc05g045820.1	1	0
Solyc03g078170.1	1	0
Solyc05g045822.1	1	0
Solyc04g025970.1	1	0
Solyc04g150117.1	1	0
Solyc03g078175.2	1	0
Solyc05g045824.1	1	0
Solyc03g078190.1	1	0
Solyc05g160980.1	1.0	0
Solyc04g150124.2	1	0
Solyc05g045828.1	1	0
Solyc05g161000.1	1	0
Solyc06g008550.1	1	0
Solyc04g150125.1	1	0
Solyc05g161010.1	1	0
Solyc05g045850.3	1	0
Solyc05g161020.1	1	0
Solyc04g026040.1	1	0
Solyc05g161030.1	1	0
Solyc04g011490.4	1	0
Solyc04g026050.1	1	0
Solyc05g012060.4	1.0	0
Solyc05g161040.1	1	0
Solyc04g150130.1	1	0
Solyc04g072340.1	1	0
Solyc05g045920.1	1	0
Solyc05g161050.1	1	0
Solyc03g095787.1	1	0
Solyc05g017910.1	1	0
Solyc04g026070.1	1	0
Solyc05g006255.1	1	0
Solyc05g045927.1	1	0
Solyc05g161070.1	1	0
Solyc06g008600.3	1.0	0
Solyc05g006285.1	1	0
Solyc05g161090.1	1	0
Solyc04g026140.1	1	0
Solyc05g161100.1	1	0
Solyc05g045970.2	1	0
Solyc05g006310.3	1	0
Solyc05g161110.1	1	0
Solyc05g018010.3	1	0
Solyc04g150141.1	1	0
Solyc05g045980.1	1	0
Solyc04g072420.1	1.0	0
Solyc05g018020.1	1	0
Solyc04g150142.1	1	0
Solyc03g044540.1	1	0
Solyc05g046000.4	1	0
Solyc04g026160.3	1	0
Solyc05g012150.5	1.0	0
Solyc05g161130.1	1	0
Solyc05g018037.2	1	0
Solyc04g054400.3	1.0	0
Solyc05g161140.1	1	0
Solyc04g026180.1	1	0
Solyc05g012170.3	1	0
Solyc04g005780.1	1.0	0
Solyc05g161150.1	1	0
Solyc05g161160.1	1	0
Solyc05g012173.2	1	0
Solyc05g161170.1	1	0
Solyc06g008680.3	1.0	0
Solyc03g112490.1	1	0
Solyc05g161180.1	1	0
Solyc05g046100.1	1	0
Solyc05g161190.1	1	0
Solyc04g005820.4	1.0	0
Solyc05g161200.1	1	0
Solyc05g161210.1	1	0
Solyc03g116910.3	1.0	0
Solyc03g078470.3	1	0
Solyc04g150155.1	1	0
Solyc03g121200.4	1.0	0
Solyc03g078480.3	1	0
Solyc05g161220.1	1	0
Solyc04g150157.1	1	0
Solyc04g026260.1	1	0
Solyc04g005870.1	1	0
Solyc05g161240.1	1	0
Solyc04g054517.2	1	0
Solyc03g116950.2	1.0	0
Solyc05g161250.1	1	0
Solyc03g044690.1	1	0
Solyc05g018180.3	1.0	0
Solyc03g044700.1	1	0
Solyc05g018185.1	1	0
Solyc04g026310.1	1	0
Solyc03g095973.1	1	0
Solyc03g044740.5	1.0	0
Solyc03g044742.1	1	0
Solyc03g095977.1	1	0
Solyc05g161290.1	1	0
Solyc04g026320.1	1	0
Solyc03g112590.4	1.0	0
Solyc04g026340.3	1	0
Solyc05g161310.1	1	0
Solyc05g161320.1	1	0
Solyc05g161330.1	1	0
Solyc05g053460.1	1	0
Solyc04g054530.1	1.0	0
Solyc04g160030.1	1	0
Solyc03g096020.3	1	0
Solyc04g160040.1	1	0
Solyc04g054535.1	1	0
Solyc04g054537.2	1	0
Solyc05g161360.1	1	0
Solyc04g028390.1	1	0
Solyc04g160050.1	1	0
Solyc04g054650.3	1	0
Solyc05g161370.1	1	0
Solyc04g028410.1	1	0
Solyc04g160060.1	1	0
Solyc04g028440.1	1	0
Solyc04g011760.3	1	0
Solyc04g160070.1	1	0
Solyc04g054682.1	1	0
Solyc04g160080.1	1.0	0
Solyc05g161400.1	1	0
Solyc04g054684.2	1	0
Solyc05g161410.1	1	0
Solyc05g006560.1	1.0	0
Solyc05g161420.1	1	0
Solyc05g161430.1	1	0
Solyc05g046345.2	1	0
Solyc04g160100.1	1	0
Solyc04g054688.2	1	0
Solyc05g161440.1	1	0
Solyc04g160110.1	1	0
Solyc04g160120.1	1	0
Solyc05g046360.3	1.0	0
Solyc05g006600.1	1	0
Solyc05g161460.1	1	0
Solyc05g161470.1	1	0
Solyc05g161480.1	1	0
Solyc04g160160.1	1	0
Solyc05g161490.1	1	0
Solyc04g039690.1	1	0
Solyc05g161500.1	1	0
Solyc05g161510.1	1	0
Solyc04g039700.1	1	0
Solyc05g161520.1	1	0
Solyc04g160190.1	1	0
Solyc05g161540.1	1	0
Solyc05g053630.1	1	0
Solyc05g047430.1	1	0
Solyc05g161550.1	1	0
Solyc04g039740.2	1	0
Solyc04g072730.3	1	0
Solyc05g053640.1	1	0
Solyc03g096200.1	1	0
Solyc05g161560.1	1	0
Solyc04g160220.1	1	0
Solyc05g161570.1	1	0
Solyc05g018430.3	1	0
Solyc05g161580.1	1	0
Solyc05g018440.1	1	0
Solyc05g161600.1	1	0
Solyc05g018450.1	1	0
Solyc04g160250.1	1	0
Solyc04g039770.3	1	0
Solyc03g117170.1	1.0	0
Solyc04g160260.1	1	0
Solyc05g018470.2	1	0
Solyc04g039780.1	1	0
Solyc05g018480.1	1	0
Solyc05g047480.2	1.0	0
Solyc05g047485.1	1	0
Solyc05g018482.1	1	0
Solyc05g161640.1	1	0
Solyc03g112900.3	1.0	0
Solyc04g039800.3	1	0
Solyc05g047495.2	1	0
Solyc04g160300.1	1	0
Solyc03g096280.1	1	0
Solyc05g161660.1	1	0
Solyc04g039820.3	1	0
Solyc05g047510.3	1.0	0
Solyc05g161670.1	1	0
Solyc03g079940.4	1.0	0
Solyc05g018488.1	1	0
Solyc05g161680.1	1	0
Solyc04g160320.1	1	0
Solyc05g161690.1	1	0
Solyc04g012000.1	1	0
Solyc05g161700.1	1	0
Solyc05g161710.1	1	0
Solyc04g160340.1	1	0
Solyc03g079960.5	1.0	0
Solyc03g117240.1	1	0
Solyc04g160350.1	1	0
Solyc05g161720.1	1	0
Solyc04g007243.1	1	0
Solyc03g079970.1	1.0	0
Solyc03g045040.1	1	0
Solyc05g161740.1	1	0
Solyc05g161750.1	1	0
Solyc04g160380.1	1	0
Solyc05g161760.1	1	0
Solyc05g161770.1	1	0
Solyc05g161780.1	1	0
Solyc05g161790.1	1	0
Solyc04g054850.1	1	0
Solyc05g161800.1	1	0
Solyc04g160430.1	1	0
Solyc04g054860.1	1	0
Solyc05g161810.1	1	0
Solyc05g161820.1	1	0
Solyc05g047643.1	1	0
Solyc04g160460.1	1	0
Solyc04g160470.1	1	0
Solyc03g045100.1	1	0
Solyc04g160480.1	1	0
Solyc05g161840.1	1	0
Solyc04g160490.1	1	0
Solyc05g161850.1	1	0
Solyc03g096410.1	1	0
Solyc05g006810.4	1.0	0
Solyc04g160510.1	1	0
Solyc03g096430.1	1	0
Solyc06g009240.4	1.0	0
Solyc05g161870.1	1	0
Solyc04g160520.1	1	0
Solyc03g096433.1	1	0
Solyc04g160530.1	1	0
Solyc05g161880.1	1	0
Solyc03g096440.2	1	0
Solyc04g160540.1	1	0
Solyc05g161890.1	1	0
Solyc04g160550.1	1	0
Solyc04g160560.1	1	0
Solyc04g160570.1	1	0
Solyc03g096520.1	1	0
Solyc05g047712.2	1	0
Solyc04g012200.1	1	0
Solyc05g047713.2	1	0
Solyc04g160590.1	1	0
Solyc05g018740.1	1	0
Solyc04g040040.1	1	0
Solyc05g161920.1	1	0
Solyc05g018742.2	1	0
Solyc03g080130.1	1	0
Solyc05g161930.1	1	0
Solyc05g018744.2	1	0
Solyc04g040053.1	1	0
Solyc05g012760.3	1	0
Solyc03g046205.2	1	0
Solyc04g160610.1	1	0
Solyc05g161940.1	1	0
Solyc04g040057.1	1	0
Solyc04g160620.1	1	0
Solyc05g161950.1	1	0
Solyc04g160630.1	1	0
Solyc05g161960.1	1	0
Solyc03g096600.1	1	0
Solyc05g018780.1	1	0
Solyc05g161970.1	1	0
Solyc05g018790.1	1	0
Solyc05g018800.1	1	0
Solyc04g160650.1	1	0
Solyc04g054970.3	1	0
Solyc04g160660.1	1	0
Solyc03g046280.1	1	0
Solyc03g046290.1	1	0
Solyc05g018830.2	1	0
Solyc05g048790.1	1	0
Solyc03g046300.3	1	0
Solyc04g160680.1	1	0
Solyc05g162010.1	1	0
Solyc03g046310.1	1	0
Solyc04g074040.3	1.0	0
Solyc04g160690.1	1	0
Solyc05g018860.1	1	0
Solyc05g162020.1	1	0
Solyc03g046320.5	1	0
Solyc05g012827.1	1	0
Solyc04g160700.1	1	0
Solyc05g162030.1	1	0
Solyc04g160710.1	1	0
Solyc05g162040.1	1	0
Solyc04g079603.2	1	0
Solyc03g096700.3	1	0
Solyc04g160730.1	1	0
Solyc03g096710.1	1	0
Solyc05g018910.3	1.0	0
Solyc05g054060.3	1.0	0
Solyc04g160750.1	1	0
Solyc04g014310.1	1	0
Solyc05g020000.1	1	0
Solyc05g162080.1	1	0
Solyc03g113240.3	1.0	0
Solyc05g012880.2	1	0
Solyc04g045320.1	1	0
Solyc05g162100.1	1	0
Solyc04g160770.1	1	0
Solyc04g045330.2	1	0
Solyc05g162110.1	1	0
Solyc05g162120.1	1	0
Solyc04g160780.1	1	0
Solyc05g007040.2	1	0
Solyc05g021070.3	1	0
Solyc04g014340.1	1	0
Solyc04g045390.1	1	0
Solyc03g046430.1	1	0
Solyc03g096810.3	1.0	0
Solyc05g021073.2	1	0
Solyc04g045420.1	1	0
Solyc04g045450.1	1	0
Solyc05g021140.1	1	0
Solyc05g162170.1	1.0	0
Solyc04g160820.1	1	0
Solyc05g162190.1	1	0
Solyc05g162200.1	1	0
Solyc04g160830.1	1	0
Solyc04g160840.1	1	0
Solyc03g046494.1	1	0
Solyc04g160850.1	1	0
Solyc03g046496.1	1	0
Solyc03g082340.1	1	0
Solyc05g021200.1	1	0
Solyc04g160860.1	1	0
Solyc04g045550.1	1	0
Solyc05g162240.1	1	0
Solyc03g046498.1	1	0
Solyc05g021210.1	1	0
Solyc04g160870.1	1	0
Solyc03g046543.2	1	0
Solyc05g021240.1	1	0
Solyc04g160880.1	1	0
Solyc06g009580.1	1	0
Solyc04g160890.1	1	0
Solyc06g009585.2	1	0
Solyc05g013020.1	1	0
Solyc05g162280.1	1	0
Solyc05g021247.2	1	0
Solyc05g054280.1	1	0
Solyc04g160910.1	1	0
Solyc05g162300.1	1	0
Solyc04g160920.1	1	0
Solyc04g074290.3	1.0	0
Solyc05g021390.5	1.0	0
Solyc05g162310.1	1	0
Solyc04g160930.1	1	0
Solyc03g046595.1	1	0
Solyc05g162320.1	1	0
Solyc05g021405.1	1	0
Solyc04g160940.1	1	0
Solyc03g051620.3	1	0
Solyc04g160950.1	1	0
Solyc05g021410.3	1	0
Solyc04g160960.1	1	0
Solyc03g051625.2	1	0
Solyc04g160970.1	1	0
Solyc05g021480.1	1	0
Solyc05g050040.3	1	0
Solyc04g160980.1	1	0
Solyc05g162340.1	1	0
Solyc04g160990.1	1	0
Solyc05g050050.1	1	0
Solyc03g082420.3	1.0	0
Solyc04g161000.1	1	0
Solyc05g162350.1	1	0
Solyc04g047700.1	1	0
Solyc05g050057.1	1	0
Solyc04g161020.1	1	0
Solyc05g050060.1	1	0
Solyc05g013100.2	1	0
Solyc05g050065.1	1	0
Solyc05g013110.3	1	0
Solyc05g007200.4	1.0	0
Solyc05g162370.1	1	0
Solyc04g161040.1	1	0
Solyc03g082445.1	1	0
Solyc05g050100.1	1	0
Solyc05g162380.1	1	0
Solyc04g161060.1	1	0
Solyc05g162390.1	1	0
Solyc04g161070.1	1	0
Solyc04g161080.1	1	0
Solyc05g162400.1	1	0
Solyc04g161090.1	1	0
Solyc04g047790.1	1	0
Solyc05g023600.3	1	0
Solyc05g023620.1	1	0
Solyc04g161110.1	1	0
Solyc05g050150.1	1	0
Solyc04g047800.1	1	0
Solyc05g023630.1	1	0
Solyc05g162420.1	1	0
Solyc05g050160.1	1	0
Solyc04g161130.1	1	0
Solyc05g162430.1	1	0
Solyc05g023660.3	1	0
Solyc04g161140.1	1	0
Solyc05g007245.1	1	0
Solyc04g161150.1	1	0
Solyc05g023700.2	1	0
Solyc05g050190.1	1	0
Solyc04g047830.1	1	0
Solyc03g113550.2	1.0	0
Solyc04g161190.1	1	0
Solyc03g113560.4	1.0	0
Solyc04g161200.1	1	0
Solyc04g074480.3	1.0	0
Solyc04g161210.1	1	0
Solyc05g162470.1	1	0
Solyc03g051720.1	1	0
Solyc04g161220.1	1	0
Solyc03g113570.1	1.0	0
Solyc04g161230.1	1	0
Solyc04g056470.1	1	0
Solyc04g047880.1	1	0
Solyc04g161240.1	1	0
Solyc04g056480.2	1	0
Solyc04g161260.1	1	0
Solyc05g162500.1	1	0
Solyc04g161270.1	1	0
Solyc04g048905.1	1	0
Solyc05g162510.1	1	0
Solyc06g009865.2	1	0
Solyc03g051800.1	1	0
Solyc03g082650.1	1	0
Solyc06g009867.2	1	0
Solyc05g013270.3	1	0
Solyc04g161290.1	1	0
Solyc04g048920.1	1	0
Solyc04g161300.1	1	0
Solyc04g048930.1	1	0
Solyc06g009880.1	1	0
Solyc04g014775.2	1	0
Solyc03g051880.1	1	0
Solyc05g050300.3	1	0
Solyc04g014780.1	1	0
Solyc04g161310.1	1	0
Solyc05g162540.1	1	0
Solyc06g009893.2	1	0
Solyc03g122200.2	1	0
Solyc05g050310.1	1	0
Solyc06g009897.2	1.0	0
Solyc05g023810.1	1	0
Solyc04g056525.1	1	0
Solyc06g009905.1	1	0
Solyc04g049000.3	1	0
Solyc04g161340.1	1	0
Solyc06g009930.1	1	0
Solyc04g014835.1	1	0
Solyc04g161350.1	1	0
Solyc06g009940.1	1.0	0
Solyc06g009950.1	1	0
Solyc04g161360.1	1	0
Solyc05g023842.1	1	0
Solyc04g161370.1	1	0
Solyc04g049017.2	1	0
Solyc04g161380.1	1	0
Solyc05g023850.3	1	0
Solyc05g023860.1	1	0
Solyc06g005030.1	1	0
Solyc04g014855.1	1.0	0
Solyc04g161390.1	1	0
Solyc03g051960.4	1.0	0
Solyc05g023870.1	1	0
Solyc05g023880.2	1	0
Solyc06g005040.1	1	0
Solyc04g161400.1	1	0
Solyc06g009980.1	1	0
Solyc04g161420.1	1	0
Solyc04g161430.1	1	0
Solyc03g097220.1	1	0
Solyc04g161440.1	1	0
Solyc05g023920.1	1	0
Solyc03g052990.3	1	0
Solyc04g161470.1	1	0
Solyc05g023930.1	1	0
Solyc04g161480.1	1	0
Solyc04g161490.1	1	0
Solyc03g053000.4	1.0	0
Solyc05g023940.1	1	0
Solyc06g010020.1	1	0
Solyc04g080120.1	1.0	0
Solyc05g023950.1	1	0
Solyc03g123370.3	1.0	0
Solyc04g161510.1	1	0
Solyc04g161520.1	1	0
Solyc05g023960.1	1	0
Solyc04g014980.1	1	0
Solyc04g161530.1	1	0
Solyc05g023970.1	1	0
Solyc04g161540.1	1	0
Solyc04g161550.1	1	0
Solyc03g118040.3	1.0	0
Solyc05g023980.3	1	0
Solyc04g161560.1	1	0
Solyc05g013420.1	1.0	0
Solyc04g161570.1	1	0
Solyc03g053050.1	1	0
Solyc04g049210.3	1	0
Solyc04g049220.4	1	0
Solyc04g049250.1	1	0
Solyc04g049255.2	1	0
Solyc04g049270.1	1	0
Solyc04g161600.1	1	0
Solyc04g161610.1	1	0
Solyc04g049305.1	1	0
Solyc04g056680.2	1	0
Solyc04g008245.1	1.0	0
Solyc04g056690.2	1	0
Solyc05g024040.1	1	0
Solyc06g010130.1	1	0
Solyc05g054760.5	1.0	0
Solyc04g161630.1	1	0
Solyc05g024050.1	1	0
Solyc06g010140.1	1	0
Solyc03g123450.1	1	0
Solyc04g056700.1	1	0
Solyc03g053120.1	1	0
Solyc04g161640.1	1	0
Solyc05g024060.1	1	0
Solyc04g056710.3	1	0
Solyc04g161650.1	1	0
Solyc03g113850.1	1.0	0
Solyc05g024070.1	1	0
Solyc04g161660.1	1	0
Solyc05g024090.1	1	0
Solyc05g024100.1	1	0
Solyc06g010180.1	1	0
Solyc04g056723.1	1	0
Solyc06g010190.2	1	0
Solyc04g049370.1	1	0
Solyc04g056741.2	1	0
Solyc04g161690.1	1	0
Solyc04g056743.2	1	0
Solyc04g161700.1	1	0
Solyc04g056747.1	1	0
Solyc05g024130.1	1	0
Solyc04g161720.1	1	0
Solyc05g007720.1	1	0
Solyc05g024140.1	1	0
Solyc04g080320.1	1.0	0
Solyc04g057820.1	1	0
Solyc03g058200.1	1	0
Solyc04g161740.1	1	0
Solyc03g058210.3	1	0
Solyc04g161750.1	1	0
Solyc05g024170.1	1	0
Solyc03g058230.1	1	0
Solyc04g049430.1	1	0
Solyc04g161760.1	1	0
Solyc04g049440.2	1	0
Solyc05g024180.3	1	0
Solyc03g058240.1	1	0
Solyc04g161770.1	1	0
Solyc05g013600.1	1	0
Solyc03g058250.1	1	0
Solyc04g049460.2	1	0
Solyc05g013610.1	1	0
Solyc03g058260.1	1	0
Solyc03g118190.4	1.0	0
Solyc04g008400.1	1.0	0
Solyc04g049530.1	1	0
Solyc06g011290.3	1	0
Solyc04g161800.1	1	0
Solyc06g011330.3	1	0
Solyc04g161810.1	1	0
Solyc05g024210.1	1	0
Solyc06g011340.1	1	0
Solyc04g161820.1	1	0
Solyc05g013650.3	1.0	0
Solyc06g011360.1	1	0
Solyc06g005385.1	1	0
Solyc05g054950.2	1.0	0
Solyc05g024300.1	1	0
Solyc05g024310.1	1	0
Solyc05g007920.3	1	0
Solyc04g161880.1	1	0
Solyc06g011403.1	1.0	0
Solyc05g024330.1	1	0
Solyc04g161890.1	1	0
Solyc04g049740.1	1	0
Solyc04g161900.1	1	0
Solyc03g058420.3	1	0
Solyc03g097670.4	1.0	0
Solyc04g049773.1	1	0
Solyc06g005460.1	1	0
Solyc04g049780.3	1	0
Solyc06g011500.3	1	0
Solyc04g161950.1	1	0
Solyc04g161960.1	1	0
Solyc04g161970.1	1	0
Solyc03g097703.1	1	0
Solyc05g008000.3	1.0	0
Solyc04g161980.1	1	0
Solyc04g161990.1	1	0
Solyc05g024420.1	1	0
Solyc04g015510.1	1	0
Solyc05g024440.1	1	0
Solyc04g162020.1	1	0
Solyc04g049860.2	1	0
Solyc04g162030.1	1	0
Solyc04g049870.1	1	0
Solyc05g050880.2	1	0
Solyc04g049873.1	1	0
Solyc03g058460.1	1	0
Solyc05g024453.1	1	0
Solyc04g049875.1	1	0
Solyc04g162050.1	1	0
Solyc05g050883.1	1	0
Solyc04g162060.1	1	0
Solyc04g162070.1	1	0
Solyc04g162080.1	1	0
Solyc04g162090.1	1	0
Solyc04g162100.1	1	0
Solyc04g162110.1	1	0
Solyc05g025530.1	1	0
Solyc05g025540.1	1	0
Solyc03g083215.1	1	0
Solyc03g097810.1	1	0
Solyc04g058120.3	1	0
Solyc04g162130.1	1	0
Solyc05g025550.1	1	0
Solyc04g162140.1	1	0
Solyc04g049940.2	1	0
Solyc03g058570.1	1	0
Solyc03g097830.3	1.0	0
Solyc05g013830.1	1	0
Solyc04g162160.1	1	0
Solyc05g013840.1	1	0
Solyc03g058630.1	1	0
Solyc04g162170.1	1	0
Solyc05g013843.1	1	0
Solyc03g058640.2	1	0
Solyc03g118390.3	1.0	0
Solyc04g162180.1	1	0
Solyc04g015635.3	1	0
Solyc03g058650.1	1	0
Solyc03g118400.1	1	0
Solyc04g162190.1	1	0
Solyc03g058680.1	1	0
Solyc04g162200.1	1	0
Solyc03g058720.1	1	0
Solyc03g058730.1	1	0
Solyc03g097880.1	1	0
Solyc04g162220.1	1	0
Solyc04g049980.1	1	0
Solyc04g162230.1	1	0
Solyc05g025640.1	1	0
Solyc03g058800.1	1	0
Solyc04g050000.3	1	0
Solyc04g162250.1	1	0
Solyc05g013900.2	1	0
Solyc05g025660.1	1	0
Solyc04g162260.1	1	0
Solyc04g162270.1	1	0
Solyc04g050015.1	1	0
Solyc03g058855.1	1	0
Solyc06g011662.1	1	0
Solyc03g123940.1	1	0
Solyc06g005730.2	1	0
Solyc04g050030.1	1	0
Solyc04g162290.1	1	0
Solyc05g025700.1	1	0
Solyc04g162300.1	1	0
Solyc06g011666.1	1	0
Solyc05g025725.1	1	0
Solyc06g011669.1	1	0
Solyc06g035590.2	1	0
Solyc05g008150.3	1	0
Solyc06g016670.1	1	0
Solyc03g058882.2	1	0
Solyc04g015720.2	1	0
Solyc06g016677.1	1	0
Solyc05g025760.1	1	0
Solyc06g016680.1	1	0
Solyc03g058888.2	1	0
Solyc04g050060.1	1.0	0
Solyc05g025770.1	1	0
Solyc06g016685.1	1	0
Solyc04g162350.1	1	0
Solyc06g035680.3	1	0
Solyc06g016710.1	1	0
Solyc06g016720.3	1	0
Solyc05g025785.1	1	0
Solyc06g016725.1	1	0
Solyc06g016730.1	1	0
Solyc04g050080.1	1	0
Solyc05g051100.2	1	0
Solyc05g025800.1	1	0
Solyc05g051120.1	1	0
Solyc04g050090.1	1	0
Solyc05g051130.3	1	0
Solyc04g050100.1	1	0
Solyc03g098080.1	1	0
Solyc05g051150.1	1	0
Solyc04g015780.1	1	0
Solyc05g051153.1	1	0
Solyc04g015790.1	1	0
Solyc04g162420.1	1	0
Solyc06g035770.1	1	0
Solyc05g051157.1	1	0
Solyc04g015800.1	1	0
Solyc06g016780.1	1	0
Solyc05g025880.1	1	0
Solyc05g014030.3	1.0	0
Solyc05g051160.1	1	0
Solyc04g015810.1	1	0
Solyc05g025903.1	1	0
Solyc04g063290.3	1.0	0
Solyc06g053940.1	1	0
Solyc04g015930.1	1	0
Solyc05g025950.1	1	0
Solyc05g025980.3	1	0
Solyc04g162480.1	1	0
Solyc06g016830.2	1	0
Solyc05g025990.1	1	0
Solyc06g035875.1	1	0
Solyc04g162490.1	1	0
Solyc05g026000.1	1	0
Solyc06g017860.3	1.0	0
Solyc06g035880.1	1	0
Solyc06g005930.3	1.0	0
Solyc05g026040.1	1	0
Solyc03g118670.3	1.0	0
Solyc06g035883.2	1	0
Solyc04g162510.1	1	0
Solyc04g162520.1	1	0
Solyc06g035900.1	1.0	0
Solyc04g162530.1	1	0
Solyc06g076380.1	1	0
Solyc04g063350.3	1.0	0
Solyc06g017940.2	1	0
Solyc03g150105.1	1	0
Solyc06g160960.1	1	0
Solyc06g018060.2	1	0
Solyc04g016050.3	1.0	0
Solyc06g161000.1	1	0
Solyc04g063415.2	1	0
Solyc06g006026.1	1	0
Solyc06g161010.1	1	0
Solyc06g019160.1	1	0
Solyc03g150116.1	1	0
Solyc06g161020.1	1	0
Solyc06g161030.1	1	0
Solyc04g080890.4	1.0	0
Solyc06g036020.1	1	0
Solyc06g019190.1	1	0
Solyc05g026210.2	1	0
Solyc04g016100.2	1	0
Solyc04g076560.3	1.0	0
Solyc03g150120.1	1	0
Solyc04g064450.1	1	0
Solyc03g150121.1	1	0
Solyc06g161060.1	1	0
Solyc05g051450.2	1.0	0
Solyc03g150122.1	1	0
Solyc06g161070.1	1	0
Solyc06g024320.1	1	0
Solyc04g016150.2	1	0
Solyc06g024325.2	1	0
Solyc04g064480.3	1.0	0
Solyc03g150125.1	1	0
Solyc05g026260.1	1	0
Solyc03g150126.1	1	0
Solyc06g054170.1	1	0
Solyc06g161120.1	1	0
Solyc05g026320.1	1	0
Solyc06g161130.1	1	0
Solyc05g026330.3	1	0
Solyc05g026350.2	1	0
Solyc04g064510.3	1.0	0
Solyc06g054190.1	1	0
Solyc03g150133.1	1	0
Solyc06g030550.1	1	0
Solyc06g161160.1	1	0
Solyc06g076650.4	1.0	0
Solyc06g054200.3	1	0
Solyc03g150135.1	1	0
Solyc06g054210.1	1	0
Solyc06g076670.3	1.0	0
Solyc06g030600.1	1	0
Solyc06g161200.1	1	0
Solyc06g030610.1	1	0
Solyc06g161210.1	1	0
Solyc06g030620.3	1	0
Solyc06g030645.2	1	0
Solyc03g150143.1	1.0	0
Solyc06g030660.3	1	0
Solyc06g031660.3	1	0
Solyc06g036213.1	1	0
Solyc06g036217.2	1	0
Solyc06g036236.2	1	0
Solyc04g064610.3	1.0	0
Solyc06g036240.3	1	0
Solyc07g009200.1	1	0
Solyc06g031716.1	1.0	0
Solyc07g009210.3	1	0
Solyc06g033780.1	1	0
Solyc05g014420.4	1	0
Solyc05g008710.1	1	0
Solyc05g051610.3	1	0
Solyc05g032630.1	1	0
Solyc06g033784.2	1	0
Solyc04g076840.1	1	0
Solyc06g033790.1	1	0
Solyc06g033810.3	1	0
Solyc05g014480.4	1.0	0
Solyc06g033815.1	1	0
Solyc07g056070.2	1.0	0
Solyc06g033820.2	1	0
Solyc06g033825.2	1	0
Solyc04g081180.1	1	0
Solyc07g065567.1	1	0
Solyc07g049510.1	1	0
Solyc05g051680.4	1.0	0
Solyc07g038170.1	1	0
Solyc07g009290.3	1	0
Solyc06g036450.1	1	0
Solyc06g033880.1	1	0
Solyc03g160010.1	1	0
Solyc06g033890.3	1	0
Solyc06g076980.4	1.0	0
Solyc03g160020.1	1	0
Solyc05g014570.1	1	0
Solyc07g005210.3	1.0	0
Solyc03g160030.1	1	0
Solyc05g014600.1	1	0
Solyc03g160040.1	1	0
Solyc03g119180.1	1.0	0
Solyc05g014620.3	1	0
Solyc03g160050.1	1	0
Solyc03g160060.1	1	0
Solyc07g039220.1	1	0
Solyc06g033940.1	1	0
Solyc06g036500.1	1	0
Solyc07g039250.1	1	0
Solyc05g014637.2	1	0
Solyc06g033950.1	1	0
Solyc03g160080.1	1	0
Solyc06g072455.2	1	0
Solyc05g014658.2	1	0
Solyc07g009420.1	1	0
Solyc08g016673.1	1	0
Solyc08g016730.1	1	0
Solyc03g160120.1	1	0
Solyc08g016740.1	1	0
Solyc06g082090.4	1.0	0
Solyc03g160140.1	1	0
Solyc07g009450.1	1	0
Solyc03g160150.1	1	0
Solyc05g014795.1	1	0
Solyc03g160160.1	1	0
Solyc07g039400.3	1	0
Solyc07g065720.5	1.0	0
Solyc05g014800.1	1	0
Solyc05g014810.1	1	0
Solyc05g014820.1	1	0
Solyc06g034050.1	1	0
Solyc06g036600.3	1	0
Solyc08g062653.2	1	0
Solyc05g014830.3	1	0
Solyc05g014840.3	1	0
Solyc08g016780.1	1	0
Solyc05g014843.1	1	0
Solyc06g036620.1	1.0	0
Solyc05g014847.1	1	0
Solyc08g016790.1	1	0
Solyc05g014860.3	1	0
Solyc07g039470.1	1	0
Solyc07g039480.1	1	0
Solyc07g009540.1	1	0
Solyc05g014900.1	1	0
Solyc07g065770.3	1.0	0
Solyc05g014910.2	1	0
Solyc05g014920.1	1	0
Solyc06g059780.1	1.0	0
Solyc05g014930.1	1	0
Solyc05g014940.3	1	0
Solyc06g036770.1	1	0
Solyc07g049760.3	1.0	0
Solyc08g016798.1	1	0
Solyc07g009580.2	1	0
Solyc05g015000.1	1	0
Solyc08g016799.1	1	0
Solyc06g036780.3	1.0	0
Solyc08g016800.1	1	0
Solyc06g034130.2	1	0
Solyc06g036800.1	1	0
Solyc06g042937.2	1	0
Solyc08g016802.1	1	0
Solyc07g049787.2	1	0
Solyc06g042940.1	1	0
Solyc06g042945.2	1	0
Solyc08g062783.1	1	0
Solyc07g049795.2	1	0
Solyc06g059830.3	1	0
Solyc06g042955.2	1	0
Solyc07g039580.1	1	0
Solyc07g049800.1	1	0
Solyc07g049805.1	1	0
Solyc07g039610.1	1	0
Solyc07g051800.3	1	0
Solyc08g079130.1	1	0
Solyc06g034170.1	1	0
Solyc07g039650.1	1	0
Solyc08g016806.1	1	0
Solyc06g042990.1	1	0
Solyc06g043010.1	1	0
Solyc08g062825.2	1	0
Solyc08g062840.1	1	0
Solyc08g021870.3	1	0
Solyc06g043065.1	1	0
Solyc08g062865.1	1	0
Solyc07g014705.2	1	0
Solyc08g074710.1	1	0
Solyc07g014750.1	1	0
Solyc06g043110.1	1	0
Solyc07g015760.1	1	0
Solyc08g006140.4	1	0
Solyc06g066400.3	1.0	0
Solyc08g021980.2	1	0
Solyc04g081620.1	1.0	0
Solyc06g034317.2	1	0
Solyc07g040810.1	1	0
Solyc08g022020.1	1	0
Solyc07g040850.1	1	0
Solyc07g040855.1	1	0
Solyc07g005670.3	1	0
Solyc06g066447.2	1	0
Solyc06g043210.1	1	0
Solyc08g022040.1	1	0
Solyc07g015920.3	1	0
Solyc08g022050.3	1	0
Solyc08g074850.3	1	0
Solyc07g015930.3	1	0
Solyc06g072920.3	1	0
Solyc06g043270.1	1	0
Solyc06g043280.1	1	0
Solyc08g074880.1	1	0
Solyc06g043350.1	1	0
Solyc06g043356.2	1	0
Solyc06g048370.3	1	0
Solyc06g048373.2	1	0
Solyc08g006257.1	1.0	0
Solyc06g048380.3	1	0
Solyc07g040965.1	1	0
Solyc08g074913.1	1	0
Solyc06g035470.2	1	0
Solyc08g150143.1	1.0	0
Solyc06g048390.3	1	0
Solyc07g066120.3	1.0	0
Solyc07g056620.1	1	0
Solyc06g035540.1	1	0
Solyc06g035550.3	1	0
Solyc08g065190.3	1.0	0
Solyc08g150150.1	1.0	0
Solyc06g082500.3	1.0	0
Solyc07g056680.1	1	0
Solyc08g160010.1	1	0
Solyc08g160020.1	1	0
Solyc07g016090.1	1	0
Solyc08g022150.2	1	0
Solyc07g056700.2	1	0
Solyc07g056701.1	1	0
Solyc08g022170.1	1	0
Solyc09g014977.2	1	0
Solyc08g160050.1	1	0
Solyc06g066600.3	1.0	0
Solyc08g079560.1	1	0
Solyc08g160070.1	1	0
Solyc07g016110.1	1	0
Solyc08g160080.1	1	0
Solyc09g008500.4	1	0
Solyc08g160090.1	1	0
Solyc08g022220.2	1	0
Solyc08g075043.1	1	0
Solyc08g079580.1	1	0
Solyc06g060390.3	1.0	0
Solyc06g073155.2	1	0
Solyc08g160120.1	1	0
Solyc07g041090.1	1	0
Solyc08g023240.1	1	0
Solyc07g016120.3	1	0
Solyc07g041100.1	1	0
Solyc08g160140.1	1	0
Solyc07g016130.1	1	0
Solyc08g160150.1	1	0
Solyc09g015060.1	1	0
Solyc07g016140.1	1	0
Solyc08g023277.2	1	0
Solyc08g160170.1	1	0
Solyc09g008540.1	1	0
Solyc09g058997.1	1	0
Solyc08g023330.1	1	0
Solyc08g160190.1	1	0
Solyc08g023345.1	1	0
Solyc08g160200.1	1	0
Solyc08g023360.4	1	0
Solyc06g048560.2	1.0	0
Solyc08g160210.1	1	0
Solyc08g023370.1	1	0
Solyc06g060470.1	1.0	0
Solyc08g160220.1	1	0
Solyc08g023380.1	1	0
Solyc09g015150.1	1	0
Solyc08g006450.1	1	0
Solyc07g041213.2	1	0
Solyc08g065520.1	1	0
Solyc09g059070.3	1	0
Solyc09g059080.1	1	0
Solyc08g160250.1	1	0
Solyc09g059120.1	1	0
Solyc07g016210.1	1.0	0
Solyc08g160260.1	1	0
Solyc08g160270.1	1	0
Solyc09g059130.1	1	0
Solyc09g015210.1	1	0
Solyc09g059140.1	1	0
Solyc09g015220.3	1	0
Solyc08g065580.1	1	0
Solyc06g048660.1	1	0
Solyc09g015227.2	1	0
Solyc08g065590.3	1	0
Solyc08g023480.1	1	0
Solyc09g015240.1	1	0
Solyc06g066850.1	1	0
Solyc09g059200.1	1	0
Solyc06g066857.1	1	0
Solyc09g015260.1	1	0
Solyc08g160330.1	1.0	0
Solyc08g065627.1	1	0
Solyc08g160340.1	1	0
Solyc07g017280.3	1	0
Solyc09g015290.1	1	0
Solyc09g015300.1	1	0
Solyc07g066550.5	1.0	0
Solyc07g041350.1	1	0
Solyc07g006090.3	1.0	0
Solyc08g023520.1	1.0	0
Solyc07g017310.1	1	0
Solyc06g048820.1	1.0	0
Solyc07g017320.1	1	0
Solyc08g065690.1	1	0
Solyc07g041370.2	1	0
Solyc08g160400.1	1	0
Solyc07g041430.3	1	0
Solyc07g017330.3	1	0
Solyc09g015340.3	1	0
Solyc08g160410.1	1	0
Solyc08g075330.3	1	0
Solyc07g017340.1	1	0
Solyc07g041460.1	1	0
Solyc08g023550.1	1	0
Solyc07g041470.3	1	0
Solyc07g052470.3	1.0	0
Solyc09g008760.1	1.0	0
Solyc08g065750.1	1	0
Solyc08g160460.1	1	0
Solyc08g160470.1	1	0
Solyc09g015420.3	1	0
Solyc08g160480.1	1	0
Solyc07g017433.2	1	0
Solyc08g160490.1	1	0
Solyc08g160500.1	1	0
Solyc08g006650.3	1.0	0
Solyc08g160510.1	1	0
Solyc08g160520.1	1	0
Solyc08g079940.1	1	0
Solyc08g160540.1	1	0
Solyc08g079950.1	1	0
Solyc08g160550.1	1	0
Solyc08g160560.1	1	0
Solyc06g073500.3	1.0	0
Solyc09g015500.1	1	0
Solyc08g160580.1	1	0
Solyc09g059410.1	1	0
Solyc06g048990.1	1	0
Solyc08g160590.1	1	0
Solyc09g059420.1	1	0
Solyc08g160600.1	1	0
Solyc09g008950.1	1	0
Solyc09g015580.1	1	0
Solyc08g160610.1	1	0
Solyc08g028740.1	1	0
Solyc08g028750.1	1	0
Solyc09g015610.1	1	0
Solyc08g160630.1	1	0
Solyc08g160640.1	1	0
Solyc07g006380.3	1.0	0
Solyc08g028785.1	1	0
Solyc08g028810.1	1	0
Solyc07g006395.2	1	0
Solyc07g150115.1	1	0
Solyc08g160680.1	1	0
Solyc08g160700.1	1	0
Solyc07g150117.1	1	0
Solyc08g160720.1	1	0
Solyc08g028890.1	1	0
Solyc08g160730.1	1	0
Solyc08g160740.1	1	0
Solyc09g015740.3	1	0
Solyc08g160750.1	1	0
Solyc07g150121.1	1	0
Solyc07g041860.1	1	0
Solyc08g160760.1	1	0
Solyc07g150123.2	1	0
Solyc08g160770.1	1	0
Solyc07g150124.1	1	0
Solyc08g075597.1	1	0
Solyc07g150125.1	1	0
Solyc08g028930.1	1	0
Solyc07g006440.1	1	0
Solyc07g041880.1	1	0
Solyc08g160800.1	1	0
Solyc06g050110.2	1	0
Solyc08g028950.3	1	0
Solyc07g150129.1	1	0
Solyc08g028980.1	1	0
Solyc08g160840.1	1	0
Solyc08g029020.1	1	0
Solyc08g160850.1	1	0
Solyc07g017905.2	1	0
Solyc08g029070.2	1	0
Solyc08g160860.1	1	0
Solyc07g017907.1	1	0
Solyc07g017920.1	1	0
Solyc08g160870.1	1	0
Solyc08g160880.1	1	0
Solyc09g015900.1	1	0
Solyc08g160890.1	1	0
Solyc09g009150.1	1.0	0
Solyc07g150142.1	1	0
Solyc08g160900.1	1	0
Solyc07g150143.2	1	0
Solyc08g160910.1	1	0
Solyc06g083220.3	1.0	0
Solyc08g075740.1	1.0	0
Solyc08g160920.1	1	0
Solyc06g050240.1	1	0
Solyc08g160930.1	1	0
Solyc08g160940.1	1	0
Solyc06g050260.1	1	0
Solyc09g059720.1	1	0
Solyc08g160960.1	1	0
Solyc09g059740.3	1	0
Solyc07g018030.1	1	0
Solyc08g160970.1	1	0
Solyc08g160980.1	1	0
Solyc08g160990.1	1	0
Solyc09g059750.2	1	0
Solyc08g161000.1	1	0
Solyc09g059770.1	1	0
Solyc09g016955.1	1	0
Solyc09g059780.1	1	0
Solyc07g160010.1	1	0
Solyc09g017980.2	1	0
Solyc08g161020.1	1	0
Solyc09g059800.1	1	0
Solyc09g018000.1	1	0
Solyc08g161030.1	1	0
Solyc08g029250.1	1	0
Solyc08g161040.1	1	0
Solyc09g059810.3	1	0
Solyc07g160030.1	1	0
Solyc08g161050.1	1	0
Solyc08g029280.3	1	0
Solyc09g059813.2	1	0
Solyc08g161060.1	1	0
Solyc07g042200.1	1	0
Solyc08g161070.1	1	0
Solyc08g029290.1	1	0
Solyc09g059820.3	1	0
Solyc07g018145.1	1	0
Solyc08g161080.1	1	0
Solyc08g161090.1	1	0
Solyc08g029300.3	1	0
Solyc08g161100.1	1	0
Solyc08g161110.1	1	0
Solyc08g161120.1	1	0
Solyc07g160070.1	1	0
Solyc08g161130.1	1	0
Solyc07g018190.5	1.0	0
Solyc08g161140.1	1	0
Solyc08g029343.2	1	0
Solyc07g160080.1	1	0
Solyc08g161150.1	1	0
Solyc09g059840.1	1	0
Solyc08g161160.1	1	0
Solyc09g018080.3	1	0
Solyc08g066230.2	1	0
Solyc08g161170.1	1	0
Solyc09g018130.3	1	0
Solyc08g161180.1	1	0
Solyc07g160100.1	1	0
Solyc09g018140.1	1	0
Solyc08g161190.1	1	0
Solyc08g161200.1	1	0
Solyc08g161210.1	1	0
Solyc08g161220.1	1	0
Solyc08g161230.1	1	0
Solyc07g042310.1	1	0
Solyc09g059890.2	1	0
Solyc06g050450.1	1	0
Solyc08g080470.3	1.0	0
Solyc08g161250.1	1	0
Solyc07g042317.1	1	0
Solyc06g050460.2	1	0
Solyc08g161260.1	1	0
Solyc06g050470.1	1	0
Solyc08g161270.1	1	0
Solyc09g059910.3	1	0
Solyc08g161280.1	1	0
Solyc06g050480.1	1	0
Solyc08g161290.1	1	0
Solyc08g161300.1	1	0
Solyc07g160160.1	1	0
Solyc06g050490.1	1	0
Solyc09g018185.1	1	0
Solyc08g161310.1	1	0
Solyc07g160170.1	1	0
Solyc08g161320.1	1	0
Solyc06g083410.4	1.0	0
Solyc08g161330.1	1	0
Solyc07g042420.1	1	0
Solyc09g018210.1	1	0
Solyc08g161360.1	1	0
Solyc07g160200.1	1	0
Solyc08g161370.1	1	0
Solyc06g050520.3	1.0	0
Solyc09g060010.1	1	0
Solyc08g161390.1	1	0
Solyc08g066370.3	1	0
Solyc07g160220.1	1	0
Solyc09g060020.1	1	0
Solyc08g161400.1	1	0
Solyc06g061220.2	1	0
Solyc08g161410.1	1	0
Solyc09g060060.1	1	0
Solyc07g042480.3	1	0
Solyc08g161440.1	1	0
Solyc06g050565.1	1.0	0
Solyc08g161450.1	1	0
Solyc08g036540.1	1	0
Solyc08g161460.1	1	0
Solyc07g018380.1	1	0
Solyc08g036550.1	1	0
Solyc09g018330.3	1	0
Solyc08g036590.1	1	0
Solyc08g066480.4	1	0
Solyc08g161480.1	1	0
Solyc09g060160.2	1	0
Solyc08g161490.1	1	0
Solyc07g006930.1	1	0
Solyc08g161500.1	1	0
Solyc08g161510.1	1	0
Solyc08g161520.1	1	0
Solyc09g018410.4	1	0
Solyc06g068640.3	1.0	0
Solyc09g018420.3	1	0
Solyc09g060183.2	1	0
Solyc09g060210.1	1	0
Solyc08g041670.2	1	0
Solyc06g068680.3	1.0	0
Solyc08g041680.1	1	0
Solyc07g160330.1	1	0
Solyc09g018480.1	1	0
Solyc07g062630.1	1.0	0
Solyc08g161570.1	1	0
Solyc07g160340.1	1	0
Solyc08g080745.3	1	0
Solyc07g160350.1	1	0
Solyc09g018520.1	1	0
Solyc06g050740.1	1	0
Solyc09g018530.4	1	0
Solyc08g161610.1	1	0
Solyc08g161620.1	1	0
Solyc07g042660.1	1	0
Solyc07g019480.1	1	0
Solyc07g160380.1	1	0
Solyc08g161640.1	1	0
Solyc07g019490.1	1	0
Solyc09g018600.1	1	0
Solyc07g160390.1	1	0
Solyc09g018610.1	1	0
Solyc08g161660.1	1	0
Solyc07g160400.1	1	0
Solyc08g161670.1	1	0
Solyc09g018620.1	1	0
Solyc08g041810.1	1	0
Solyc07g160420.1	1	0
Solyc07g007100.1	1	0
Solyc07g160430.1	1	0
Solyc09g018680.1	1	0
Solyc09g061370.1	1	0
Solyc06g050825.1	1	0
Solyc08g041865.1	1	0
Solyc07g042740.3	1.0	0
Solyc08g161710.1	1	0
Solyc08g080840.1	1	0
Solyc07g160480.1	1	0
Solyc07g019520.1	1	0
Solyc07g160490.1	1	0
Solyc06g050850.1	1	0
Solyc08g041920.1	1	0
Solyc08g161730.1	1	0
Solyc09g009583.1	1	0
Solyc08g041930.1	1	0
Solyc07g019550.1	1	0
Solyc08g041970.1	1	0
Solyc09g009587.1	1	0
Solyc07g019560.1	1	0
Solyc06g050890.1	1	0
Solyc07g053370.1	1	0
Solyc07g019573.2	1	0
Solyc08g161760.1	1	0
Solyc08g042020.1	1	0
Solyc07g019577.1	1.0	0
Solyc06g074390.3	1.0	0
Solyc08g161780.1	1	0
Solyc08g161790.1	1	0
Solyc07g160550.1	1	0
Solyc08g161800.1	1	0
Solyc08g042060.2	1.0	0
Solyc09g018930.1	1.0	0
Solyc08g161810.1	1	0
Solyc07g160570.1	1	0
Solyc09g061480.1	1	0
Solyc08g161820.1	1	0
Solyc07g160580.1	1	0
Solyc08g161830.1	1	0
Solyc09g018970.1	1	0
Solyc07g160590.1	1	0
Solyc08g161840.1	1	0
Solyc07g160600.1	1	0
Solyc07g042913.1	1	0
Solyc09g061500.2	1	0
Solyc08g042110.1	1	0
Solyc07g160610.1	1	0
Solyc07g042915.1	1	0
Solyc09g061510.1	1	0
Solyc07g160620.1	1	0
Solyc08g007450.1	1	0
Solyc07g020735.1	1	0
Solyc07g160630.1	1	0
Solyc09g061520.1	1	0
Solyc07g160640.1	1	0
Solyc09g061530.3	1	0
Solyc07g160660.1	1	0
Solyc08g043140.4	1.0	0
Solyc07g160670.1	1	0
Solyc08g043147.1	1	0
Solyc08g066780.2	1	0
Solyc08g161880.1	1	0
Solyc09g061550.3	1	0
Solyc08g161890.1	1	0
Solyc07g020830.1	1	0
Solyc07g160690.1	1	0
Solyc09g061555.1	1	0
Solyc07g160700.1	1	0
Solyc07g160710.1	1	0
Solyc09g020013.1	1	0
Solyc07g160720.1	1	0
Solyc08g081020.1	1	0
Solyc07g160730.1	1	0
Solyc07g043010.1	1	0
Solyc09g061570.1	1	0
Solyc07g020890.1	1	0
Solyc07g160740.1	1	0
Solyc07g043020.1	1	0
Solyc06g083970.1	1	0
Solyc07g020900.1	1	0
Solyc09g061580.1	1	0
Solyc07g160750.1	1	0
Solyc09g020120.1	1	0
Solyc09g061590.1	1	0
Solyc07g043040.1	1	0
Solyc09g061600.1	1	0
Solyc08g044240.1	1	0
Solyc07g020962.2	1	0
Solyc07g020964.2	1	0
Solyc06g074600.3	1.0	0
Solyc07g020980.1	1	0
Solyc07g160780.1	1	0
Solyc09g061615.1	1	0
Solyc08g044247.1	1	0
Solyc07g160790.1	1	0
Solyc07g020985.2	1	0
Solyc07g160800.1	1	0
Solyc07g020990.1	1	0
Solyc07g160810.1	1	0
Solyc08g044280.1	1	0
Solyc07g021000.1	1	0
Solyc07g160820.1	1	0
Solyc07g021020.4	1.0	0
Solyc09g009732.1	1	0
Solyc07g160840.1	1	0
Solyc09g009733.1	1	0
Solyc07g160850.1	1	0
Solyc07g160860.1	1	0
Solyc08g007610.1	1	0
Solyc07g160870.1	1	0
Solyc09g061690.2	1	0
Solyc07g160880.1	1	0
Solyc08g066960.3	1.0	0
Solyc09g009738.1	1	0
Solyc07g007420.3	1.0	0
Solyc07g021080.1	1	0
Solyc07g160900.1	1	0
Solyc07g021100.1	1	0
Solyc07g160910.1	1	0
Solyc09g061750.3	1.0	0
Solyc07g160940.1	1	0
Solyc07g160950.1	1	0
Solyc07g021140.1	1	0
Solyc07g160960.1	1	0
Solyc07g160970.1	1	0
Solyc07g021152.2	1	0
Solyc07g160980.1	1	0
Solyc07g021155.1	1	0
Solyc07g160990.1	1	0
Solyc08g044440.1	1	0
Solyc07g161000.1	1	0
Solyc09g005240.3	1	0
Solyc07g161010.1	1	0
Solyc08g044480.1	1	0
Solyc07g021180.3	1	0
Solyc09g030380.1	1	0
Solyc07g021205.1	1	0
Solyc08g044550.2	1	0
Solyc07g021210.1	1	0
Solyc08g044560.1	1	0
Solyc08g044590.1	1	0
Solyc07g021220.3	1	0
Solyc07g161040.1	1	0
Solyc07g021230.1	1	0
Solyc07g161050.1	1	0
Solyc08g045620.1	1	0
Solyc09g030455.1	1	0
Solyc09g061910.2	1	0
Solyc09g030460.1	1	0
Solyc09g061920.1	1	0
Solyc07g021250.1	1	0
Solyc07g161070.1	1	0
Solyc09g030470.1	1	0
Solyc07g021260.1	1	0
Solyc08g045737.1	1	0
Solyc07g161080.1	1	0
Solyc07g021270.1	1	0
Solyc08g045740.3	1	0
Solyc07g161090.1	1	0
Solyc07g021280.1	1	0
Solyc07g021290.1	1	0
Solyc08g045760.1	1	0
Solyc07g161110.1	1	0
Solyc08g076700.1	1	0
Solyc07g021350.1	1	0
Solyc08g045800.2	1	0
Solyc07g161120.1	1	0
Solyc07g043440.1	1	0
Solyc07g021360.1	1	0
Solyc07g161130.1	1	0
Solyc07g021370.1	1	0
Solyc07g161140.1	1	0
Solyc07g161150.1	1	0
Solyc08g047880.1	1	0
Solyc07g161160.1	1	0
Solyc08g047885.2	1	0
Solyc08g076760.1	1	0
Solyc08g007850.1	1	0
Solyc09g063040.1	1	0
Solyc08g047960.1	1	0
Solyc08g047990.1	1	0
Solyc09g031550.3	1	0
Solyc08g048010.1	1	0
Solyc07g021405.2	1	0
Solyc08g048070.1	1	0
Solyc09g031570.1	1	0
Solyc09g005410.3	1	0
Solyc07g161180.1	1	0
Solyc09g005420.5	1	0
Solyc07g021410.1	1	0
Solyc08g048150.1	1	0
Solyc09g031573.1	1	0
Solyc07g161190.1	1	0
Solyc06g074920.3	1	0
Solyc07g021440.1	1	0
Solyc08g048160.1	1	0
Solyc09g031577.1	1	0
Solyc06g051600.2	1	0
Solyc08g048170.1	1	0
Solyc08g048180.1	1	0
Solyc09g063157.2	1	0
Solyc07g007745.2	1	0
Solyc07g021460.3	1	0
Solyc07g021490.3	1	0
Solyc07g161220.1	1	0
Solyc07g021500.1	1	0
Solyc07g161230.1	1	0
Solyc08g048233.2	1	0
Solyc07g161240.1	1	0
Solyc07g021505.1	1	0
Solyc07g161250.1	1	0
Solyc07g161260.1	1	0
Solyc08g048300.3	1	0
Solyc07g161270.1	1	0
Solyc09g031620.1	1	0
Solyc07g161280.1	1	0
Solyc08g048320.1	1	0
Solyc08g007960.1	1	0
Solyc07g063360.1	1	0
Solyc09g031630.1	1	0
Solyc09g031640.1	1	0
Solyc09g064300.1	1	0
Solyc07g161300.1	1	0
Solyc09g005520.2	1.0	0
Solyc07g063380.1	1	0
Solyc07g161310.1	1	0
Solyc07g161320.1	1	0
Solyc09g031685.2	1	0
Solyc07g161330.1	1	0
Solyc09g064350.1	1	0
Solyc07g161340.1	1	0
Solyc09g064360.1	1	0
Solyc06g051770.1	1	0
Solyc07g161350.1	1	0
Solyc07g161360.1	1	0
Solyc06g051793.1	1	0
Solyc08g067400.1	1	0
Solyc07g161370.1	1	0
Solyc06g051797.1	1	0
Solyc07g161380.1	1	0
Solyc07g161390.1	1	0
Solyc07g044730.4	1	0
Solyc07g021670.2	1	0
Solyc08g048510.1	1	0
Solyc08g048520.1	1.0	0
Solyc06g051850.2	1	0
Solyc07g161430.1	1	0
Solyc07g021730.3	1	0
Solyc07g021740.2	1	0
Solyc07g161450.1	1	0
Solyc08g048570.1	1	0
Solyc07g161460.1	1	0
Solyc08g054570.3	1	0
Solyc08g081580.4	1.0	0
Solyc07g161470.1	1	0
Solyc06g075200.1	1	0
Solyc08g059650.1	1	0
Solyc07g161480.1	1	0
Solyc07g161490.1	1	0
Solyc07g022800.1	1	0
Solyc08g059690.1	1	0
Solyc07g161500.1	1	0
Solyc06g150106.1	1	0
Solyc07g022810.1	1	0
Solyc07g161510.1	1	0
Solyc07g161530.1	1	0
Solyc07g161540.1	1	0
Solyc07g022840.1	1	0
Solyc07g161550.1	1	0
Solyc09g064550.1	1	0
Solyc06g150113.2	1	0
Solyc06g075280.3	1.0	0
Solyc07g161560.1	1	0
Solyc09g064570.1	1	0
Solyc08g059770.1	1	0
Solyc07g022890.1	1	0
Solyc08g059790.1	1	0
Solyc07g161580.1	1	0
Solyc07g023980.1	1	0
Solyc07g161610.1	1	0
Solyc07g161620.1	1	0
Solyc07g063660.1	1	0
Solyc07g161630.1	1	0
Solyc08g060870.1	1	0
Solyc09g064670.3	1	0
Solyc08g060880.1	1	0
Solyc08g060890.1	1	0
Solyc07g054330.4	1.0	0
Solyc08g060900.3	1	0
Solyc09g005820.1	1	0
Solyc09g037137.2	1	0
Solyc06g075380.1	1	0
Solyc09g037140.1	1	0
Solyc06g064670.3	1	0
Solyc07g161660.1	1	0
Solyc07g024045.1	1	0
Solyc09g037150.1	1	0
Solyc07g054380.2	1	0
Solyc06g052100.3	1	0
Solyc07g161670.1	1	0
Solyc09g064750.2	1.0	0
Solyc09g037170.3	1	0
Solyc09g037180.1	1	0
Solyc09g064770.1	1	0
Solyc09g040190.1	1	0
Solyc08g060945.1	1	0
Solyc07g024080.3	1	0
Solyc06g052115.1	1	0
Solyc09g042200.1	1	0
Solyc07g161690.1	1	0
Solyc07g024090.1	1	0
Solyc08g060957.2	1	0
Solyc07g161700.1	1	0
Solyc08g060960.1	1	0
Solyc06g064710.1	1	0
Solyc08g067710.1	1	0
Solyc06g052140.3	1	0
Solyc07g025100.1	1	0
Solyc09g042267.2	1	0
Solyc06g064730.1	1	0
Solyc08g060977.1	1	0
Solyc09g042280.1	1	0
Solyc07g161730.1	1	0
Solyc07g045060.1	1	0
Solyc06g052145.1	1.0	0
Solyc09g042370.1	1	0
Solyc08g061025.1	1	0
Solyc08g008400.1	1	0
Solyc09g042420.1	1	0
Solyc07g063800.2	1.0	0
Solyc08g061070.1	1	0
Solyc09g042510.1	1	0
Solyc07g063810.2	1.0	0
Solyc09g042520.1	1	0
Solyc09g042570.1	1	0
Solyc06g160010.1	1	0
Solyc07g025180.2	1	0
Solyc06g069850.3	1.0	0
Solyc06g160020.1	1	0
Solyc09g042630.1	1	0
Solyc08g008450.3	1	0
Solyc06g160030.1	1	0
Solyc07g045110.1	1	0
Solyc08g061145.1	1	0
Solyc07g025220.1	1	0
Solyc09g010620.1	1	0
Solyc08g061190.1	1	0
Solyc07g054570.1	1	0
Solyc07g161830.1	1	0
Solyc07g025280.1	1	0
Solyc07g025290.1	1	0
Solyc06g160070.1	1	0
Solyc07g161870.1	1	0
Solyc07g161880.1	1	0
Solyc07g161890.1	1	0
Solyc06g160090.1	1	0
Solyc07g025410.1	1	0
Solyc07g161900.1	1	0
Solyc07g025430.1	1	0
Solyc07g161910.1	1	0
Solyc07g161920.1	1	0
Solyc07g161930.1	1	0
Solyc07g025453.1	1.0	0
Solyc07g161940.1	1	0
Solyc09g042723.1	1	0
Solyc08g061275.1	1	0
Solyc07g161950.1	1	0
Solyc09g042727.1	1	0
Solyc08g061340.1	1	0
Solyc07g161980.1	1	0
Solyc08g061350.1	1	0
Solyc07g161990.1	1	0
Solyc08g061360.1	1	0
Solyc09g064950.1	1	0
Solyc09g010760.2	1	0
Solyc09g042790.1	1	0
Solyc08g061370.1	1	0
Solyc09g042800.1	1	0
Solyc09g064960.2	1	0
Solyc07g026560.4	1	0
Solyc08g067970.3	1.0	0
Solyc07g162020.1	1	0
Solyc07g162030.1	1	0
Solyc06g160150.1	1	0
Solyc08g061400.1	1	0
Solyc07g026605.1	1	0
Solyc08g061410.3	1	0
Solyc08g004005.1	1	0
Solyc08g061420.1	1	0
Solyc06g160170.1	1	0
Solyc08g061430.1	1	0
Solyc06g075710.1	1	0
Solyc08g005040.1	1.0	0
Solyc07g026690.1	1	0
Solyc07g026700.1	1	0
Solyc08g077570.3	1.0	0
Solyc09g048990.4	1	0
Solyc06g075760.3	1	0
Solyc09g050040.1	1	0
Solyc06g160240.1	1	0
Solyc07g064120.2	1.0	0
Solyc09g050060.1	1	0
Solyc07g026780.1	1	0
Solyc06g160260.1	1	0
Solyc06g065130.1	1	0
Solyc09g010890.1	1	0
Solyc06g160280.1	1	0
Solyc09g065090.2	1	0
Solyc06g065160.1	1	0
Solyc08g061660.1	1	0
Solyc08g061680.3	1	0
Solyc06g160310.1	1	0
Solyc08g061690.3	1	0
Solyc06g075860.3	1.0	0
Solyc08g061694.2	1	0
Solyc07g026915.1	1	0
Solyc09g065150.1	1	0
Solyc08g061710.3	1	0
Solyc06g160340.1	1	0
Solyc08g061720.1	1	0
Solyc09g055120.1	1	0
Solyc08g061730.3	1	0
Solyc09g055130.1	1	0
Solyc07g026960.3	1.0	0
Solyc09g055140.1	1	0
Solyc06g160360.1	1	0
Solyc07g026970.2	1	0
Solyc06g160370.1	1	0
Solyc09g055185.1	1	0
Solyc07g026990.1	1	0
Solyc06g160380.1	1	0
Solyc09g055200.1	1	0
Solyc07g027000.1	1	0
Solyc06g160390.1	1	0
Solyc09g055210.1	1	0
Solyc08g061745.1	1	0
Solyc08g013920.3	1.0	0
Solyc09g055220.1	1	0
Solyc06g160400.1	1	0
Solyc08g061748.2	1	0
Solyc06g160410.1	1	0
Solyc09g065210.5	1.0	0
Solyc08g061750.1	1	0
Solyc09g065230.1	1	0
Solyc08g061755.1	1	0
Solyc06g160430.1	1	0
Solyc09g055250.3	1	0
Solyc08g061760.3	1	0
Solyc06g160450.1	1	0
Solyc08g061770.1	1	0
Solyc06g160460.1	1	0
Solyc06g160470.1	1	0
Solyc06g160480.1	1	0
Solyc06g160490.1	1	0
Solyc06g160500.1	1	0
Solyc08g061772.2	1	0
Solyc06g160510.1	1	0
Solyc06g160520.1	1	0
Solyc08g061773.2	1	0
Solyc06g160530.1	1	0
Solyc06g160540.1	1	0
Solyc08g061776.2	1	0
Solyc09g055330.1	1	0
Solyc08g061780.3	1	0
Solyc06g160560.1	1	0
Solyc09g011103.2	1	0
Solyc06g160570.1	1	0
Solyc08g061790.3	1	0
Solyc06g160580.1	1	0
Solyc07g045565.1	1	0
Solyc08g082513.2	1	0
Solyc07g055030.1	1.0	0
Solyc07g032130.1	1	0
Solyc09g055425.3	1	0
Solyc06g160610.1	1	0
Solyc09g055427.1	1	0
Solyc08g061840.1	1	0
Solyc06g160620.1	1	0
Solyc09g055450.2	1	0
Solyc07g045600.1	1	0
Solyc06g160630.1	1	0
Solyc08g082580.3	1.0	0
Solyc09g072910.3	1	0
Solyc08g068470.1	1	0
Solyc09g055510.1	1	0
Solyc09g055520.1	1	0
Solyc06g160680.1	1	0
Solyc08g061920.4	1.0	0
Solyc06g160690.1	1	0
Solyc09g072950.1	1	0
Solyc07g032300.1	1	0
Solyc07g032310.1	1	0
Solyc09g055560.1	1	0
Solyc07g032370.1	1	0
Solyc06g160710.1	1	0
Solyc07g008980.3	1	0
Solyc08g061955.2	1.0	0
Solyc06g160730.1	1	0
Solyc06g160740.1	1	0
Solyc07g032395.1	1	0
Solyc06g160750.1	1	0
Solyc07g032420.3	1	0
Solyc06g160760.1	1	0
Solyc07g032430.1	1	0
Solyc09g055650.3	1	0
Solyc08g061990.1	1	0
Solyc06g160770.1	1	0
Solyc07g032450.1	1	0
Solyc08g062000.3	1	0
Solyc06g160780.1	1	0
Solyc06g053880.1	1	0
Solyc08g062030.1	1	0
Solyc06g160790.1	1	0
Solyc09g055670.1	1	0
Solyc06g160810.1	1	0
Solyc06g160820.1	1	0
Solyc06g160830.1	1	0
Solyc09g055740.1	1	0
Solyc09g065560.3	1.0	0
Solyc09g055750.1	1	0
Solyc08g014245.1	1	0
Solyc08g062070.1	1	0
Solyc06g160850.1	1	0
Solyc09g007580.4	1	0
Solyc08g014250.2	1	0
Solyc07g009040.3	1	0
Solyc07g032530.1	1	0
Solyc09g011290.1	1	0
Solyc07g032570.1	1	0
Solyc09g055790.1	1	0
Solyc07g032590.1	1	0
Solyc06g160880.1	1	0
Solyc09g055800.1	1	0
Solyc07g032595.1	1	0
Solyc09g055820.1	1	0
Solyc08g062090.1	1	0
Solyc09g160770.1	1	0
Solyc08g014310.3	1	0
Solyc07g032600.1	1	0
Solyc07g047840.2	1.0	0
Solyc09g160780.1	1	0
Solyc08g062100.3	1	0
Solyc08g082820.4	1.0	0
Solyc08g062110.3	1	0
Solyc09g160790.1	1	0
Solyc09g160800.1	1	0
Solyc08g062150.1	1	0
Solyc09g160810.1	1	0
Solyc08g062160.1	1	0
Solyc07g032627.1	1	0
Solyc08g005590.5	1.0	0
Solyc09g160820.1	1	0
Solyc09g055880.1	1	0
Solyc08g005600.5	1	0
Solyc09g160830.1	1	0
Solyc07g032680.1	1	0
Solyc09g160840.1	1	0
Solyc09g160860.1	1	0
Solyc08g068780.3	1.0	0
Solyc09g160870.1	1	0
Solyc07g032770.1	1	0
Solyc09g160880.1	1	0
Solyc07g032780.1	1	0
Solyc07g055390.1	1	0
Solyc07g032781.2	1	0
Solyc09g074130.3	1	0
Solyc09g056060.1	1	0
Solyc07g032782.2	1	0
Solyc09g056070.1	1	0
Solyc08g078110.1	1	0
Solyc09g056080.1	1	0
Solyc09g160900.1	1	0
Solyc09g160910.1	1	0
Solyc09g074150.3	1	0
Solyc09g074160.1	1	0
Solyc09g056110.1	1	0
Solyc09g090570.2	1.0	0
Solyc09g074170.3	1	0
Solyc09g160930.1	1	0
Solyc09g160940.1	1	0
Solyc08g062390.1	1	0
Solyc09g011430.1	1.0	0
Solyc09g160950.1	1	0
Solyc09g074185.2	1	0
Solyc08g062430.1	1	0
Solyc09g160960.1	1	0
Solyc08g062433.2	1	0
Solyc07g032810.2	1	0
Solyc07g048020.3	1	0
Solyc09g074200.3	1	0
Solyc06g071690.3	1.0	0
Solyc09g160980.1	1	0
Solyc07g032820.2	1.0	0
Solyc09g160990.1	1	0
Solyc10g039250.2	1	0
Solyc08g014540.1	1	0
Solyc07g037910.3	1	0
Solyc09g161000.1	1	0
Solyc08g068970.3	1.0	0
Solyc07g037920.3	1	0
Solyc08g078190.3	1.0	0
Solyc07g055600.1	1	0
Solyc09g161010.1	1	0
Solyc09g065850.4	1.0	0
Solyc08g062600.3	1	0
Solyc09g011530.3	1	0
Solyc09g056230.4	1	0
Solyc06g071760.1	1.0	0
Solyc09g090685.1	1.0	0
Solyc09g161030.1	1	0
Solyc08g014565.1	1.0	0
Solyc09g161040.1	1	0
Solyc09g056290.4	1	0
Solyc10g039297.1	1	0
Solyc08g014570.3	1.0	0
Solyc10g039350.1	1	0
Solyc09g056310.1	1	0
Solyc10g052715.2	1	0
Solyc09g056320.1	1	0
Solyc09g161060.1	1	0
Solyc09g056330.1	1	0
Solyc10g052745.2	1	0
Solyc09g161090.1	1	0
Solyc10g052800.1	1	0
Solyc09g161100.1	1	0
Solyc09g056440.1	1	0
Solyc09g011680.1	1	0
Solyc10g052813.1	1	0
Solyc09g056453.1	1	0
Solyc10g044447.1	1	0
Solyc07g049120.2	1	0
Solyc09g056490.2	1	0
Solyc07g049130.1	1	0
Solyc09g090830.4	1.0	0
Solyc09g057520.3	1	0
Solyc10g052820.1	1	0
Solyc10g044500.2	1	0
Solyc10g052823.1	1	0
Solyc09g161140.1	1	0
Solyc10g052825.2	1	0
Solyc09g161150.1	1	0
Solyc09g066040.1	1	0
Solyc09g090880.1	1	0
Solyc08g083175.2	1	0
Solyc10g052827.1	1	0
Solyc09g161160.1	1	0
Solyc09g057567.2	1	0
Solyc09g161170.1	1	0
Solyc10g052840.1	1	0
Solyc09g066060.4	1.0	0
Solyc09g161180.1	1	0
Solyc09g161190.1	1	0
Solyc08g083220.1	1.0	0
Solyc09g161200.1	1	0
Solyc09g090910.3	1.0	0
Solyc10g052870.1	1	0
Solyc09g161220.1	1	0
Solyc08g015710.2	1	0
Solyc08g015713.1	1	0
Solyc09g161240.1	1	0
Solyc08g069231.1	1.0	0
Solyc10g053900.2	1	0
Solyc10g044580.1	1	0
Solyc10g161110.1	1	0
Solyc09g057740.1	1	0
Solyc09g161270.1	1	0
Solyc08g069235.1	1	0
Solyc09g161280.1	1	0
Solyc08g078460.3	1.0	0
Solyc09g057810.1	1	0
Solyc09g057820.1	1	0
Solyc07g049290.3	1.0	0
Solyc09g161290.1	1	0
Solyc09g161300.1	1	0
Solyc08g069240.1	1	0
Solyc09g008170.3	1	0
Solyc09g161310.1	1	0
Solyc09g057845.2	1	0
Solyc10g053990.1	1	0
Solyc09g161320.1	1	0
Solyc09g057860.1	1	0
Solyc10g161160.1	1	0
Solyc09g011890.1	1	0
Solyc09g161330.1	1	0
Solyc10g161170.1	1	0
Solyc09g161340.1	1	0
Solyc10g161180.1	1	0
Solyc09g057883.1	1	0
Solyc09g161350.1	1	0
Solyc10g161190.1	1	0
Solyc09g161360.1	1	0
Solyc10g161200.1	1	0
Solyc09g066270.3	1	0
Solyc09g161370.1	1	0
Solyc10g161210.1	1	0
Solyc09g057930.3	1	0
Solyc09g161380.1	1	0
Solyc10g008600.3	1.0	0
Solyc09g161390.1	1	0
Solyc08g074320.1	1	0
Solyc10g161230.1	1	0
Solyc09g161400.1	1	0
Solyc08g074330.3	1	0
Solyc09g161410.1	1	0
Solyc10g044780.2	1.0	0
Solyc10g161250.1	1	0
Solyc09g074620.3	1.0	0
Solyc10g161260.1	1	0
Solyc08g015900.2	1	0
Solyc10g161280.1	1	0
Solyc09g012010.1	1	0
Solyc10g161290.1	1	0
Solyc09g058960.1	1	0
Solyc09g012020.1	1	0
Solyc09g058970.1	1	0
Solyc09g066330.2	1	0
Solyc09g161440.1	1	0
Solyc10g161310.1	1	0
Solyc08g015930.1	1	0
Solyc09g058973.2	1	0
Solyc10g161320.1	1	0
Solyc09g161450.1	1	0
Solyc10g161330.1	1	0
Solyc09g058975.2	1	0
Solyc10g161340.1	1	0
Solyc09g161460.1	1	0
Solyc10g161350.1	1	0
Solyc09g058977.2	1	0
Solyc09g161470.1	1	0
Solyc10g161370.1	1	0
Solyc10g161380.1	1	0
Solyc10g161390.1	1	0
Solyc10g054135.2	1	0
Solyc11g007570.2	1.0	0
Solyc10g161400.1	1	0
Solyc10g054160.2	1	0
Solyc10g044940.1	1	0
Solyc10g054170.3	1	0
Solyc10g161420.1	1	0
Solyc09g161500.1	1	0
Solyc10g054200.1	1	0
Solyc10g054203.1	1	0
Solyc10g078890.2	1	0
Solyc10g161440.1	1	0
Solyc07g065340.1	1.0	0
Solyc10g161450.1	1	0
Solyc10g054207.1	1	0
Solyc10g044970.1	1	0
Solyc09g161520.1	1	0
Solyc10g044975.2	1	0
Solyc10g054210.2	1	0
Solyc10g161470.1	1	0
Solyc10g008800.5	1.0	0
Solyc10g044980.3	1	0
Solyc10g054240.1	1	0
Solyc08g016075.1	1	0
Solyc10g054260.2	1	0
Solyc10g045020.1	1	0
Solyc09g161540.1	1	0
Solyc10g045030.1	1	0
Solyc10g054270.3	1	0
Solyc09g161550.1	1	0
Solyc09g074800.2	1	0
Solyc08g016100.1	1	0
Solyc10g161510.1	1	0
Solyc08g150106.1	1	0
Solyc10g161520.1	1	0
Solyc08g016110.1	1	0
Solyc10g161530.1	1	0
Solyc10g045080.2	1	0
Solyc10g084330.1	1	0
Solyc10g054290.1	1	0
Solyc08g016120.1	1	0
Solyc10g045090.3	1	0
Solyc10g161550.1	1	0
Solyc09g161580.1	1	0
Solyc10g161570.1	1	0
Solyc09g072500.1	1	0
Solyc10g054310.1	1	0
Solyc10g045140.1	1	0
Solyc09g161590.1	1	0
Solyc10g161580.1	1	0
Solyc09g072540.2	1	0
Solyc10g045150.1	1	0
Solyc09g072550.3	1	0
Solyc10g161600.1	1	0
Solyc10g161610.1	1	0
Solyc09g014260.1	1	0
Solyc10g161620.1	1	0
Solyc09g161610.1	1	0
Solyc09g014270.1	1	0
Solyc10g161630.1	1	0
Solyc11g065060.1	1	0
Solyc10g161650.1	1	0
Solyc10g161660.1	1	0
Solyc08g078830.1	1	0
Solyc09g161630.1	1	0
Solyc10g161670.1	1	0
Solyc11g039390.1	1	0
Solyc10g161680.1	1	0
Solyc09g091290.1	1	0
Solyc10g161690.1	1	0
Solyc09g091300.1	1	0
Solyc11g039400.1	1	0
Solyc10g161700.1	1	0
Solyc08g016250.1	1	0
Solyc09g091310.1	1	0
Solyc10g161710.1	1	0
Solyc08g016260.1	1	0
Solyc09g091320.1	1	0
Solyc11g039410.3	1	0
Solyc10g161720.1	1	0
Solyc09g091330.1	1	0
Solyc10g079020.1	1.0	0
Solyc10g161730.1	1	0
Solyc11g039420.3	1	0
Solyc10g161740.1	1	0
Solyc10g079030.2	1	0
Solyc11g039480.1	1	0
Solyc09g161670.1	1	0
Solyc09g091350.1	1	0
Solyc11g071620.3	1.0	0
Solyc09g091360.1	1	0
Solyc09g161680.1	1	0
Solyc10g161750.1	1	0
Solyc11g039540.1	1	0
Solyc08g016290.2	1	0
Solyc11g071630.1	1	0
Solyc11g039550.1	1	0
Solyc08g150121.2	1	0
Solyc08g016317.1	1	0
Solyc10g161770.1	1	0
Solyc09g161710.1	1	0
Solyc08g150122.1	1	0
Solyc09g161720.1	1	0
Solyc08g016340.1	1	0
Solyc10g161780.1	1	0
Solyc09g161730.1	1	0
Solyc08g150127.1	1	0
Solyc08g016350.1	1	0
Solyc09g161740.1	1	0
Solyc09g014390.1	1	0
Solyc10g161790.1	1	0
Solyc10g054420.2	1.0	0
Solyc08g016360.1	1	0
Solyc09g161750.1	1	0
Solyc08g016370.1	1	0
Solyc11g039590.3	1	0
Solyc09g161760.1	1	0
Solyc10g161800.1	1	0
Solyc09g161770.1	1	0
Solyc09g161780.1	1	0
Solyc08g150129.1	1	0
Solyc11g162120.1	1	0
Solyc10g161810.1	1	0
Solyc10g045370.1	1	0
Solyc10g054450.1	1	0
Solyc10g161820.1	1	0
Solyc09g161800.1	1	0
Solyc10g054455.1	1	0
Solyc09g161810.1	1	0
Solyc09g014430.1	1	0
Solyc09g075045.1	1	0
Solyc09g161820.1	1	0
Solyc11g162160.1	1	0
Solyc10g161840.1	1	0
Solyc11g162170.1	1	0
Solyc09g161840.1	1	0
Solyc11g162180.1	1	0
Solyc09g161850.1	1	0
Solyc08g016430.1	1	0
Solyc09g161860.1	1	0
Solyc11g162190.1	1	0
Solyc11g065240.2	1.0	0
Solyc08g016433.2	1	0
Solyc09g161870.1	1	0
Solyc10g161860.1	1	0
Solyc11g162200.1	1	0
Solyc11g039710.1	1	0
Solyc11g162210.1	1	0
Solyc10g054500.1	1	0
Solyc11g013370.3	1.0	0
Solyc11g039713.2	1	0
Solyc11g162220.1	1	0
Solyc11g039717.1	1	0
Solyc10g079130.2	1.0	0
Solyc08g016444.2	1	0
Solyc11g039720.1	1	0
Solyc10g161880.1	1	0
Solyc09g161890.1	1	0
Solyc11g162230.1	1	0
Solyc10g045440.1	1	0
Solyc11g039730.1	1	0
Solyc11g071790.2	1.0	0
Solyc10g161890.1	1	0
Solyc09g075120.3	1.0	0
Solyc11g013400.3	1.0	0
Solyc11g013410.2	1	0
Solyc11g065300.1	1	0
Solyc09g161910.1	1	0
Solyc11g039760.1	1	0
Solyc10g045453.1	1	0
Solyc11g039780.1	1	0
Solyc11g007870.1	1.0	0
Solyc11g039800.2	1	0
Solyc09g075150.3	1.0	0
Solyc11g039805.1	1	0
Solyc10g054550.1	1	0
Solyc10g161920.1	1	0
Solyc11g007880.1	1.0	0
Solyc10g161930.1	1	0
Solyc11g162270.1	1	0
Solyc09g161940.1	1	0
Solyc10g161940.1	1	0
Solyc08g016570.1	1	0
Solyc09g072830.4	1.0	0
Solyc10g161950.1	1	0
Solyc10g009250.1	1	0
Solyc10g045510.1	1	0
Solyc11g039850.1	1	0
Solyc10g161960.1	1	0
Solyc10g161970.1	1	0
Solyc11g013537.2	1	0
Solyc10g161980.1	1	0
Solyc09g161970.1	1	0
Solyc11g039900.3	1	0
Solyc10g161990.1	1	0
Solyc09g161980.1	1	0
Solyc10g009290.1	1.0	0
Solyc11g065410.1	1	0
Solyc10g162000.1	1	0
Solyc09g161990.1	1	0
Solyc08g016650.1	1	0
Solyc12g020020.1	1	0
Solyc10g162020.1	1	0
Solyc11g007940.2	1.0	0
Solyc12g020030.1	1	0
Solyc09g162010.1	1	0
Solyc10g045585.2	1	0
Solyc11g013580.1	1	0
Solyc09g014642.1	1	0
Solyc10g162030.1	1	0
Solyc09g162020.1	1	0
Solyc10g045590.1	1	0
Solyc09g014643.1	1	0
Solyc09g162030.1	1	0
Solyc12g020040.1	1	0
Solyc09g014644.1	1	0
Solyc12g082790.1	1	0
Solyc11g013600.2	1	0
Solyc10g054760.1	1	0
Solyc12g082791.1	1	0
Solyc12g082792.1	1	0
Solyc10g162060.1	1	0
Solyc10g045623.2	1	0
Solyc09g014646.1	1	0
Solyc10g162070.1	1	0
Solyc09g014647.1	1	0
Solyc11g040020.3	1	0
Solyc10g162080.1	1	0
Solyc09g014648.1	1	0
Solyc10g162090.1	1	0
Solyc12g082795.1	1	0
Solyc09g014649.1	1	0
Solyc10g162100.1	1	0
Solyc11g013635.1	1	0
Solyc09g014690.3	1	0
Solyc09g162080.1	1	0
Solyc10g162110.1	1	0
Solyc11g013637.1	1	0
Solyc09g014700.3	1	0
Solyc12g010490.3	1	0
Solyc09g162090.1	1	0
Solyc10g045660.2	1	0
Solyc12g082798.1	1	0
Solyc11g065590.1	1	0
Solyc10g162120.1	1	0
Solyc09g014705.1	1	0
Solyc09g162100.1	1	0
Solyc10g045690.1	1	0
Solyc12g021140.1	1	0
Solyc10g162130.1	1	0
Solyc12g005200.3	1.0	0
Solyc11g013670.1	1	0
Solyc10g162140.1	1	0
Solyc11g013675.2	1	0
Solyc10g162150.1	1	0
Solyc10g045723.2	1	0
Solyc11g040080.1	1	0
Solyc11g013680.1	1	0
Solyc10g162160.1	1	0
Solyc10g045727.1	1	0
Solyc10g009440.4	1	0
Solyc11g040090.1	1	0
Solyc10g162170.1	1	0
Solyc10g045730.1	1	0
Solyc11g040100.1	1	0
Solyc10g162180.1	1	0
Solyc10g045750.1	1	0
Solyc10g054940.1	1	0
Solyc10g162190.1	1	0
Solyc10g009460.1	1	0
Solyc10g054950.3	1	0
Solyc10g045760.3	1	0
Solyc10g162200.1	1	0
Solyc10g054960.1	1	0
Solyc10g162210.1	1	0
Solyc10g054970.1	1	0
Solyc11g013720.1	1	0
Solyc12g021193.1	1	0
Solyc10g054975.2	1	0
Solyc10g162220.1	1	0
Solyc10g054980.3	1	0
Solyc10g162230.1	1	0
Solyc10g054990.3	1	0
Solyc10g162240.1	1	0
Solyc10g045770.3	1	0
Solyc12g021197.1	1	0
Solyc10g055000.3	1	0
Solyc10g079410.2	1.0	0
Solyc10g162250.1	1	0
Solyc10g055020.3	1	0
Solyc10g055030.1	1	0
Solyc10g045777.2	1	0
Solyc09g014800.3	1	0
Solyc10g055035.1	1	0
Solyc10g055040.3	1	0
Solyc12g021250.3	1	0
Solyc10g055050.2	1	0
Solyc12g021260.1	1	0
Solyc11g040160.1	1	0
Solyc10g055060.3	1	0
Solyc10g046775.2	1	0
Solyc10g162280.1	1	0
Solyc12g021265.1	1	0
Solyc10g046790.1	1	0
Solyc10g055070.1	1	0
Solyc10g046800.3	1	0
Solyc10g162290.1	1	0
Solyc12g087950.1	1.0	0
Solyc10g046803.1	1	0
Solyc10g162300.1	1	0
Solyc10g046807.2	1	0
Solyc10g055090.1	1	0
Solyc10g046810.1	1	0
Solyc10g162310.1	1	0
Solyc10g046820.3	1	0
Solyc09g014870.1	1	0
Solyc10g055100.1	1	0
Solyc10g162320.1	1	0
Solyc10g055110.3	1	0
Solyc10g162330.1	1	0
Solyc10g046840.1	1	0
Solyc11g008190.1	1	0
Solyc10g162340.1	1	0
Solyc10g055130.2	1	0
Solyc10g055150.1	1	0
Solyc10g162350.1	1	0
Solyc10g005150.3	1	0
Solyc10g005160.1	1	0
Solyc10g055170.1	1	0
Solyc10g055180.1	1	0
Solyc10g162370.1	1	0
Solyc10g046880.1	1	0
Solyc10g055193.1	1	0
Solyc12g026370.2	1	0
Solyc10g162390.1	1	0
Solyc12g026380.2	1	0
Solyc10g162400.1	1	0
Solyc10g162410.1	1	0
Solyc10g009620.3	1.0	0
Solyc10g162420.1	1	0
Solyc12g026410.1	1	0
Solyc10g009630.1	1	0
Solyc11g072270.3	1.0	0
Solyc11g013860.1	1	0
Solyc10g162440.1	1	0
Solyc12g027480.1	1	0
Solyc10g162460.1	1	0
Solyc12g027490.1	1	0
Solyc12g010770.1	1	0
Solyc12g044220.3	1.0	0
Solyc10g011710.1	1	0
Solyc11g040400.1	1	0
Solyc10g162500.1	1	0
Solyc10g162510.1	1	0
Solyc10g162520.1	1	0
Solyc11g065890.2	1.0	0
Solyc12g005465.3	1	0
Solyc11g016910.1	1	0
Solyc10g162540.1	1	0
Solyc10g079680.3	1	0
Solyc11g042421.2	1	0
Solyc11g016920.1	1	0
Solyc10g055280.1	1	0
Solyc12g027700.1	1	0
Solyc12g088120.1	1	0
Solyc10g055300.3	1	0
Solyc10g055310.1	1	0
Solyc11g042450.1	1	0
Solyc10g162570.1	1	0
Solyc10g055350.1	1	0
Solyc10g055360.1	1	0
Solyc10g047100.1	1	0
Solyc10g162600.1	1	0
Solyc11g042520.1	1	0
Solyc12g027805.1	1	0
Solyc12g027810.1	1	0
Solyc10g162640.1	1	0
Solyc10g162650.1	1	0
Solyc12g027840.1	1	0
Solyc10g162670.1	1	0
Solyc10g162680.1	1	0
Solyc10g162690.1	1	0
Solyc10g047160.1	1	0
Solyc10g162700.1	1	0
Solyc11g042650.1	1	0
Solyc10g079760.1	1	0
Solyc10g055470.2	1.0	0
Solyc10g162710.1	1	0
Solyc10g162720.1	1	0
Solyc11g042720.1	1	0
Solyc10g162730.1	1	0
Solyc11g042730.3	1	0
Solyc10g162740.1	1	0
Solyc10g011840.3	1	0
Solyc10g079780.1	1	0
Solyc12g044430.1	1	0
Solyc11g042760.1	1	0
Solyc10g162770.1	1	0
Solyc11g042770.1	1	0
Solyc10g047230.1	1	0
Solyc11g066030.1	1	0
Solyc12g044520.2	1	0
Solyc12g032920.3	1	0
Solyc11g017105.2	1	0
Solyc12g044540.4	1	0
Solyc12g032940.1	1	0
Solyc12g044560.1	1	0
Solyc12g044570.1	1	0
Solyc10g047310.1	1	0
Solyc12g044585.1	1	0
Solyc10g162840.1	1	0
Solyc12g044590.1	1	0
Solyc12g032990.2	1	0
Solyc10g162850.1	1	0
Solyc09g075950.1	1.0	0
Solyc12g033000.1	1	0
Solyc10g162860.1	1	0
Solyc11g042910.1	1	0
Solyc10g162870.1	1	0
Solyc10g162880.1	1	0
Solyc10g162890.1	1	0
Solyc11g072605.1	1.0	0
Solyc12g044645.2	1	0
Solyc10g162900.1	1	0
Solyc11g042960.1	1	0
Solyc12g044650.3	1	0
Solyc11g042970.1	1	0
Solyc12g044660.3	1	0
Solyc10g047410.1	1.0	0
Solyc10g162920.1	1	0
Solyc10g047480.1	1	0
Solyc11g043000.1	1	0
Solyc12g011110.1	1	0
Solyc10g047490.1	1	0
Solyc11g043010.1	1	0
Solyc11g066165.2	1	0
Solyc10g012005.2	1	0
Solyc11g043020.1	1	0
Solyc11g043030.1	1	0
Solyc10g047510.1	1	0
Solyc12g099460.1	1	0
Solyc11g043040.1	1	0
Solyc11g043050.1	1	0
Solyc09g076053.1	1	0
Solyc12g044697.2	1	0
Solyc10g047550.1	1	0
Solyc11g043080.3	1	0
Solyc09g092370.1	1	0
Solyc10g047565.2	1	0
Solyc10g047570.2	1	0
Solyc11g043100.1	1	0
Solyc10g012090.2	1	0
Solyc12g099500.2	1.0	0
Solyc10g005680.2	1.0	0
Solyc10g047595.1	1	0
Solyc10g061840.3	1	0
Solyc10g047600.1	1	0
Solyc09g082090.1	1	0
Solyc12g011210.1	1	0
Solyc12g011215.1	1	0
Solyc12g044750.3	1	0
Solyc10g012140.2	1	0
Solyc10g012150.1	1	0
Solyc11g008630.3	1.0	0
Solyc12g035290.1	1	0
Solyc12g011237.1	1	0
Solyc12g044770.1	1	0
Solyc12g035300.1	1	0
Solyc11g072750.3	1	0
Solyc12g044775.2	1	0
Solyc10g012180.1	1	0
Solyc10g061885.1	1	0
Solyc12g044790.1	1	0
Solyc12g088610.1	1	0
Solyc12g011255.2	1	0
Solyc12g035380.1	1	0
Solyc12g088620.3	1	0
Solyc11g072780.1	1	0
Solyc10g061890.1	1	0
Solyc12g088630.3	1.0	0
Solyc12g044830.1	1	0
Solyc10g047700.3	1	0
Solyc12g035450.2	1	0
Solyc10g047708.2	1	0
Solyc12g035460.4	1	0
Solyc12g044860.3	1.0	0
Solyc10g047720.1	1	0
Solyc10g047730.1	1	0
Solyc10g012280.2	1	0
Solyc11g008720.3	1.0	0
Solyc10g047740.1	1	0
Solyc10g085700.1	1.0	0
Solyc12g035510.1	1	0
Solyc10g047743.2	1	0
Solyc10g047760.1	1	0
Solyc10g012330.1	1	0
Solyc11g044365.2	1	0
Solyc10g012340.1	1	0
Solyc11g044367.2	1	0
Solyc10g061990.3	1	0
Solyc10g012350.3	1	0
Solyc11g044370.1	1	0
Solyc12g035555.2	1	0
Solyc10g012370.3	1.0	0
Solyc10g047770.1	1	0
Solyc10g062010.1	1	0
Solyc12g035580.1	1	0
Solyc10g047774.2	1	0
Solyc12g035610.1	1	0
Solyc10g062035.2	1	0
Solyc10g047780.1	1	0
Solyc10g062040.3	1	0
Solyc10g062050.1	1	0
Solyc10g047800.1	1	0
Solyc10g085780.1	1	0
Solyc11g044400.1	1.0	0
Solyc10g062060.1	1	0
Solyc10g062070.1	1	0
Solyc12g044952.1	1	0
Solyc10g062080.1	1	0
Solyc10g062085.3	1	0
Solyc10g062090.1	1	0
Solyc10g047820.1	1	0
Solyc10g047821.2	1	0
Solyc09g082310.2	1.0	0
Solyc10g062110.2	1	0
Solyc10g062120.1	1	0
Solyc12g035730.1	1	0
Solyc12g035740.1	1	0
Solyc12g035750.1	1	0
Solyc11g044470.3	1.0	0
Solyc12g049040.1	1	0
Solyc12g035760.1	1	0
Solyc12g049060.1	1	0
Solyc12g035770.1	1	0
Solyc12g049070.1	1	0
Solyc12g049090.3	1	0
Solyc10g062230.1	1	0
Solyc12g035820.3	1	0
Solyc12g049130.1	1	0
Solyc12g013480.3	1	0
Solyc12g035825.2	1	0
Solyc11g018625.1	1	0
Solyc12g035840.1	1	0
Solyc11g018630.1	1	0
Solyc11g018640.1	1	0
Solyc12g049160.1	1	0
Solyc11g018650.1	1	0
Solyc10g047970.1	1	0
Solyc12g035860.1	1	0
Solyc10g073350.2	1	0
Solyc12g035870.3	1	0
Solyc12g035880.1	1	0
Solyc12g035890.3	1	0
Solyc10g017560.1	1	0
Solyc12g035910.1	1	0
Solyc12g049180.1	1	0
Solyc10g048000.3	1	0
Solyc11g008950.1	1	0
Solyc12g035940.1	1	0
Solyc11g044570.3	1	0
Solyc12g035950.1	1	0
Solyc11g044580.2	1	0
Solyc10g074370.1	1	0
Solyc11g044593.2	1	0
Solyc12g035960.1	1	0
Solyc10g074380.3	1	0
Solyc10g048040.1	1	0
Solyc12g035970.1	1	0
Solyc12g006110.3	1	0
Solyc12g088860.3	1	0
Solyc12g035980.1	1	0
Solyc11g044643.2	1	0
Solyc12g035990.1	1	0
Solyc12g036000.1	1	0
Solyc12g036010.1	1	0
Solyc10g074410.2	1	0
Solyc11g044647.1	1	0
Solyc12g036020.1	1	0
Solyc10g074420.2	1	0
Solyc12g036030.1	1	0
Solyc10g048080.3	1	0
Solyc10g017680.1	1	0
Solyc12g036090.3	1	0
Solyc10g074438.2	1	0
Solyc11g018853.2	1	0
Solyc11g018855.1	1	0
Solyc11g044680.3	1	0
Solyc12g013700.2	1.0	0
Solyc12g006220.3	1.0	0
Solyc11g019850.1	1	0
Solyc11g044690.1	1	0
Solyc10g048120.3	1	0
Solyc11g019860.4	1	0
Solyc10g017720.1	1	0
Solyc11g019870.4	1	0
Solyc10g017753.1	1	0
Solyc11g005500.1	1	0
Solyc11g019880.3	1	0
Solyc10g017757.1	1	0
Solyc10g017760.3	1	0
Solyc11g019890.3	1	0
Solyc10g048150.3	1	0
Solyc10g017770.2	1	0
Solyc11g019895.2	1	0
Solyc10g074465.2	1	0
Solyc10g017790.1	1	0
Solyc11g005525.1	1	0
Solyc11g044815.2	1	0
Solyc11g019900.1	1	0
Solyc11g044820.1	1	0
Solyc11g044830.1	1	0
Solyc10g086090.2	1	0
Solyc10g017860.1	1	0
Solyc10g086110.1	1.0	0
Solyc10g086137.3	1	0
Solyc12g049365.1	1	0
Solyc10g017910.3	1	0
Solyc11g044930.1	1	0
Solyc11g019990.5	1	0
Solyc12g036263.1	1	0
Solyc10g049265.1	1	0
Solyc10g017920.1	1.0	0
Solyc11g044947.1	1	0
Solyc11g020015.2	1	0
Solyc12g036280.1	1	0
Solyc11g044980.1	1.0	0
Solyc12g049390.2	1.0	0
Solyc12g036287.1	1	0
Solyc11g020090.1	1	0
Solyc10g049335.1	1	0
Solyc10g049350.1	1	0
Solyc12g036350.1	1	0
Solyc10g074647.1	1	0
Solyc11g020150.1	1	0
Solyc12g089200.3	1	0
Solyc10g049380.1	1	0
Solyc12g013930.3	1	0
Solyc10g049400.3	1	0
Solyc10g017985.1	1	0
Solyc10g049410.1	1	0
Solyc12g036430.3	1	0
Solyc10g049415.2	1	0
Solyc10g049430.1	1	0
Solyc12g150100.1	1	0
Solyc11g073290.1	1	0
Solyc10g049440.1	1	0
Solyc11g020217.2	1	0
Solyc10g049450.2	1	0
Solyc11g005740.2	1.0	0
Solyc10g018020.3	1	0
Solyc10g074730.3	1.0	0
Solyc11g020240.1	1	0
Solyc10g018035.1	1	0
Solyc11g020245.1	1	0
Solyc12g150104.1	1	0
Solyc11g073315.1	1	0
Solyc10g049474.1	1.0	0
Solyc10g018050.2	1	0
Solyc10g018060.2	1	0
Solyc10g074780.1	1	0
Solyc10g018070.1	1	0
Solyc12g150107.1	1	0
Solyc12g036570.1	1	0
Solyc12g036590.1	1	0
Solyc12g049660.1	1	0
Solyc09g082840.1	1	0
Solyc10g049510.3	1	0
Solyc12g049665.2	1	0
Solyc10g018110.1	1	0
Solyc09g082850.1	1	0
Solyc12g036600.3	1	0
Solyc12g055680.3	1	0
Solyc12g036640.1	1	0
Solyc11g150105.2	1	0
Solyc11g020310.1	1	0
Solyc11g020320.1	1.0	0
Solyc10g074826.1	1	0
Solyc11g150108.1	1	0
Solyc11g045290.1	1	0
Solyc12g036675.2	1	0
Solyc11g150109.1	1	0
Solyc11g020340.1	1	0
Solyc11g020345.2	1	0
Solyc11g045320.1	1	0
Solyc11g150115.1	1	0
Solyc11g020350.1	1	0
Solyc09g098340.3	1.0	0
Solyc11g020358.2	1	0
Solyc12g150120.1	1	0
Solyc11g020360.3	1	0
Solyc10g018193.1	1	0
Solyc11g150119.1	1	0
Solyc12g150121.2	1	0
Solyc11g020363.1	1	0
Solyc10g018200.2	1	0
Solyc11g150120.1	1	0
Solyc11g020365.1	1	0
Solyc11g067167.2	1	0
Solyc11g150121.1	1	0
Solyc11g020367.1	1	0
Solyc10g080850.1	1	0
Solyc11g045340.3	1	0
Solyc12g150126.2	1	0
Solyc10g006630.3	1.0	0
Solyc11g020370.1	1	0
Solyc11g020380.3	1	0
Solyc09g098410.3	1	0
Solyc11g045360.1	1	0
Solyc11g020390.1	1	0
Solyc12g150129.1	1	0
Solyc12g036825.1	1	0
Solyc12g150130.1	1	0
Solyc11g150124.1	1	0
Solyc11g020400.1	1	0
Solyc12g160010.1	1	0
Solyc11g150125.2	1	0
Solyc11g020420.1	1	0
Solyc11g067220.2	1.0	0
Solyc12g014260.1	1.0	0
Solyc11g020430.3	1	0
Solyc12g160030.1	1	0
Solyc12g160040.1	1	0
Solyc10g049667.1	1	0
Solyc11g020433.1	1	0
Solyc12g160050.1	1	0
Solyc11g020437.1	1	0
Solyc12g160060.1	1	0
Solyc12g160070.1	1	0
Solyc10g080980.2	1.0	0
Solyc11g020460.1	1	0
Solyc11g150128.1	1	0
Solyc12g006720.1	1	0
Solyc10g018330.3	1	0
Solyc10g086610.1	1	0
Solyc11g020470.1	1	0
Solyc12g160090.1	1	0
Solyc11g150133.1	1	0
Solyc12g160100.1	1	0
Solyc10g018355.2	1	0
Solyc11g020478.2	1	0
Solyc10g018380.3	1	0
Solyc11g045450.3	1	0
Solyc11g150137.1	1	0
Solyc12g014340.1	1	0
Solyc11g020490.3	1	0
Solyc11g150138.1	1	0
Solyc12g160120.1	1	0
Solyc10g049775.1	1	0
Solyc11g020493.2	1	0
Solyc10g018450.1	1	0
Solyc11g020498.2	1	0
Solyc10g018460.1	1	0
Solyc12g160140.1	1	0
Solyc12g160150.1	1	0
Solyc11g020500.3	1	0
Solyc12g160160.1	1	0
Solyc10g018470.1	1	0
Solyc11g020503.1	1	0
Solyc09g083100.1	1.0	0
Solyc12g160170.1	1	0
Solyc11g067310.4	1	0
Solyc12g160180.1	1	0
Solyc11g045540.1	1	0
Solyc11g020507.1	1	0
Solyc09g098540.3	1.0	0
Solyc11g006100.1	1	0
Solyc11g045550.1	1	0
Solyc11g020510.1	1	0
Solyc11g045560.1	1	0
Solyc11g045570.1	1	0
Solyc12g160200.1	1	0
Solyc10g018490.1	1	0
Solyc11g006120.1	1	0
Solyc11g020520.3	1	0
Solyc12g037990.2	1	0
Solyc11g067330.1	1	0
Solyc10g018500.1	1	0
Solyc11g020530.3	1	0
Solyc12g038010.1	1	0
Solyc11g045615.2	1	0
Solyc12g038020.3	1	0
Solyc12g160220.1	1	0
Solyc10g049815.1	1.0	0
Solyc12g160230.1	1	0
Solyc11g045675.1	1	0
Solyc11g160020.1	1	0
Solyc12g160250.1	1	0
Solyc09g083167.1	1	0
Solyc12g038070.1	1	0
Solyc10g049840.1	1	0
Solyc11g160030.1	1	0
Solyc11g020575.1	1	0
Solyc10g018550.1	1	0
Solyc12g160290.1	1	0
Solyc11g050730.1	1	0
Solyc11g020580.1	1	0
Solyc11g050735.1	1	0
Solyc12g038110.1	1	0
Solyc12g038120.3	1	0
Solyc09g098603.1	1	0
Solyc10g049900.1	1	0
Solyc11g050790.1	1	0
Solyc12g160320.1	1	0
Solyc10g018620.1	1	0
Solyc12g160330.1	1	0
Solyc12g160340.1	1	0
Solyc12g160350.1	1	0
Solyc11g020620.1	1.0	0
Solyc12g160360.1	1	0
Solyc12g038145.2	1	0
Solyc11g006280.1	1	0
Solyc11g160100.1	1	0
Solyc12g038150.1	1	0
Solyc11g050840.1	1	0
Solyc12g160380.1	1	0
Solyc12g038170.1	1	0
Solyc12g038180.1	1	0
Solyc11g160120.1	1	0
Solyc12g056060.3	1	0
Solyc10g018690.1	1	0
Solyc10g086787.1	1.0	0
Solyc10g018700.1	1	0
Solyc11g160130.1	1	0
Solyc10g018705.2	1	0
Solyc11g020690.1	1	0
Solyc11g160140.1	1	0
Solyc12g038210.2	1	0
Solyc12g014615.1	1.0	0
Solyc11g006330.1	1	0
Solyc10g049990.1	1	0
Solyc10g049992.2	1	0
Solyc12g038225.1	1	0
Solyc12g160430.1	1	0
Solyc10g049997.1	1	0
Solyc11g050903.2	1	0
Solyc12g160440.1	1	0
Solyc11g160170.1	1	0
Solyc10g050040.1	1	0
Solyc12g160450.1	1	0
Solyc11g160180.1	1	0
Solyc10g018770.1	1	0
Solyc12g056115.1	1	0
Solyc10g050050.1	1.0	0
Solyc11g050960.1	1	0
Solyc11g050990.1	1	0
Solyc11g160200.1	1	0
Solyc10g050065.1	1	0
Solyc12g015670.2	1	0
Solyc11g051010.3	1	0
Solyc09g150108.1	1	0
Solyc11g051020.3	1	0
Solyc12g160490.1	1	0
Solyc12g038347.1	1	0
Solyc10g050090.1	1	0
Solyc12g160500.1	1	0
Solyc12g160510.1	1	0
Solyc11g006400.2	1.0	0
Solyc10g018860.1	1	0
Solyc11g020875.2	1	0
Solyc11g051060.2	1.0	0
Solyc11g160240.1	1	0
Solyc12g160530.1	1	0
Solyc10g018880.1	1	0
Solyc12g038390.1	1	0
Solyc11g160250.1	1	0
Solyc12g160540.1	1	0
Solyc11g020905.1	1	0
Solyc12g160550.1	1	0
Solyc10g050140.1	1	0
Solyc12g160560.1	1	0
Solyc10g050150.1	1	0
Solyc12g038410.2	1	0
Solyc12g160570.1	1	0
Solyc10g150111.1	1	0
Solyc12g015750.1	1	0
Solyc09g150120.1	1	0
Solyc10g018930.1	1	0
Solyc12g160580.1	1	0
Solyc12g038440.1	1	0
Solyc10g018940.1	1	0
Solyc12g015760.1	1	0
Solyc12g160590.1	1	0
Solyc11g160280.1	1	0
Solyc10g018950.1	1	0
Solyc12g160600.1	1	0
Solyc10g018953.1	1	0
Solyc10g050180.1	1	0
Solyc12g160610.1	1	0
Solyc11g160290.1	1	0
Solyc12g160620.1	1	0
Solyc10g018957.1	1	0
Solyc12g160630.1	1	0
Solyc11g051171.1	1	0
Solyc10g150120.1	1	0
Solyc12g160650.1	1	0
Solyc11g160310.1	1	0
Solyc11g051172.1	1	0
Solyc12g160660.1	1	0
Solyc11g051173.1	1	0
Solyc11g051174.1	1	0
Solyc11g160330.1	1	0
Solyc11g011270.1	1	0
Solyc12g160690.1	1	0
Solyc10g007152.2	1	0
Solyc09g150130.1	1.0	0
Solyc10g019010.1	1	0
Solyc10g019015.1	1	0
Solyc09g150131.1	1	0
Solyc12g160710.1	1	0
Solyc11g051178.1	1	0
Solyc11g160350.1	1	0
Solyc10g019020.1	1	0
Solyc11g056260.2	1	0
Solyc12g160730.1	1	0
Solyc10g050280.2	1	0
Solyc12g160740.1	1	0
Solyc10g050290.2	1	0
Solyc12g160750.1	1	0
Solyc10g050300.2	1	0
Solyc10g150134.1	1	0
Solyc10g076430.1	1	0
Solyc10g050310.1	1	0
Solyc11g160380.1	1	0
Solyc12g160760.1	1	0
Solyc10g050350.1	1	0
Solyc10g019090.1	1	0
Solyc10g050370.2	1	0
Solyc11g160390.1	1	0
Solyc11g021067.1	1.0	0
Solyc10g050380.2	1	0
Solyc11g160400.1	1	0
Solyc10g050400.1	1	0
Solyc12g160780.1	1	0
Solyc12g038660.1	1	0
Solyc11g160410.1	1	0
Solyc09g089600.1	1	0
Solyc10g007200.3	1.0	0
Solyc12g160790.1	1	0
Solyc11g021120.1	1	0
Solyc11g160420.1	1	0
Solyc11g160430.1	1	0
Solyc10g019120.1	1	0
Solyc12g038690.1	1	0
Solyc11g021180.3	1	0
Solyc11g056540.1	1	0
Solyc10g019130.3	1	0
Solyc12g160810.1	1	0
Solyc11g006590.2	1.0	0
Solyc12g007250.1	1	0
Solyc12g015890.1	1	0
Solyc12g160820.1	1	0
Solyc12g007260.2	1	0
Solyc12g038720.1	1	0
Solyc12g038730.1	1	0
Solyc11g160460.1	1	0
Solyc09g150142.2	1	0
Solyc11g056630.1	1	0
Solyc11g160470.1	1	0
Solyc12g056330.1	1	0
Solyc12g015923.1	1	0
Solyc12g160850.1	1	0
Solyc11g160490.1	1	0
Solyc12g160860.1	1	0
Solyc10g050490.1	1	0
Solyc11g160500.1	1	0
Solyc09g150146.1	1	0
Solyc12g160870.1	1	0
Solyc11g160510.1	1	0
Solyc10g050500.3	1	0
Solyc12g160880.1	1	0
Solyc12g016000.1	1	0
Solyc12g160890.1	1	0
Solyc11g160520.1	1	0
Solyc11g056660.1	1	0
Solyc12g016010.3	1	0
Solyc10g019200.3	1	0
Solyc12g038840.3	1	0
Solyc11g160530.1	1	0
Solyc12g016020.3	1	0
Solyc09g150148.2	1	0
Solyc10g160010.1	1	0
Solyc12g016030.3	1	0
Solyc11g006660.4	1.0	0
Solyc11g021240.4	1.0	0
Solyc10g019205.1	1	0
Solyc10g160020.1	1	0
Solyc12g038860.1	1	0
Solyc10g160030.1	1	0
Solyc11g021260.1	1.0	0
Solyc10g019210.1	1	0
Solyc12g016050.1	1	0
Solyc10g019220.1	1	0
Solyc11g160550.1	1	0
Solyc12g160920.1	1	0
Solyc10g160050.1	1	0
Solyc11g068810.2	1.0	0
Solyc10g160060.1	1	0
Solyc10g019227.1	1	0
Solyc12g160930.1	1	0
Solyc10g160070.1	1	0
Solyc10g019230.3	1	0
Solyc12g016090.1	1	0
Solyc12g038900.1	1	0
Solyc11g160570.1	1	0
Solyc11g068835.2	1	0
Solyc12g160950.1	1	0
Solyc12g038910.1	1	0
Solyc11g061710.1	1	0
Solyc11g068850.2	1	0
Solyc12g016120.4	1	0
Solyc12g016125.2	1	0
Solyc11g160590.1	1	0
Solyc12g160980.1	1	0
Solyc12g016130.1	1	0
Solyc10g160120.1	1	0
Solyc12g038950.3	1	0
Solyc09g160010.1	1	0
Solyc12g160990.1	1	0
Solyc12g016140.1	1	0
Solyc09g089830.4	1	0
Solyc11g160600.1	1	0
Solyc12g161000.1	1	0
Solyc12g016143.1	1	0
Solyc09g089840.3	1	0
Solyc12g161010.1	1	0
Solyc11g160610.1	1	0
Solyc10g050590.1	1	0
Solyc12g161020.1	1	0
Solyc10g160140.1	1	0
Solyc10g050600.1	1	0
Solyc09g160030.1	1	0
Solyc11g160620.1	1	0
Solyc12g161030.1	1	0
Solyc10g050610.1	1	0
Solyc12g161040.1	1	0
Solyc09g160040.1	1	0
Solyc10g050620.1	1	0
Solyc11g160630.1	1	0
Solyc12g016170.1	1	0
Solyc10g050630.1	1	0
Solyc11g006740.4	1.0	0
Solyc12g016180.1	1	0
Solyc09g160050.1	1.0	0
Solyc10g050640.1	1	0
Solyc12g161060.1	1	0
Solyc09g160060.1	1	0
Solyc10g160160.1	1	0
Solyc12g161070.1	1	0
Solyc12g161080.1	1	0
Solyc11g022410.1	1	0
Solyc10g160170.1	1	0
Solyc11g061772.2	1	0
Solyc11g160650.1	1	0
Solyc12g161090.1	1	0
Solyc11g022420.3	1	0
Solyc10g160180.1	1	0
Solyc10g024337.2	1	0
Solyc11g061780.3	1	0
Solyc12g161100.1	1	0
Solyc10g050710.1	1	0
Solyc11g160660.1	1	0
Solyc12g056500.2	1.0	0
Solyc12g161110.1	1	0
Solyc11g061785.1	1	0
Solyc09g089920.1	1	0
Solyc12g161120.1	1	0
Solyc11g160670.1	1	0
Solyc11g061790.1	1	0
Solyc12g039045.2	1	0
Solyc11g160680.1	1	0
Solyc10g160200.1	1	0
Solyc09g160090.1	1	0
Solyc11g061800.1	1	0
Solyc12g161140.1	1	0
Solyc10g050740.1	1	0
Solyc10g024350.3	1	0
Solyc11g061810.3	1	0
Solyc11g160690.1	1	0
Solyc09g160100.1	1	0
Solyc11g061817.1	1	0
Solyc11g160700.1	1	0
Solyc11g061830.1	1	0
Solyc11g022465.1	1	0
Solyc12g161160.1	1	0
Solyc11g160710.1	1	0
Solyc11g061835.2	1	0
Solyc10g050760.2	1	0
Solyc09g160120.1	1	0
Solyc11g061840.2	1	0
Solyc11g160730.1	1	0
Solyc11g006810.1	1	0
Solyc12g161180.1	1	0
Solyc09g160130.1	1	0
Solyc09g089960.1	1	0
Solyc11g061850.1	1	0
Solyc11g160740.1	1	0
Solyc12g161190.1	1	0
Solyc09g160140.1	1	0
Solyc10g160250.1	1	0
Solyc11g160750.1	1	0
Solyc10g007440.3	1.0	0
Solyc11g061860.1	1	0
Solyc10g050773.1	1	0
Solyc09g089970.1	1	0
Solyc11g160760.1	1	0
Solyc10g024380.1	1	0
Solyc11g022490.1	1	0
Solyc09g160150.1	1	0
Solyc11g160770.1	1	0
Solyc11g061870.3	1	0
Solyc11g160780.1	1	0
Solyc12g161210.1	1	0
Solyc11g022500.1	1	0
Solyc09g160160.1	1	0
Solyc11g160790.1	1	0
Solyc11g061880.1	1	0
Solyc10g160270.1	1	0
Solyc12g161220.1	1	0
Solyc11g160800.1	1	0
Solyc09g160170.1	1	0
Solyc11g061890.3	1	0
Solyc11g160810.1	1	0
Solyc10g076770.1	1	0
Solyc11g160820.1	1	0
Solyc12g039140.1	1	0
Solyc11g061900.1	1	0
Solyc11g160830.1	1	0
Solyc12g161240.1	1	0
Solyc10g160290.1	1	0
Solyc12g161250.1	1	0
Solyc11g061910.1	1	0
Solyc09g160190.1	1	0
Solyc12g161260.1	1	0
Solyc11g160850.1	1	0
Solyc10g160300.1	1	0
Solyc11g061913.2	1	0
Solyc11g160860.1	1	0
Solyc12g161270.1	1	0
Solyc10g024430.1	1	0
Solyc11g061917.2	1	0
Solyc10g024440.1	1	0
Solyc11g160880.1	1	0
Solyc11g061920.3	1	0
Solyc09g160210.1	1	0
Solyc10g160320.1	1	0
Solyc12g039200.1	1	0
Solyc11g160890.1	1	0
Solyc10g024460.1	1	0
Solyc10g160330.1	1	0
Solyc11g160900.1	1	0
Solyc11g061930.1	1	0
Solyc12g039215.2	1	0
Solyc11g022610.1	1	0
Solyc11g160910.1	1	0
Solyc12g161300.1	1	0
Solyc11g061940.1	1	0
Solyc11g160920.1	1	0
Solyc10g160350.1	1	0
Solyc12g040210.2	1	0
Solyc11g022620.1	1	0
Solyc11g160930.1	1	0
Solyc09g160230.1	1	0
Solyc11g061950.1	1	0
Solyc10g024480.1	1	0
Solyc11g160940.1	1	0
Solyc11g160950.1	1	0
Solyc11g069020.4	1.0	0
Solyc09g090050.4	1.0	0
Solyc10g076850.1	1	0
Solyc11g160960.1	1	0
Solyc12g161330.1	1	0
Solyc12g040240.1	1	0
Solyc12g161340.1	1	0
Solyc12g017350.2	1	0
Solyc11g061980.2	1	0
Solyc11g160980.1	1	0
Solyc10g160400.1	1	0
Solyc12g056670.1	1	0
Solyc11g160990.1	1	0
Solyc10g160410.1	1	0
Solyc10g032560.1	1	0
Solyc12g040255.1	1	0
Solyc12g056671.2	1	0
Solyc12g161370.1	1	0
Solyc10g160420.1	1	0
Solyc11g161000.1	1	0
Solyc10g050940.1	1	0
Solyc10g032563.1	1	0
Solyc12g040280.3	1	0
Solyc10g160430.1	1	0
Solyc09g160270.1	1	0
Solyc10g050950.1	1	0
Solyc10g160440.1	1	0
Solyc11g161010.1	1	0
Solyc12g161390.1	1	0
Solyc10g032565.1	1	0
Solyc12g040300.3	1	0
Solyc12g161400.1	1	0
Solyc10g007580.1	1.0	0
Solyc11g161020.1	1	0
Solyc12g040305.2	1	0
Solyc11g027880.2	1.0	0
Solyc10g160460.1	1	0
Solyc10g081940.2	1.0	0
Solyc11g161030.1	1	0
Solyc10g160470.1	1	0
Solyc09g160290.1	1	0
Solyc12g040310.1	1	0
Solyc10g160480.1	1	0
Solyc11g161040.1	1	0
Solyc10g036640.3	1	0
Solyc11g027890.3	1	0
Solyc10g160490.1	1	0
Solyc10g036660.1	1	0
Solyc10g160500.1	1	0
Solyc11g161050.1	1	0
Solyc12g017400.3	1	0
Solyc10g036770.1	1	0
Solyc11g062040.1	1	0
Solyc11g027910.1	1	0
Solyc10g036810.1	1	0
Solyc11g161060.1	1	0
Solyc09g160310.1	1	0
Solyc12g161440.1	1	0
Solyc10g036820.1	1	0
Solyc10g036830.1	1	0
Solyc10g081990.1	1	0
Solyc11g027930.2	1	0
Solyc10g036840.1	1	0
Solyc10g076945.1	1	0
Solyc10g037850.1	1	0
Solyc12g040360.2	1.0	0
Solyc10g076960.2	1	0
Solyc10g037860.1	1	0
Solyc11g161080.1	1	0
Solyc09g160330.1	1	0
Solyc12g161460.1	1	0
Solyc10g082010.1	1	0
Solyc10g037870.1	1	0
Solyc09g160340.1	1	0
Solyc12g161470.1	1	0
Solyc11g027937.2	1	0
Solyc12g161480.1	1	0
Solyc12g017440.1	1	0
Solyc11g161100.1	1	0
Solyc12g040370.1	1	0
Solyc09g160360.1	1	0
Solyc10g160550.1	1	0
Solyc10g051120.3	1.0	0
Solyc11g027980.3	1	0
Solyc12g161490.1	1	0
Solyc11g062140.1	1	0
Solyc11g161120.1	1	0
Solyc10g160560.1	1	0
Solyc12g161500.1	1	0
Solyc11g161130.1	1	0
Solyc09g090170.1	1	0
Solyc10g160570.1	1	0
Solyc12g161510.1	1	0
Solyc12g040400.1	1	0
Solyc09g160390.1	1	0
Solyc10g037920.1	1	0
Solyc10g160580.1	1	0
Solyc11g062180.1	1	0
Solyc12g161520.1	1	0
Solyc12g040440.2	1	0
Solyc10g160590.1	1	0
Solyc11g161160.1	1	0
Solyc09g160400.1	1	0
Solyc10g160600.1	1	0
Solyc11g161170.1	1	0
Solyc11g062230.1	1	0
Solyc10g160610.1	1	0
Solyc12g056780.2	1.0	0
Solyc09g160420.1	1	0
Solyc12g161550.1	1	0
Solyc11g161190.1	1	0
Solyc10g051160.3	1	0
Solyc10g037990.1	1	0
Solyc12g161560.1	1	0
Solyc10g160630.1	1	0
Solyc12g161570.1	1	0
Solyc09g160440.1	1	0
Solyc10g160640.1	1	0
Solyc11g011920.2	1.0	0
Solyc11g161210.1	1	0
Solyc12g161580.1	1	0
Solyc10g051180.1	1	0
Solyc10g160650.1	1	0
Solyc09g160450.1	1	0
Solyc10g038030.3	1	0
Solyc12g040490.1	1	0
Solyc12g096440.1	1	0
Solyc11g028110.1	1	0
Solyc11g161220.1	1	0
Solyc12g161590.1	1	0
Solyc09g160460.1	1	0
Solyc10g160660.1	1	0
Solyc11g028120.1	1	0
Solyc11g062270.2	1.0	0
Solyc11g161230.1	1	0
Solyc12g161600.1	1	0
Solyc10g160670.1	1	0
Solyc11g161240.1	1	0
Solyc12g161610.1	1	0
Solyc10g160680.1	1	0
Solyc09g160480.1	1	0
Solyc11g161250.1	1	0
Solyc12g161620.1	1	0
Solyc10g160690.1	1	0
Solyc11g028160.1	1	0
Solyc11g007150.2	1	0
Solyc10g083070.1	1	0
Solyc10g051215.1	1.0	0
Solyc10g160700.1	1	0
Solyc12g040530.1	1	0
Solyc10g083090.1	1	0
Solyc11g161260.1	1	0
Solyc12g008860.3	1.0	0
Solyc12g040535.1	1	0
Solyc10g160710.1	1	0
Solyc12g161640.1	1	0
Solyc11g161270.1	1	0
Solyc10g160720.1	1	0
Solyc11g069200.1	1	0
Solyc12g161650.1	1	0
Solyc09g160510.1	1	0
Solyc12g040620.1	1	0
Solyc12g017660.3	1	0
Solyc12g161660.1	1	0
Solyc09g160520.1	1	0
Solyc10g038140.1	1	0
Solyc11g161290.1	1	0
Solyc12g161670.1	1	0
Solyc10g160740.1	1	0
Solyc09g090310.3	1.0	0
Solyc11g028210.1	1	0
Solyc09g160530.1	1	0
Solyc11g161300.1	1	0
Solyc11g028213.1	1	0
Solyc10g160750.1	1	0
Solyc11g062340.1	1	0
Solyc11g161310.1	1	0
Solyc12g008930.3	1.0	0
Solyc11g028270.1	1	0
Solyc12g161690.1	1	0
Solyc11g161320.1	1	0
Solyc10g038183.1	1.0	0
Solyc09g160550.1	1	0
Solyc12g017710.1	1	0
Solyc12g017720.1	1	0
Solyc11g028315.2	1	0
Solyc12g056970.1	1	0
Solyc12g017730.1	1	0
Solyc12g017740.1	1	0
Solyc12g161710.1	1	0
Solyc11g007240.1	1	0
Solyc11g161340.1	1	0
Solyc12g017760.3	1	0
Solyc12g161720.1	1	0
Solyc12g017770.1	1	0
Solyc10g160790.1	1	0
Solyc10g039197.2	1	0
Solyc09g160580.1	1	0
Solyc12g040750.1	1	0
Solyc12g017780.3	1	0
Solyc10g160800.1	1	0
Solyc11g161360.1	1	0
Solyc09g160590.1	1	0
Solyc12g040780.1	1	0
Solyc12g017790.1	1	0
Solyc12g161740.1	1	0
Solyc10g160810.1	1	0
Solyc11g028350.1	1	0
Solyc11g161370.1	1	0
Solyc10g007820.3	1.0	0
Solyc10g160820.1	1	0
Solyc12g017800.4	1	0
Solyc12g161750.1	1	0
Solyc11g161380.1	1	0
Solyc09g160610.1	1	0
Solyc12g161760.1	1	0
Solyc11g161390.1	1	0
Solyc10g160840.1	1	0
Solyc11g030383.1	1	0
Solyc09g160620.1	1	0
Solyc12g161770.1	1	0
Solyc10g160850.1	1	0
Solyc11g030387.1	1	0
Solyc09g160630.1	1	0
Solyc12g161780.1	1	0
Solyc09g160640.1	1	0
Solyc10g160860.1	1	0
Solyc11g062420.2	1	0
Solyc09g160650.1	1	0
Solyc12g161790.1	1	0
Solyc11g161410.1	1	0
Solyc10g051360.1	1	0
Solyc09g160660.1	1	0
Solyc11g161420.1	1	0
Solyc11g030470.1	1	0
Solyc10g051370.3	1	0
Solyc11g161430.1	1	0
Solyc09g160680.1	1	0
Solyc10g160880.1	1	0
Solyc12g040813.1	1	0
Solyc09g160690.1	1	0
Solyc11g161440.1	1	0
Solyc10g160890.1	1	0
Solyc12g096680.1	1.0	0
Solyc11g063440.3	1	0
Solyc11g030555.1	1	0
Solyc12g161820.1	1	0
Solyc11g030557.1	1	0
Solyc11g063460.3	1	0
Solyc12g161830.1	1	0
Solyc11g161460.1	1	0
Solyc10g160910.1	1	0
Solyc11g030560.1	1	0
Solyc11g063470.1	1	0
Solyc12g161840.1	1	0
Solyc10g160920.1	1	0
Solyc11g030570.1	1	0
Solyc12g161850.1	1	0
Solyc12g161860.1	1	0
Solyc10g160930.1	1	0
Solyc12g017887.1	1	0
Solyc12g161870.1	1	0
Solyc09g160750.1	1	0
Solyc11g030590.1	1	0
Solyc12g161890.1	1	0
Solyc11g161490.1	1	0
Solyc11g030640.1	1	0
Solyc12g161910.1	1	0
Solyc11g030645.1	1	0
Solyc12g161920.1	1	0
Solyc10g160960.1	1	0
Solyc11g030647.2	1	0
Solyc12g161930.1	1	0
Solyc11g161510.1	1	0
Solyc12g161940.1	1	0
Solyc10g160970.1	1	0
Solyc11g161520.1	1	0
Solyc10g160980.1	1	0
Solyc11g161530.1	1	0
Solyc11g007440.1	1	0
Solyc11g161540.1	1	0
Solyc11g012200.3	1.0	0
Solyc12g161980.1	1	0
Solyc11g161550.1	1	0
Solyc11g030760.1	1	0
Solyc10g083310.2	1.0	0
Solyc11g030770.1	1	0
Solyc12g042012.2	1	0
Solyc11g161560.1	1	0
Solyc11g030780.1	1	0
Solyc12g042015.1	1	0
Solyc12g162000.1	1	0
Solyc11g030790.3	1	0
Solyc11g161570.1	1	0
Solyc12g042020.3	1	0
Solyc11g030800.1	1	0
Solyc11g012220.1	1.0	0
Solyc11g030810.1	1	0
Solyc11g161580.1	1	0
Solyc10g161020.1	1	0
Solyc11g030820.1	1	0
Solyc12g042035.1	1	0
Solyc11g161590.1	1	0
Solyc11g030830.1	1	0
Solyc12g042050.1	1	0
Solyc11g030840.1	1	0
Solyc12g042055.1	1	0
Solyc10g161030.1	1	0
Solyc11g030850.1	1	0
Solyc11g030860.3	1	0
Solyc12g162030.1	1	0
Solyc10g161040.1	1	0
Solyc11g161610.1	1	0
Solyc12g162040.1	1	0
Solyc10g161050.1	1	0
Solyc11g030880.1	1	0
Solyc11g063650.1	1	0
Solyc10g052640.4	1	0
Solyc11g161620.1	1	0
Solyc11g030890.3	1	0
Solyc12g162050.1	1	0
Solyc10g161060.1	1	0
Solyc11g030900.1	1	0
Solyc11g063660.1	1	0
Solyc10g161070.1	1	0
Solyc11g063670.1	1	0
Solyc10g161080.1	1	0
Solyc11g063680.1	1	0
Solyc12g062170.1	1	0
Solyc11g030920.1	1	0
Solyc11g030930.3	1	0
Solyc11g063690.3	1	0
Solyc12g062175.1	1	0
Solyc11g030935.1	1	0
Solyc11g161650.1	1	0
Solyc11g030940.4	1	0
Solyc11g063700.1	1	0
Solyc11g161660.1	1	0
Solyc11g063710.1	1	0
Solyc12g042190.1	1	0
Solyc12g062210.1	1	0
Solyc11g063720.1	1	0
Solyc12g019090.2	1	0
Solyc11g063730.4	1	0
Solyc11g031980.1	1	0
Solyc12g042230.3	1	0
Solyc11g031990.2	1	0
Solyc11g063740.3	1	0
Solyc12g162120.1	1	0
Solyc11g012350.1	1	0
Solyc11g032020.1	1	0
Solyc12g162140.1	1	0
Solyc12g042270.3	1	0
Solyc12g019144.1	1	0
Solyc12g162170.1	1	0
Solyc11g161730.1	1	0
Solyc12g019190.1	1	0
Solyc12g162190.1	1	0
Solyc12g019200.2	1	0
Solyc11g161740.1	1	0
Solyc12g019220.1	1	0
Solyc12g162200.1	1	0
Solyc12g062410.1	1	0
Solyc12g019240.3	1	0
Solyc12g162220.1	1	0
Solyc11g032140.1	1	0
Solyc12g062425.1	1	0
Solyc11g032160.1	1	0
Solyc12g062430.1	1	0
Solyc12g062440.1	1	0
Solyc11g032170.1	1	0
Solyc12g162250.1	1	0
Solyc11g161780.1	1	0
Solyc11g032180.1	1	0
Solyc12g062457.2	1	0
Solyc11g161790.1	1	0
Solyc12g019340.1	1	0
Solyc12g062470.3	1	0
Solyc11g161800.1	1	0
Solyc12g162300.1	1	0
Solyc11g161830.1	1	0
Solyc11g032230.3	1	0
Solyc12g162310.1	1	0
Solyc12g162320.1	1	0
Solyc12g062530.3	1	0
Solyc11g161850.1	1	0
Solyc12g019477.1	1	0
Solyc11g161860.1	1	0
Solyc12g062550.1	1	0
Solyc11g064980.1	1	0
Solyc12g162350.1	1	0
Solyc11g161870.1	1	0
Solyc12g062563.1	1	0
Solyc12g162360.1	1	0
Solyc11g161880.1	1	0
Solyc12g062567.1	1	0
Solyc12g062580.1	1	0
Solyc11g161890.1	1	0
Solyc12g062590.1	1	0
Solyc11g161900.1	1	0
Solyc12g019560.1	1.0	0
Solyc12g162390.1	1	0
Solyc12g062620.1	1	0
Solyc12g062630.1	1	0
Solyc12g062640.2	1	0
Solyc12g019623.2	1.0	0
Solyc12g062650.1	1	0
Solyc12g042505.1	1	0
Solyc12g162420.1	1	0
Solyc12g042510.2	1	0
Solyc12g162430.1	1	0
Solyc12g062700.1	1	0
Solyc11g161950.1	1	0
Solyc12g062730.3	1	0
Solyc11g161970.1	1	0
Solyc12g098270.1	1	0
Solyc11g161980.1	1	0
Solyc11g161990.1	1	0
Solyc12g098290.1	1	0
Solyc12g162470.1	1	0
Solyc12g098300.1	1	0
Solyc11g162010.1	1	0
Solyc12g162480.1	1	0
Solyc11g012665.1	1	0
Solyc11g162020.1	1	0
Solyc12g162490.1	1	0
Solyc12g162500.1	1	0
Solyc12g019790.1	1	0
Solyc12g019795.1	1	0
Solyc11g162050.1	1	0
Solyc12g162510.1	1	0
Solyc12g019810.1	1	0
Solyc12g019820.3	1	0
Solyc12g162520.1	1	0
Solyc12g019830.1	1	0
Solyc11g012705.3	1.0	0
Solyc12g019840.1	1	0
Solyc11g162080.1	1	0
Solyc11g162110.1	1	0
Solyc12g162550.1	1	0
Solyc12g062850.1	1	0
Solyc12g019900.2	1	0
Solyc12g019910.1	1	0
Solyc12g019920.1	1	0
Solyc12g019930.1	1	0
Solyc12g019940.1	1	0
Solyc12g019950.1	1	0
Solyc12g162600.1	1	0
Solyc12g098490.2	1.0	0
Solyc12g009910.1	1.0	0
Solyc11g012880.2	1.0	0
Solyc12g070110.1	1	0
Solyc12g070150.1	1	0
Solyc12g070153.1	1	0
Solyc11g012960.1	1	0
Solyc12g070210.1	1	0
Solyc12g077350.1	1	0
Solyc12g010077.2	1	0
Solyc12g077353.1	1	0
Solyc12g042860.3	1	0
Solyc12g098750.1	1	0
Solyc12g077600.1	1	0
Solyc12g077620.1	1	0
Solyc12g077630.1	1	0
Solyc12g098827.1	1	0
Solyc12g082700.1	1	0
Solyc12g082710.1	1	0
Solyc12g082763.1	1	0
Solyc12g082765.1	1	0
Solyc12g082767.1	1	0
Solyc12g082780.1	1	0
Solyc12g098930.3	1.0	0
Solyc12g099050.1	1	0
Solyc12g099150.1	1	0
